Date Time [CPU]User% [CPU]Nice% [CPU]Sys% [CPU]Wait% [CPU]Irq% [CPU]Soft% [CPU]Steal% [CPU]Idle% [CPU]Totl% [CPU]Guest% [CPU]GuestN% [CPU]Intrpt/sec [CPU]Ctx/sec [CPU]Proc/sec [CPU]ProcQue [CPU]ProcRun [CPU]L-Avg1 [CPU]L-Avg5 [CPU]L-Avg15 [CPU]RunTot [CPU]BlkTot
20230502 12:14:09.504 1 0 0 0 0 0 0 99 1 0 0 214 524 0 541 0 1.91 1.39 1.12 0 0
20230502 12:14:09.601 1 0 6 0 0 0 0 94 6 0 0 887 3928 0 541 0 1.91 1.39 1.12 0 0
20230502 12:14:09.704 0 0 0 0 0 0 0 100 0 0 0 1534 252 0 541 0 1.91 1.39 1.12 0 0
20230502 12:14:09.801 0 0 0 0 0 0 0 100 0 0 0 258 330 0 541 0 1.91 1.39 1.12 0 0
20230502 12:14:09.901 0 0 11 0 0 1 0 89 11 0 0 2870 5470 0 541 0 1.91 1.39 1.12 0 0
20230502 12:14:10.001 0 0 1 0 0 0 0 99 1 0 0 430 810 0 541 0 1.91 1.39 1.12 0 0
20230502 12:14:10.101 2 0 13 0 0 0 0 85 15 0 0 2910 10100 40 543 1 1.91 1.39 1.12 1 0
20230502 12:14:10.201 1 0 2 0 0 0 0 97 3 0 0 1750 2230 50 544 0 1.91 1.39 1.12 0 0
20230502 12:14:10.301 1 0 13 0 0 0 0 86 14 0 0 2570 8180 0 544 0 1.91 1.39 1.12 0 0
20230502 12:14:10.401 1 0 0 0 0 0 0 99 1 0 0 470 340 0 544 0 1.91 1.39 1.12 0 0
20230502 12:14:10.501 1 0 2 0 0 0 0 97 3 0 0 880 1490 30 545 1 1.91 1.39 1.12 1 0
20230502 12:14:10.601 1 0 6 0 0 0 0 92 8 0 0 1510 4990 0 544 0 1.91 1.39 1.12 2 0
20230502 12:14:10.701 0 0 1 0 0 0 0 99 1 0 0 1430 1010 0 544 0 1.91 1.39 1.12 0 0
20230502 12:14:10.801 0 0 0 0 0 1 0 99 1 0 0 370 640 0 544 0 1.91 1.39 1.12 0 0
20230502 12:14:10.901 4 0 16 0 0 0 0 80 20 0 0 3960 9080 50 547 2 1.91 1.39 1.12 2 0
20230502 12:14:11.001 7 0 6 0 0 0 0 87 13 0 0 3910 2040 0 547 2 1.91 1.39 1.12 2 0
20230502 12:14:11.101 8 0 16 0 0 1 0 76 24 0 0 4130 8920 0 547 2 1.91 1.39 1.12 2 0
20230502 12:14:11.201 6 0 6 0 0 0 0 87 13 0 0 4170 1480 30 544 2 1.91 1.39 1.12 3 0
20230502 12:14:11.301 7 0 22 0 0 0 0 71 29 0 0 4750 12200 0 544 2 1.91 1.39 1.12 2 0
20230502 12:14:11.401 6 0 7 0 0 0 0 87 13 0 0 4230 940 0 544 2 1.91 1.39 1.12 2 0
20230502 12:14:11.501 6 0 6 0 0 0 0 87 13 0 0 2700 380 0 544 2 1.91 1.39 1.12 2 0
20230502 12:14:11.601 7 0 11 0 0 0 0 82 18 0 0 2420 4890 0 544 2 1.91 1.39 1.12 2 0
20230502 12:14:11.701 7 0 5 0 0 4 0 84 16 0 0 4280 560 0 544 2 1.91 1.39 1.12 2 0
20230502 12:14:11.801 6 0 7 0 0 0 0 87 13 0 0 4210 880 0 544 2 1.91 1.39 1.12 2 0
20230502 12:14:11.901 8 0 14 0 0 0 0 77 23 0 0 4670 7720 120 547 2 1.91 1.39 1.12 2 0
20230502 12:14:12.001 7 0 7 0 0 0 0 86 14 0 0 4180 1000 0 547 2 1.91 1.39 1.12 2 0
20230502 12:14:12.101 8 0 11 0 0 0 0 80 20 0 0 4540 5530 0 547 2 1.91 1.39 1.12 2 0
20230502 12:14:12.201 6 0 7 0 0 0 0 87 13 0 0 4210 980 0 547 2 1.91 1.39 1.12 2 0
20230502 12:14:12.301 9 0 11 1 0 0 0 79 20 0 0 4870 8020 0 547 2 1.91 1.39 1.12 2 0
20230502 12:14:12.401 4 0 2 0 0 0 0 94 6 0 0 3330 3430 170 552 1 1.91 1.39 1.12 1 0
20230502 12:14:12.501 5 0 2 0 0 0 0 93 7 0 0 2280 2390 210 554 2 1.91 1.39 1.12 1 0
20230502 12:14:12.601 5 0 6 0 0 0 0 89 11 0 0 2000 5650 40 554 1 1.91 1.39 1.12 1 0
20230502 12:14:12.701 6 0 1 0 0 0 0 93 7 0 0 1300 760 0 554 1 1.91 1.39 1.12 1 0
20230502 12:14:12.801 6 0 1 0 0 0 0 93 7 0 0 760 880 30 555 1 1.91 1.39 1.12 1 0
20230502 12:14:12.901 6 0 9 0 0 1 0 84 16 0 0 3400 8050 100 551 1 1.91 1.39 1.12 1 0
20230502 12:14:13.001 6 0 1 0 0 1 0 92 8 0 0 1530 880 0 551 1 1.91 1.39 1.12 1 0
20230502 12:14:13.101 7 0 8 0 0 0 0 85 15 0 0 2710 6630 0 551 1 1.91 1.39 1.12 1 0
20230502 12:14:13.201 6 0 1 0 0 0 0 93 7 0 0 750 580 30 552 1 1.91 1.39 1.12 1 0
20230502 12:14:13.301 6 0 11 0 0 0 0 83 17 0 0 3360 10370 50 552 1 1.91 1.39 1.12 1 0
20230502 12:14:13.401 4 0 2 0 0 0 0 93 7 0 0 2400 1140 50 552 1 1.91 1.39 1.12 1 0
20230502 12:14:13.501 5 0 2 0 0 0 0 93 7 0 0 2230 2040 110 551 1 1.91 1.39 1.12 1 0
20230502 12:14:13.601 4 0 8 0 0 0 0 88 12 0 0 2720 4420 90 552 1 1.91 1.39 1.12 1 0
20230502 12:14:13.701 4 0 2 0 0 0 0 93 7 0 0 2410 1170 60 550 1 1.91 1.39 1.12 1 0
20230502 12:14:13.801 4 0 2 0 0 1 0 93 7 0 0 1800 980 60 552 1 1.91 1.39 1.12 1 0
20230502 12:14:13.901 6 0 12 0 0 0 0 82 18 0 0 3380 5870 50 552 1 1.91 1.39 1.12 1 0
20230502 12:14:14.001 5 0 2 0 0 1 0 93 7 0 0 1650 1370 70 551 1 1.76 1.37 1.12 1 0
20230502 12:14:14.101 5 0 9 0 0 0 0 86 14 0 0 3310 5920 50 551 1 1.76 1.37 1.12 1 0
20230502 12:14:14.201 4 0 3 0 0 0 0 94 6 0 0 1640 1200 50 551 1 1.76 1.37 1.12 1 0
20230502 12:14:14.301 7 0 11 0 0 0 0 81 19 0 0 3420 8200 80 552 1 1.76 1.37 1.12 1 0
20230502 12:14:14.401 4 0 2 0 0 1 0 93 7 0 0 2350 2320 220 550 1 1.76 1.37 1.12 1 0
20230502 12:14:14.501 6 0 2 0 0 1 0 91 9 0 0 2720 1190 80 554 2 1.76 1.37 1.12 2 0
20230502 12:14:14.601 6 0 8 0 0 1 0 85 15 0 0 4100 5500 80 554 1 1.76 1.37 1.12 1 0
20230502 12:14:14.701 6 0 2 0 0 0 0 93 7 0 0 2200 1590 40 554 1 1.76 1.37 1.12 2 0
20230502 12:14:14.801 6 0 1 0 0 0 0 93 7 0 0 660 670 0 554 1 1.76 1.37 1.12 1 0
20230502 12:14:14.901 6 0 11 0 0 0 0 83 17 0 0 3140 6570 0 554 1 1.76 1.37 1.12 1 0
20230502 12:14:15.001 6 0 1 0 0 0 0 93 7 0 0 670 740 20 555 1 1.76 1.37 1.12 1 0
20230502 12:14:15.101 6 0 8 0 0 1 0 86 14 0 0 3150 5820 30 554 1 1.76 1.37 1.12 1 0
20230502 12:14:15.201 6 0 1 0 0 0 0 93 7 0 0 620 610 0 554 1 1.76 1.37 1.12 1 0
20230502 12:14:15.301 8 0 9 0 0 0 0 83 17 0 0 2560 10780 260 555 2 1.76 1.37 1.12 2 0
20230502 12:14:15.401 5 0 2 0 0 0 0 93 7 0 0 1850 1080 50 553 1 1.76 1.37 1.12 1 0
20230502 12:14:15.501 6 0 1 0 0 0 0 94 6 0 0 1020 650 20 554 1 1.76 1.37 1.12 1 0
20230502 12:14:15.601 8 0 5 0 0 0 0 87 13 0 0 2060 3400 30 551 1 1.76 1.37 1.12 1 0
20230502 12:14:15.701 5 0 1 0 0 0 0 94 6 0 0 1270 400 10 551 1 1.76 1.37 1.12 1 0
20230502 12:14:15.801 4 0 3 0 0 1 0 93 7 0 0 1480 1020 50 552 1 1.76 1.37 1.12 1 0
20230502 12:14:15.901 6 0 12 0 0 0 0 82 18 0 0 4000 9750 360 552 1 1.76 1.37 1.12 1 0
20230502 12:14:16.001 6 0 1 0 0 0 0 93 7 0 0 1850 1520 30 551 1 1.76 1.37 1.12 1 0
20230502 12:14:16.101 4 0 11 0 0 1 0 84 16 0 0 3940 8250 360 548 1 1.76 1.37 1.12 1 0
20230502 12:14:16.201 7 0 0 0 0 0 0 93 7 0 0 1180 760 0 548 1 1.76 1.37 1.12 1 0
20230502 12:14:16.301 5 0 12 0 0 0 0 83 17 0 0 2600 11000 290 549 2 1.76 1.37 1.12 2 0
20230502 12:14:16.401 3 0 6 0 0 1 0 90 10 0 0 3130 3750 460 548 1 1.76 1.37 1.12 1 0
20230502 12:14:16.501 5 0 2 0 0 0 0 92 8 0 0 2790 1790 190 546 1 1.76 1.37 1.12 1 0
20230502 12:14:16.601 6 0 6 0 0 1 0 88 12 0 0 1730 3900 20 546 1 1.76 1.37 1.12 1 0
20230502 12:14:16.701 6 0 1 0 0 0 0 94 6 0 0 1470 660 0 546 1 1.76 1.37 1.12 1 0
20230502 12:14:16.801 6 0 1 0 0 0 0 93 7 0 0 550 380 0 546 1 1.76 1.37 1.12 1 0
20230502 12:14:16.901 9 0 9 0 0 1 0 81 19 0 0 3340 7720 140 549 1 1.76 1.37 1.12 1 0
20230502 12:14:17.001 6 0 1 0 0 0 0 93 7 0 0 920 700 0 549 1 1.76 1.37 1.12 1 0
20230502 12:14:17.101 7 0 6 0 0 0 0 87 13 0 0 2250 5820 0 549 1 1.76 1.37 1.12 1 0
20230502 12:14:17.201 6 0 1 0 0 0 0 93 7 0 0 520 360 0 549 1 1.76 1.37 1.12 1 0
20230502 12:14:17.301 7 0 6 0 0 0 0 87 13 0 0 3170 8490 30 549 1 1.76 1.37 1.12 1 0
20230502 12:14:17.401 6 0 1 0 0 0 0 92 8 0 0 940 1240 0 549 1 1.76 1.37 1.12 1 0
20230502 12:14:17.501 6 0 1 0 0 0 0 94 6 0 0 540 440 0 549 1 1.76 1.37 1.12 1 0
20230502 12:14:17.601 6 0 6 0 0 0 0 87 13 0 0 1130 4510 0 549 1 1.76 1.37 1.12 1 0
20230502 12:14:17.701 6 0 1 0 0 0 0 93 7 0 0 1290 320 0 549 1 1.76 1.37 1.12 1 0
20230502 12:14:17.801 6 0 1 0 0 0 0 93 7 0 0 520 280 0 549 1 1.76 1.37 1.12 1 0
20230502 12:14:17.901 7 0 10 0 0 0 0 83 17 0 0 3020 7640 60 549 2 1.76 1.37 1.12 2 0
20230502 12:14:18.001 7 0 1 0 0 0 0 92 8 0 0 1780 1390 70 546 1 1.76 1.37 1.12 1 0
20230502 12:14:18.101 3 0 11 0 0 0 0 86 14 0 0 3810 6520 30 547 1 1.76 1.37 1.12 1 0
20230502 12:14:18.201 4 0 3 0 0 0 0 93 7 0 0 1100 990 0 547 1 1.76 1.37 1.12 1 0
20230502 12:14:18.301 5 0 11 0 0 0 0 84 16 0 0 2510 8610 0 547 1 1.76 1.37 1.12 1 0
20230502 12:14:18.401 4 0 2 0 0 0 0 94 6 0 0 570 260 0 547 1 1.76 1.37 1.12 1 0
20230502 12:14:18.501 4 0 2 0 0 0 0 93 7 0 0 490 240 0 547 1 1.76 1.37 1.12 1 0
20230502 12:14:18.601 5 0 8 0 0 0 0 87 13 0 0 1120 3970 0 547 1 1.76 1.37 1.12 1 0
20230502 12:14:18.701 6 0 1 0 0 0 0 94 6 0 0 1460 360 0 547 1 1.76 1.37 1.12 1 0
20230502 12:14:18.801 7 0 0 0 0 0 0 93 7 0 0 540 300 0 547 1 1.76 1.37 1.12 1 0
20230502 12:14:18.901 6 0 10 0 0 0 0 84 16 0 0 2690 5350 0 547 1 1.76 1.37 1.12 1 0
20230502 12:14:19.001 3 0 4 0 0 0 0 93 7 0 0 520 500 0 547 1 1.70 1.36 1.12 1 0
20230502 12:14:19.101 1 0 13 0 0 0 0 86 14 0 0 3850 5620 0 547 1 1.70 1.36 1.12 1 0
20230502 12:14:19.201 6 0 0 0 0 1 0 93 7 0 0 1750 560 0 547 1 1.70 1.36 1.12 1 0
20230502 12:14:19.301 7 0 10 0 0 0 0 83 17 0 0 2470 9380 0 547 1 1.70 1.36 1.12 1 0
20230502 12:14:19.401 7 0 0 0 0 0 0 93 7 0 0 620 350 0 547 1 1.70 1.36 1.12 1 0
20230502 12:14:19.501 6 0 1 0 0 0 0 93 7 0 0 400 180 0 547 1 1.70 1.36 1.12 1 0
20230502 12:14:19.601 7 0 6 0 0 0 0 87 13 0 0 980 4020 0 547 1 1.70 1.36 1.12 5 0
20230502 12:14:19.701 6 0 0 0 0 0 0 94 6 0 0 1570 440 0 547 1 1.70 1.36 1.12 1 0
20230502 12:14:19.801 6 0 0 0 0 0 0 94 6 0 0 450 180 0 547 1 1.70 1.36 1.12 1 0
20230502 12:14:19.901 7 0 9 0 0 0 0 83 17 0 0 2810 7290 0 547 1 1.70 1.36 1.12 1 0
20230502 12:14:20.001 6 0 0 0 0 0 0 94 6 0 0 520 500 0 547 1 1.70 1.36 1.12 1 0
20230502 12:14:20.101 7 0 8 0 0 0 0 85 15 0 0 2210 5630 0 547 1 1.70 1.36 1.12 1 0
20230502 12:14:20.201 6 0 0 0 0 0 0 94 6 0 0 490 330 0 547 1 1.70 1.36 1.12 1 0
20230502 12:14:20.301 8 0 8 1 0 0 0 84 15 0 0 3330 9930 0 547 2 1.70 1.36 1.12 2 0
20230502 12:14:20.401 7 0 1 0 0 0 0 92 8 0 0 1110 1280 0 547 1 1.70 1.36 1.12 1 0
20230502 12:14:20.501 7 0 1 0 0 0 0 92 8 0 0 560 820 0 547 1 1.70 1.36 1.12 1 0
20230502 12:14:20.601 7 0 8 0 0 0 0 86 14 0 0 1250 6770 0 547 1 1.70 1.36 1.12 1 0
20230502 12:14:20.701 6 0 1 0 0 0 0 93 7 0 0 1270 680 0 547 1 1.70 1.36 1.12 1 0
20230502 12:14:20.801 7 0 1 0 0 0 0 92 8 0 0 650 940 0 547 1 1.70 1.36 1.12 1 0
20230502 12:14:20.901 7 0 10 0 0 0 0 83 17 0 0 2680 8350 0 547 1 1.70 1.36 1.12 1 0
20230502 12:14:21.001 9 0 1 0 0 0 0 90 10 0 0 900 1560 0 547 1 1.70 1.36 1.12 1 0
20230502 12:14:21.101 7 0 6 0 0 1 0 86 14 0 0 2430 6170 0 547 1 1.70 1.36 1.12 2 0
20230502 12:14:21.201 7 0 1 0 0 0 0 91 9 0 0 700 1030 0 547 1 1.70 1.36 1.12 1 0
20230502 12:14:21.301 8 0 11 0 0 0 0 82 18 0 0 2550 9680 0 547 1 1.70 1.36 1.12 1 0
20230502 12:14:21.401 6 0 1 0 0 0 0 93 7 0 0 920 980 0 547 2 1.70 1.36 1.12 2 0
20230502 12:14:21.501 7 0 1 0 0 0 0 92 8 0 0 580 1100 0 547 1 1.70 1.36 1.12 1 0
20230502 12:14:21.601 8 0 7 0 0 0 0 86 14 0 0 1060 4810 0 547 1 1.70 1.36 1.12 4 0
20230502 12:14:21.701 7 0 1 0 0 0 0 92 8 0 0 1520 1850 0 547 1 1.70 1.36 1.12 1 0
20230502 12:14:21.801 6 0 1 0 0 0 0 93 7 0 0 550 1000 0 547 1 1.70 1.36 1.12 1 0
20230502 12:14:21.901 10 0 10 0 0 1 0 79 21 0 0 3920 9180 150 550 1 1.70 1.36 1.12 1 0
20230502 12:14:22.001 6 0 1 0 0 1 0 92 8 0 0 2030 1100 0 550 2 1.70 1.36 1.12 1 0
20230502 12:14:22.101 8 0 8 0 0 0 0 84 16 0 0 2540 5780 0 550 2 1.70 1.36 1.12 1 0
20230502 12:14:22.201 6 0 1 0 0 0 0 93 7 0 0 580 700 0 550 1 1.70 1.36 1.12 1 0
20230502 12:14:22.301 9 0 11 0 0 0 0 81 19 0 0 3060 8130 30 550 1 1.70 1.36 1.12 1 0
20230502 12:14:22.401 7 0 1 0 0 0 0 92 8 0 0 1400 2120 0 550 1 1.70 1.36 1.12 1 0
20230502 12:14:22.501 7 0 1 0 0 0 0 92 8 0 0 700 1060 0 550 1 1.70 1.36 1.12 1 0
20230502 12:14:22.601 8 0 7 0 0 0 0 86 14 0 0 1170 4050 0 550 2 1.70 1.36 1.12 5 0
20230502 12:14:22.701 6 0 1 0 0 0 0 93 7 0 0 1480 1050 0 550 1 1.70 1.36 1.12 1 0
20230502 12:14:22.801 8 0 0 0 0 0 0 92 8 0 0 540 900 0 550 1 1.70 1.36 1.12 1 0
20230502 12:14:22.901 9 0 9 0 0 0 0 82 18 0 0 2830 8450 40 550 4 1.70 1.36 1.12 2 0
20230502 12:14:23.001 7 0 2 0 0 1 0 91 9 0 0 2670 2580 110 547 1 1.70 1.36 1.12 1 0
20230502 12:14:23.101 7 0 10 0 0 0 0 83 17 0 0 2580 7020 0 547 1 1.70 1.36 1.12 2 0
20230502 12:14:23.201 8 0 0 0 0 0 0 92 8 0 0 580 1400 0 547 1 1.70 1.36 1.12 2 0
20230502 12:14:23.301 9 0 9 0 0 0 0 82 18 0 0 2720 10400 0 547 1 1.70 1.36 1.12 1 0
20230502 12:14:23.401 7 0 1 0 0 0 0 92 8 0 0 890 1970 0 547 1 1.70 1.36 1.12 2 0
20230502 12:14:23.501 6 0 2 0 0 0 0 92 8 0 0 650 1090 0 547 1 1.70 1.36 1.12 1 0
20230502 12:14:23.601 4 0 9 0 0 1 0 86 14 0 0 1130 4110 0 547 1 1.70 1.36 1.12 4 0
20230502 12:14:23.701 6 0 1 0 0 0 0 93 7 0 0 1610 870 0 547 1 1.70 1.36 1.12 1 0
20230502 12:14:23.801 6 0 0 0 0 0 0 94 6 0 0 480 240 0 547 1 1.70 1.36 1.12 1 0
20230502 12:14:23.901 7 0 9 0 0 0 0 84 16 0 0 2820 6260 0 547 1 1.70 1.36 1.12 1 0
20230502 12:14:24.001 6 0 1 0 0 0 0 93 7 0 0 560 560 0 547 1 1.64 1.36 1.12 1 0
20230502 12:14:24.101 5 0 10 0 0 0 0 85 15 0 0 2900 6480 0 547 1 1.64 1.36 1.12 1 0
20230502 12:14:24.201 3 0 2 2 0 0 0 92 6 0 0 2570 5150 370 565 2 1.64 1.36 1.12 2 0
20230502 12:14:24.301 10 0 12 0 0 0 0 78 22 0 0 3460 9540 0 565 2 1.64 1.36 1.12 3 0
20230502 12:14:24.401 11 0 4 0 0 0 0 86 14 0 0 1900 3600 0 565 2 1.64 1.36 1.12 2 0
20230502 12:14:24.501 12 0 1 0 0 1 0 86 14 0 0 1680 3000 0 565 2 1.64 1.36 1.12 2 0
20230502 12:14:24.601 11 0 7 0 0 1 0 81 19 0 0 2330 6310 0 565 2 1.64 1.36 1.12 2 0
20230502 12:14:24.701 10 0 3 0 0 1 0 86 14 0 0 2530 2920 0 565 2 1.64 1.36 1.12 2 0
20230502 12:14:24.801 9 0 4 0 0 0 0 87 13 0 0 1690 3020 0 565 2 1.64 1.36 1.12 2 0
20230502 12:14:24.901 12 0 9 0 0 0 0 79 21 0 0 3400 9390 0 565 2 1.64 1.36 1.12 2 0
20230502 12:14:25.001 12 0 2 0 0 0 0 86 14 0 0 1720 3250 0 565 2 1.64 1.36 1.12 2 0
20230502 12:14:25.101 11 0 10 0 0 2 0 77 23 0 0 3420 9220 0 565 2 1.64 1.36 1.12 2 0
20230502 12:14:25.201 11 0 2 0 0 0 0 87 13 0 0 1800 3650 0 565 2 1.64 1.36 1.12 2 0
20230502 12:14:25.301 12 0 10 0 0 1 0 77 23 0 0 3730 11120 0 565 2 1.64 1.36 1.12 2 0
20230502 12:14:25.401 11 0 4 3 0 0 0 83 14 0 0 2870 3520 0 565 2 1.64 1.36 1.12 2 1
20230502 12:14:25.501 11 0 4 4 0 0 0 80 15 0 0 2600 3470 0 565 2 1.64 1.36 1.12 2 1
20230502 12:14:25.601 11 0 10 2 0 0 0 77 22 0 0 3610 6900 0 565 3 1.64 1.36 1.12 3 0
20230502 12:14:25.701 10 0 4 4 0 1 0 81 15 0 0 3900 3450 0 565 2 1.64 1.36 1.12 2 1
20230502 12:14:25.801 12 0 3 3 0 1 0 81 16 0 0 3700 3920 0 565 2 1.64 1.36 1.12 2 0
20230502 12:14:25.901 13 0 8 0 0 0 0 79 21 0 0 3860 9900 0 565 2 1.64 1.36 1.12 2 0
20230502 12:14:26.001 11 0 2 0 0 1 0 86 14 0 0 1880 3650 0 565 2 1.64 1.36 1.12 3 0
20230502 12:14:26.101 12 0 10 0 0 0 0 78 22 0 0 3410 9890 0 565 2 1.64 1.36 1.12 2 0
20230502 12:14:26.201 12 0 3 0 0 1 0 85 15 0 0 1830 3520 0 565 2 1.64 1.36 1.12 2 0
20230502 12:14:26.301 12 0 9 0 0 1 0 78 22 0 0 3500 9000 0 565 2 1.64 1.36 1.12 2 0
20230502 12:14:26.401 11 0 3 0 0 1 0 86 14 0 0 1960 3280 0 565 2 1.64 1.36 1.12 2 0
20230502 12:14:26.501 12 0 1 0 0 0 0 86 14 0 0 1700 3040 0 565 3 1.64 1.36 1.12 2 0
20230502 12:14:26.601 13 0 7 0 0 1 0 79 21 0 0 2270 6200 0 565 2 1.64 1.36 1.12 2 0
20230502 12:14:26.701 10 0 2 0 0 1 0 87 13 0 0 2640 2760 0 565 2 1.64 1.36 1.12 2 0
20230502 12:14:26.801 11 0 2 0 0 1 0 86 14 0 0 1470 2120 0 565 2 1.64 1.36 1.12 2 0
20230502 12:14:26.901 14 0 11 0 0 1 0 75 25 0 0 4260 11420 120 568 2 1.64 1.36 1.12 2 0
20230502 12:14:27.001 12 0 2 0 0 0 0 86 14 0 0 2300 3120 0 568 2 1.64 1.36 1.12 2 0
20230502 12:14:27.101 11 0 11 0 0 0 0 78 22 0 0 3720 9650 0 568 2 1.64 1.36 1.12 4 0
20230502 12:14:27.201 11 0 2 0 0 1 0 86 14 0 0 1710 3070 0 568 2 1.64 1.36 1.12 2 0
20230502 12:14:27.301 14 0 9 0 0 0 0 77 23 0 0 3680 10180 0 568 3 1.64 1.36 1.12 3 0
20230502 12:14:27.401 12 0 4 0 0 1 0 83 17 0 0 3100 4740 30 568 3 1.64 1.36 1.12 2 0
20230502 12:14:27.501 12 0 2 0 0 0 0 86 14 0 0 1830 3290 0 568 2 1.64 1.36 1.12 3 0
20230502 12:14:27.601 12 0 6 0 0 0 0 82 18 0 0 2250 6540 0 568 2 1.64 1.36 1.12 2 0
20230502 12:14:27.701 12 0 2 0 0 1 0 85 15 0 0 2810 3460 0 568 2 1.64 1.36 1.12 2 0
20230502 12:14:27.801 11 0 2 0 0 0 0 87 13 0 0 1680 3100 0 568 2 1.64 1.36 1.12 2 0
20230502 12:14:27.901 12 0 10 0 0 0 0 78 22 0 0 3980 10280 50 568 3 1.64 1.36 1.12 3 0
20230502 12:14:28.001 12 0 3 0 0 1 0 84 16 0 0 3930 3730 40 565 2 1.64 1.36 1.12 4 0
20230502 12:14:28.101 12 0 8 0 0 1 0 79 21 0 0 3440 9560 0 565 2 1.64 1.36 1.12 2 0
20230502 12:14:28.201 11 0 2 0 0 1 0 85 15 0 0 1740 3270 0 565 2 1.64 1.36 1.12 3 0
20230502 12:14:28.301 13 0 8 0 0 1 0 79 21 0 0 3630 9620 0 565 2 1.64 1.36 1.12 2 0
20230502 12:14:28.401 12 0 2 0 0 1 0 85 15 0 0 1850 3260 0 565 2 1.64 1.36 1.12 2 0
20230502 12:14:28.501 11 0 2 0 0 0 0 87 13 0 0 1640 3120 0 565 2 1.64 1.36 1.12 2 0
20230502 12:14:28.601 11 0 8 0 0 0 0 81 19 0 0 2360 6030 0 565 2 1.64 1.36 1.12 2 0
20230502 12:14:28.701 11 0 2 0 0 1 0 87 13 0 0 2930 2980 0 565 2 1.64 1.36 1.12 2 0
20230502 12:14:28.801 12 0 2 0 0 1 0 86 14 0 0 1910 3040 0 565 2 1.64 1.36 1.12 2 0
20230502 12:14:28.901 13 0 9 0 0 0 0 78 22 0 0 3670 9140 0 565 2 1.64 1.36 1.12 2 0
20230502 12:14:29.001 11 0 2 0 0 1 0 86 14 0 0 1630 3140 0 565 4 1.67 1.37 1.12 2 0
20230502 12:14:29.101 11 0 10 0 0 0 0 79 21 0 0 3360 9370 0 565 3 1.67 1.37 1.12 2 0
20230502 12:14:29.201 12 0 1 0 0 0 0 87 13 0 0 1780 3390 0 565 2 1.67 1.37 1.12 2 0
20230502 12:14:29.301 13 0 7 0 0 1 0 79 21 0 0 3480 10410 0 565 2 1.67 1.37 1.12 2 0
20230502 12:14:29.401 11 0 2 0 0 1 0 86 14 0 0 1900 2950 0 565 2 1.67 1.37 1.12 3 0
20230502 12:14:29.501 11 0 3 0 0 0 0 87 13 0 0 1660 2870 0 565 2 1.67 1.37 1.12 2 0
20230502 12:14:29.601 11 0 7 0 0 1 0 81 19 0 0 2480 6150 0 565 2 1.67 1.37 1.12 2 0
20230502 12:14:29.701 12 0 1 0 0 1 0 86 14 0 0 2460 3130 0 565 2 1.67 1.37 1.12 2 0
20230502 12:14:29.801 11 0 2 0 0 1 0 86 14 0 0 1700 2920 0 565 2 1.67 1.37 1.12 2 0
20230502 12:14:29.901 14 0 6 0 0 1 0 79 21 0 0 3390 10510 0 565 2 1.67 1.37 1.12 2 0
20230502 12:14:30.001 12 0 2 0 0 1 0 85 15 0 0 1630 2980 0 565 2 1.67 1.37 1.12 2 0
20230502 12:14:30.101 11 0 9 0 0 0 0 81 19 0 0 3300 8820 0 565 2 1.67 1.37 1.12 2 0
20230502 12:14:30.201 12 0 2 0 0 1 0 85 15 0 0 1740 3400 0 565 2 1.67 1.37 1.12 2 0
20230502 12:14:30.301 12 0 12 0 0 0 0 76 24 0 0 3600 10240 250 567 3 1.67 1.37 1.12 3 0
20230502 12:14:30.401 12 0 3 0 0 0 0 85 15 0 0 3210 3460 50 565 2 1.67 1.37 1.12 2 0
20230502 12:14:30.501 12 0 1 0 0 0 0 87 13 0 0 1690 2880 0 565 2 1.67 1.37 1.12 2 0
20230502 12:14:30.601 12 0 6 0 0 1 0 81 19 0 0 2190 5670 0 565 2 1.67 1.37 1.12 2 0
20230502 12:14:30.701 11 0 3 0 0 1 0 86 14 0 0 2660 2860 0 565 2 1.67 1.37 1.12 2 0
20230502 12:14:30.801 12 0 2 0 0 2 0 85 15 0 0 2140 3200 10 565 2 1.67 1.37 1.12 2 0
20230502 12:14:30.901 13 0 10 0 0 1 0 76 24 0 0 4300 11210 300 565 2 1.67 1.37 1.12 2 0
20230502 12:14:31.001 12 0 2 1 0 0 0 85 14 0 0 3040 3070 0 565 2 1.67 1.37 1.12 3 0
20230502 12:14:31.101 11 0 10 5 0 1 0 73 22 0 0 4130 10000 0 565 2 1.67 1.37 1.12 2 1
20230502 12:14:31.201 10 0 5 3 0 0 0 82 15 0 0 2920 3090 0 565 3 1.67 1.37 1.12 3 0
20230502 12:14:31.301 12 0 10 2 0 2 0 74 24 0 0 4890 10260 0 565 3 1.67 1.37 1.12 3 0
20230502 12:14:31.401 12 0 6 0 0 1 0 82 18 0 0 3290 2110 0 565 3 1.67 1.37 1.12 3 0
20230502 12:14:31.501 11 0 6 2 0 0 0 81 17 0 0 2790 1800 0 565 2 1.67 1.37 1.12 3 1
20230502 12:14:31.601 13 0 9 3 0 0 0 75 22 0 0 3170 5910 0 565 3 1.67 1.37 1.12 3 0
20230502 12:14:31.701 12 0 3 4 0 0 0 81 15 0 0 3880 2760 0 565 3 1.67 1.37 1.12 4 0
20230502 12:14:31.801 11 0 5 3 0 0 0 81 16 0 0 2880 2560 0 565 4 1.67 1.37 1.12 3 0
20230502 12:14:31.901 13 0 14 2 0 1 0 70 28 0 0 5470 10910 120 568 3 1.67 1.37 1.12 4 0
20230502 12:14:32.001 10 0 6 3 0 5 0 77 20 0 0 4760 2820 0 568 3 1.67 1.37 1.12 3 0
20230502 12:14:32.101 11 0 13 2 0 2 0 72 26 0 0 4970 7690 0 568 2 1.67 1.37 1.12 2 1
20230502 12:14:32.201 10 0 3 1 0 1 0 85 14 0 0 1950 2770 0 568 2 1.67 1.37 1.12 2 0
20230502 12:14:32.301 11 0 8 2 0 1 0 78 20 0 0 3590 9760 0 568 2 1.67 1.37 1.12 2 1
20230502 12:14:32.401 12 0 2 2 0 0 0 84 14 0 0 1690 2800 0 568 2 1.67 1.37 1.12 2 0
20230502 12:14:32.501 12 0 2 0 0 0 0 86 14 0 0 1650 2610 0 568 2 1.67 1.37 1.12 3 0
20230502 12:14:32.601 12 0 7 0 0 0 0 81 19 0 0 2090 6790 0 568 2 1.67 1.37 1.12 2 0
20230502 12:14:32.701 10 0 3 0 0 0 0 87 13 0 0 2340 2660 0 568 2 1.67 1.37 1.12 2 0
20230502 12:14:32.801 10 0 4 0 0 0 0 86 14 0 0 1770 3260 0 568 2 1.67 1.37 1.12 2 0
20230502 12:14:32.901 11 0 12 0 0 1 0 76 24 0 0 3790 10130 40 568 3 1.67 1.37 1.12 3 0
20230502 12:14:33.001 12 0 2 0 0 3 0 84 16 0 0 2950 4110 50 565 2 1.67 1.37 1.12 2 0
20230502 12:14:33.101 10 0 10 0 0 1 0 79 21 0 0 3940 9710 0 565 2 1.67 1.37 1.12 2 0
20230502 12:14:33.201 12 0 6 0 0 0 0 83 17 0 0 2600 4460 30 565 2 1.67 1.37 1.12 4 0
20230502 12:14:33.301 13 0 6 0 0 0 0 81 19 0 0 4580 10470 0 565 2 1.67 1.37 1.12 2 0
20230502 12:14:33.401 12 0 2 0 0 0 0 86 14 0 0 2030 3480 0 565 3 1.67 1.37 1.12 2 0
20230502 12:14:33.501 12 0 2 0 0 0 0 86 14 0 0 1910 3900 0 565 2 1.67 1.37 1.12 2 0
20230502 12:14:33.601 12 0 8 0 0 1 0 80 20 0 0 2260 6480 0 565 2 1.67 1.37 1.12 2 0
20230502 12:14:33.701 11 0 3 0 0 0 0 87 13 0 0 2330 3320 0 565 3 1.67 1.37 1.12 2 0
20230502 12:14:33.801 10 0 4 0 0 0 0 86 14 0 0 1710 3440 0 565 2 1.67 1.37 1.12 2 0
20230502 12:14:33.901 13 0 10 0 0 0 0 78 22 0 0 3750 9250 0 565 2 1.67 1.37 1.12 2 0
20230502 12:14:34.001 12 0 2 0 0 1 0 86 14 0 0 1830 3390 0 565 2 1.70 1.38 1.12 2 0
20230502 12:14:34.101 12 0 8 0 0 0 0 80 20 0 0 3590 7890 0 565 2 1.70 1.38 1.12 2 0
20230502 12:14:34.201 12 0 2 0 0 0 0 86 14 0 0 1750 3520 0 565 2 1.70 1.38 1.12 4 0
20230502 12:14:34.301 14 0 6 0 0 0 0 80 20 0 0 3570 9480 0 565 2 1.70 1.38 1.12 2 0
20230502 12:14:34.401 12 0 2 0 0 0 0 86 14 0 0 1970 3440 0 565 2 1.70 1.38 1.12 2 0
20230502 12:14:34.501 12 0 2 0 0 0 0 86 14 0 0 1820 3310 0 565 2 1.70 1.38 1.12 3 0
20230502 12:14:34.601 12 0 7 0 0 0 0 81 19 0 0 2190 6180 0 565 2 1.70 1.38 1.12 2 0
20230502 12:14:34.701 12 0 2 0 0 0 0 86 14 0 0 2540 3070 0 565 2 1.70 1.38 1.12 2 0
20230502 12:14:34.801 13 0 1 0 0 0 0 86 14 0 0 1700 3120 0 565 2 1.70 1.38 1.12 2 0
20230502 12:14:34.901 12 0 9 0 0 0 0 79 21 0 0 3760 9570 0 565 2 1.70 1.38 1.12 2 0
20230502 12:14:35.001 11 0 2 0 0 0 0 86 14 0 0 1850 3000 0 565 2 1.70 1.38 1.12 2 0
20230502 12:14:35.101 12 0 10 0 0 0 0 79 21 0 0 3490 9130 0 565 2 1.70 1.38 1.12 2 0
20230502 12:14:35.201 11 0 2 0 0 0 0 87 13 0 0 1770 3620 0 565 2 1.70 1.38 1.12 2 0
20230502 12:14:35.301 11 0 6 0 0 1 0 82 18 0 0 3510 8740 0 565 2 1.70 1.38 1.12 2 0
20230502 12:14:35.401 12 0 1 0 0 0 0 87 13 0 0 1740 3040 0 565 3 1.70 1.38 1.12 2 0
20230502 12:14:35.501 11 0 3 0 0 0 0 87 13 0 0 1750 3000 0 565 2 1.70 1.38 1.12 2 0
20230502 12:14:35.601 12 0 7 0 0 0 0 81 19 0 0 2210 5510 0 565 3 1.70 1.38 1.12 2 0
20230502 12:14:35.701 12 0 2 0 0 0 0 86 14 0 0 2340 3150 0 565 2 1.70 1.38 1.12 4 0
20230502 12:14:35.801 12 0 2 0 0 0 0 86 14 0 0 1690 2990 0 565 2 1.70 1.38 1.12 2 0
20230502 12:14:35.901 13 0 9 0 0 0 0 78 22 0 0 3780 9740 0 565 2 1.70 1.38 1.12 2 0
20230502 12:14:36.001 12 0 2 0 0 0 0 86 14 0 0 1740 3420 0 565 2 1.70 1.38 1.12 2 0
20230502 12:14:36.101 11 0 9 0 0 0 0 80 20 0 0 3580 7710 0 565 2 1.70 1.38 1.12 2 0
20230502 12:14:36.201 11 0 3 0 0 0 0 87 13 0 0 1680 3510 0 565 2 1.70 1.38 1.12 2 0
20230502 12:14:36.301 12 0 9 0 0 1 0 79 21 0 0 3640 8670 0 565 3 1.70 1.38 1.12 2 0
20230502 12:14:36.401 12 0 2 0 0 1 0 86 14 0 0 2300 3290 0 565 2 1.70 1.38 1.12 2 0
20230502 12:14:36.501 12 0 2 0 0 0 0 86 14 0 0 1760 3140 0 565 3 1.70 1.38 1.12 2 0
20230502 12:14:36.601 12 0 7 0 0 0 0 81 19 0 0 2270 6550 0 565 3 1.70 1.38 1.12 2 0
20230502 12:14:36.701 11 0 2 0 0 0 0 86 14 0 0 2530 3440 0 565 2 1.70 1.38 1.12 2 0
20230502 12:14:36.801 9 0 3 0 0 0 0 87 13 0 0 1750 3160 0 565 2 1.70 1.38 1.12 2 0
20230502 12:14:36.901 13 0 10 0 0 1 0 77 23 0 0 4160 10060 120 568 2 1.70 1.38 1.12 2 0
20230502 12:14:37.001 11 0 3 0 0 1 0 86 14 0 0 2200 3400 0 568 2 1.70 1.38 1.12 2 0
20230502 12:14:37.101 12 0 8 0 0 1 0 79 21 0 0 3800 7230 0 568 2 1.70 1.38 1.12 2 0
20230502 12:14:37.201 11 0 2 0 0 0 0 87 13 0 0 1670 3160 0 568 2 1.70 1.38 1.12 2 0
20230502 12:14:37.301 11 0 9 1 0 0 0 79 20 0 0 3650 9510 0 568 2 1.70 1.38 1.12 2 0
20230502 12:14:37.401 12 0 2 0 0 1 0 85 15 0 0 1800 3380 0 568 2 1.70 1.38 1.12 2 0
20230502 12:14:37.501 11 0 3 0 0 1 0 86 14 0 0 1670 3080 0 568 3 1.70 1.38 1.12 2 0
20230502 12:14:37.601 11 0 8 0 0 0 0 81 19 0 0 2190 6190 0 568 3 1.70 1.38 1.12 2 0
20230502 12:14:37.701 10 0 3 0 0 1 0 85 15 0 0 2650 2760 0 568 2 1.70 1.38 1.12 2 0
20230502 12:14:37.801 12 0 2 0 0 0 0 86 14 0 0 1690 3100 0 568 2 1.70 1.38 1.12 2 0
20230502 12:14:37.901 13 0 8 0 0 0 0 79 21 0 0 3930 9640 90 565 2 1.70 1.38 1.12 2 0
20230502 12:14:38.001 11 0 2 0 0 1 0 85 15 0 0 3020 3300 0 565 2 1.70 1.38 1.12 2 0
20230502 12:14:38.101 11 0 8 0 0 0 0 81 19 0 0 3360 9070 0 565 2 1.70 1.38 1.12 2 0
20230502 12:14:38.201 11 0 3 0 0 0 0 86 14 0 0 1650 3300 0 565 2 1.70 1.38 1.12 2 0
20230502 12:14:38.301 12 0 9 0 0 1 0 78 22 0 0 3720 9640 0 565 2 1.70 1.38 1.12 2 0
20230502 12:14:38.401 12 0 1 0 0 0 0 86 14 0 0 1810 3140 0 565 3 1.70 1.38 1.12 2 0
20230502 12:14:38.501 11 0 3 0 0 0 0 86 14 0 0 1660 3200 0 565 2 1.70 1.38 1.12 2 0
20230502 12:14:38.601 12 0 7 0 0 0 0 81 19 0 0 2090 6830 0 565 2 1.70 1.38 1.12 2 0
20230502 12:14:38.701 11 0 2 0 0 0 0 86 14 0 0 2370 2840 0 565 2 1.70 1.38 1.12 2 0
20230502 12:14:38.801 12 0 1 0 0 0 0 87 13 0 0 1630 3000 0 565 2 1.70 1.38 1.12 2 0
20230502 12:14:38.901 12 0 8 0 0 0 0 81 19 0 0 3760 7920 0 565 2 1.70 1.38 1.12 3 0
20230502 12:14:39.001 11 0 3 0 0 0 0 86 14 0 0 1710 3060 0 565 2 1.72 1.39 1.13 2 0
20230502 12:14:39.101 12 0 8 0 0 1 0 79 21 0 0 3500 8140 0 565 2 1.72 1.39 1.13 2 0
20230502 12:14:39.201 18 0 1 0 0 0 0 81 19 0 0 3190 3820 0 565 2 1.72 1.39 1.13 2 0
20230502 12:14:39.301 11 0 6 0 0 1 0 82 18 0 0 3440 10250 0 565 3 1.72 1.39 1.13 2 0
20230502 12:14:39.401 12 0 2 0 0 0 0 86 14 0 0 1890 3100 0 565 2 1.72 1.39 1.13 2 0
20230502 12:14:39.501 13 0 1 0 0 0 0 86 14 0 0 1750 3000 0 565 2 1.72 1.39 1.13 2 0
20230502 12:14:39.601 10 0 10 0 0 0 0 80 20 0 0 2150 7560 0 565 2 1.72 1.39 1.13 4 0
20230502 12:14:39.701 11 0 1 0 0 0 0 87 13 0 0 2310 3090 0 565 2 1.72 1.39 1.13 2 0
20230502 12:14:39.801 10 0 3 0 0 0 0 87 13 0 0 1700 3120 0 565 2 1.72 1.39 1.13 2 0
20230502 12:14:39.901 13 0 8 0 0 0 0 79 21 0 0 3500 8340 0 565 2 1.72 1.39 1.13 2 0
20230502 12:14:40.001 11 0 2 0 0 0 0 87 13 0 0 1730 3070 0 565 2 1.72 1.39 1.13 4 0
20230502 12:14:40.101 12 0 8 0 0 1 0 79 21 0 0 3490 8180 0 565 2 1.72 1.39 1.13 2 0
20230502 12:14:40.201 12 0 2 0 0 0 0 86 14 0 0 1660 3270 0 565 2 1.72 1.39 1.13 2 0
20230502 12:14:40.301 12 0 7 0 0 1 0 79 21 0 0 3590 8670 0 565 2 1.72 1.39 1.13 2 0
20230502 12:14:40.401 11 0 2 0 0 1 0 86 14 0 0 1960 2900 0 565 2 1.72 1.39 1.13 2 0
20230502 12:14:40.501 11 0 2 0 0 0 0 87 13 0 0 1690 2820 0 565 2 1.72 1.39 1.13 2 0
20230502 12:14:40.601 12 0 7 0 0 0 0 80 20 0 0 2160 5640 0 565 2 1.72 1.39 1.13 5 0
20230502 12:14:40.701 16 0 3 0 0 0 0 81 19 0 0 2640 4050 0 565 3 1.72 1.39 1.13 4 0
20230502 12:14:40.801 16 0 5 0 0 0 0 79 21 0 0 2060 4000 0 565 3 1.72 1.39 1.13 3 0
20230502 12:14:40.901 16 0 8 0 0 1 0 75 25 0 0 4020 8880 0 565 3 1.72 1.39 1.13 3 0
20230502 12:14:41.001 16 0 4 0 0 1 0 79 21 0 0 2000 3660 0 565 3 1.72 1.39 1.13 3 0
20230502 12:14:41.101 17 0 9 0 0 1 0 73 27 0 0 3770 9110 0 565 3 1.72 1.39 1.13 3 0
20230502 12:14:41.201 18 0 1 0 0 0 0 81 19 0 0 1980 3540 0 565 3 1.72 1.39 1.13 3 0
20230502 12:14:41.301 17 0 9 0 0 0 0 74 26 0 0 3730 8780 0 565 3 1.72 1.39 1.13 3 0
20230502 12:14:41.401 17 0 3 0 0 0 0 81 19 0 0 2310 3450 0 565 3 1.72 1.39 1.13 4 0
20230502 12:14:41.501 18 0 2 0 0 0 0 81 19 0 0 2100 3370 0 565 3 1.72 1.39 1.13 3 0
20230502 12:14:41.601 17 0 7 0 0 0 0 76 24 0 0 2330 6420 0 565 3 1.72 1.39 1.13 5 0
20230502 12:14:41.701 18 0 2 0 0 0 0 81 19 0 0 2700 3390 0 565 3 1.72 1.39 1.13 4 0
20230502 12:14:41.801 18 0 6 0 0 1 0 76 24 0 0 2930 4340 30 565 3 1.72 1.39 1.13 3 0
20230502 12:14:41.901 20 0 8 0 0 0 0 72 28 0 0 4750 11700 110 568 3 1.72 1.39 1.13 3 0
20230502 12:14:42.001 17 0 4 0 0 0 0 79 21 0 0 2450 3320 0 568 3 1.72 1.39 1.13 3 0
20230502 12:14:42.101 17 0 8 0 0 1 0 74 26 0 0 3410 7750 0 568 3 1.72 1.39 1.13 3 0
20230502 12:14:42.201 16 0 3 1 0 0 0 80 19 0 0 2070 3940 0 568 2 1.72 1.39 1.13 2 1
20230502 12:14:42.301 13 0 6 7 0 1 0 73 20 0 0 4240 9740 0 568 2 1.72 1.39 1.13 2 2
20230502 12:14:42.401 12 0 1 9 0 1 0 77 14 0 0 2190 3500 0 568 4 1.72 1.39 1.13 3 0
20230502 12:14:42.501 11 0 4 4 0 1 0 79 17 0 0 2350 3430 0 568 3 1.72 1.39 1.13 3 0
20230502 12:14:42.601 12 0 6 5 0 0 0 77 18 0 0 2540 9260 0 568 2 1.72 1.39 1.13 6 0
20230502 12:14:42.701 12 0 4 4 0 1 0 80 17 0 0 4240 4780 0 568 3 1.72 1.39 1.13 3 0
20230502 12:14:42.801 11 0 3 0 0 0 0 86 14 0 0 3290 4170 0 568 2 1.72 1.39 1.13 2 0
20230502 12:14:42.901 11 0 8 0 0 1 0 80 20 0 0 4010 10830 70 565 2 1.72 1.39 1.13 2 0
20230502 12:14:43.001 10 0 2 0 0 4 0 84 16 0 0 2940 3340 0 565 2 1.72 1.39 1.13 2 0
20230502 12:14:43.101 11 0 8 0 0 1 0 80 20 0 0 3660 8490 0 565 4 1.72 1.39 1.13 3 0
20230502 12:14:43.201 11 0 2 0 0 0 0 87 13 0 0 1710 3220 0 565 2 1.72 1.39 1.13 2 0
20230502 12:14:43.301 10 0 10 0 0 2 0 78 22 0 0 3680 9340 0 565 2 1.72 1.39 1.13 2 0
20230502 12:14:43.401 11 0 1 0 0 1 0 87 13 0 0 2030 3220 0 565 2 1.72 1.39 1.13 2 0
20230502 12:14:43.501 11 0 3 0 0 0 0 87 13 0 0 1720 3280 0 565 2 1.72 1.39 1.13 2 0
20230502 12:14:43.601 12 0 7 0 0 0 0 81 19 0 0 2150 6740 0 565 4 1.72 1.39 1.13 6 0
20230502 12:14:43.701 11 0 2 0 0 1 0 86 14 0 0 2640 3620 0 565 2 1.72 1.39 1.13 2 0
20230502 12:14:43.801 12 0 1 0 0 0 0 87 13 0 0 1630 3060 0 565 2 1.72 1.39 1.13 2 0
20230502 12:14:43.901 10 0 8 0 0 0 0 82 18 0 0 3570 8990 0 565 2 1.72 1.39 1.13 2 0
20230502 12:14:44.001 11 0 3 0 0 1 0 86 14 0 0 1610 3200 0 565 2 1.75 1.40 1.13 2 0
20230502 12:14:44.101 10 0 10 0 0 1 0 79 21 0 0 3760 7750 0 565 2 1.75 1.40 1.13 4 0
20230502 12:14:44.201 12 0 1 0 0 0 0 87 13 0 0 1650 3500 0 565 2 1.75 1.40 1.13 2 0
20230502 12:14:44.301 11 0 11 0 0 0 0 78 22 0 0 3530 10470 240 566 3 1.75 1.40 1.13 3 0
20230502 12:14:44.401 11 0 4 0 0 0 0 85 15 0 0 3190 3620 40 565 2 1.75 1.40 1.13 3 0
20230502 12:14:44.501 11 0 1 0 0 0 0 87 13 0 0 1760 3130 0 565 2 1.75 1.40 1.13 2 0
20230502 12:14:44.601 11 0 7 0 0 0 0 82 18 0 0 2220 7210 0 565 2 1.75 1.40 1.13 3 0
20230502 12:14:44.701 12 0 2 0 0 0 0 86 14 0 0 2630 3290 0 565 2 1.75 1.40 1.13 2 0
20230502 12:14:44.801 11 0 3 0 0 0 0 87 13 0 0 1600 3080 0 565 2 1.75 1.40 1.13 2 0
20230502 12:14:44.901 14 0 8 0 0 0 0 78 22 0 0 4280 11310 280 565 2 1.75 1.40 1.13 2 0
20230502 12:14:45.001 11 0 2 0 0 0 0 87 13 0 0 2600 3240 0 565 2 1.75 1.40 1.13 2 0
20230502 12:14:45.101 13 0 6 0 0 1 0 80 20 0 0 3200 7080 0 565 2 1.75 1.40 1.13 2 0
20230502 12:14:45.201 11 0 2 0 0 1 0 86 14 0 0 1660 3460 0 565 2 1.75 1.40 1.13 2 0
20230502 12:14:45.301 11 0 7 0 0 2 0 80 20 0 0 3680 9080 0 565 2 1.75 1.40 1.13 2 0
20230502 12:14:45.401 11 0 2 0 0 1 0 86 14 0 0 1930 2920 0 565 2 1.75 1.40 1.13 2 0
20230502 12:14:45.501 11 0 1 0 0 2 0 86 14 0 0 1720 2970 0 565 2 1.75 1.40 1.13 2 0
20230502 12:14:45.601 11 0 7 0 0 0 0 82 18 0 0 2140 6080 0 565 2 1.75 1.40 1.13 4 0
20230502 12:14:45.701 12 0 2 0 0 0 0 86 14 0 0 2430 3280 0 565 2 1.75 1.40 1.13 2 0
20230502 12:14:45.801 11 0 3 0 0 0 0 87 13 0 0 1630 2820 0 565 2 1.75 1.40 1.13 2 0
20230502 12:14:45.901 11 0 8 0 0 1 0 80 20 0 0 3920 9480 0 565 2 1.75 1.40 1.13 2 0
20230502 12:14:46.001 12 0 1 0 0 0 0 86 14 0 0 1720 3020 0 565 2 1.75 1.40 1.13 2 0
20230502 12:14:46.101 12 0 7 0 0 1 0 80 20 0 0 3450 7350 0 565 2 1.75 1.40 1.13 2 0
20230502 12:14:46.201 11 0 2 0 0 1 0 85 15 0 0 1690 3290 0 565 2 1.75 1.40 1.13 3 0
20230502 12:14:46.301 13 0 6 0 0 3 0 78 22 0 0 3670 8790 0 565 2 1.75 1.40 1.13 2 0
20230502 12:14:46.401 11 0 3 0 0 0 0 87 13 0 0 2020 3100 0 565 3 1.75 1.40 1.13 2 0
20230502 12:14:46.501 11 0 3 0 0 1 0 85 15 0 0 1660 3050 0 565 2 1.75 1.40 1.13 3 0
20230502 12:14:46.601 12 0 7 0 0 0 0 81 19 0 0 2100 7020 0 565 2 1.75 1.40 1.13 3 0
20230502 12:14:46.701 11 0 2 0 0 0 0 87 13 0 0 2500 3330 0 565 2 1.75 1.40 1.13 2 0
20230502 12:14:46.801 10 0 3 0 0 0 0 87 13 0 0 1630 3160 0 565 2 1.75 1.40 1.13 2 0
20230502 12:14:46.901 13 0 9 0 0 0 0 77 23 0 0 4140 10290 110 568 2 1.75 1.40 1.13 2 0
20230502 12:14:47.001 11 0 3 0 0 0 0 86 14 0 0 2270 3290 0 568 2 1.75 1.40 1.13 4 0
20230502 12:14:47.101 12 0 6 0 0 1 0 81 19 0 0 3370 6920 0 568 2 1.75 1.40 1.13 2 0
20230502 12:14:47.201 12 0 1 0 0 0 0 87 13 0 0 1580 3220 0 568 2 1.75 1.40 1.13 2 0
20230502 12:14:47.301 11 0 8 0 0 1 0 80 20 0 0 3690 9420 0 568 2 1.75 1.40 1.13 3 0
20230502 12:14:47.401 11 0 3 0 0 1 0 86 14 0 0 1930 2910 0 568 3 1.75 1.40 1.13 2 0
20230502 12:14:47.501 12 0 2 0 0 0 0 86 14 0 0 1730 2900 0 568 2 1.75 1.40 1.13 2 0
20230502 12:14:47.601 12 0 6 0 0 1 0 81 19 0 0 2080 6450 0 568 2 1.75 1.40 1.13 3 0
20230502 12:14:47.701 11 0 2 1 0 0 0 86 13 0 0 2460 3310 0 568 2 1.75 1.40 1.13 2 0
20230502 12:14:47.801 9 0 4 0 0 0 0 87 13 0 0 1590 3040 0 568 2 1.75 1.40 1.13 2 0
20230502 12:14:47.901 15 0 8 0 0 0 0 78 22 0 0 3830 10920 70 565 2 1.75 1.40 1.13 4 0
20230502 12:14:48.001 12 0 1 0 0 0 0 86 14 0 0 2460 3270 0 565 2 1.75 1.40 1.13 2 0
20230502 12:14:48.101 11 0 6 0 0 2 0 81 19 0 0 3580 8810 0 565 2 1.75 1.40 1.13 2 0
20230502 12:14:48.201 12 0 2 0 0 0 0 86 14 0 0 1680 3270 0 565 2 1.75 1.40 1.13 3 0
20230502 12:14:48.301 11 0 9 0 0 1 0 79 21 0 0 3640 9520 0 565 4 1.75 1.40 1.13 2 0
20230502 12:14:48.401 12 0 1 0 0 0 0 86 14 0 0 1890 3080 0 565 2 1.75 1.40 1.13 2 0
20230502 12:14:48.501 9 0 4 0 0 0 0 86 14 0 0 1700 3200 0 565 2 1.75 1.40 1.13 2 0
20230502 12:14:48.601 11 0 7 0 0 0 0 82 18 0 0 2130 7000 0 565 2 1.75 1.40 1.13 3 0
20230502 12:14:48.701 10 0 3 0 0 0 0 87 13 0 0 2690 3830 0 565 2 1.75 1.40 1.13 2 0
20230502 12:14:48.801 11 0 3 0 0 0 0 87 13 0 0 1810 3700 0 565 3 1.75 1.40 1.13 2 0
20230502 12:14:48.901 11 0 11 0 0 0 0 78 22 0 0 3620 10010 0 565 2 1.75 1.40 1.13 2 0
20230502 12:14:49.001 12 0 2 0 0 0 0 86 14 0 0 1760 2970 0 565 2 1.85 1.42 1.14 3 0
20230502 12:14:49.101 10 0 9 0 0 1 0 80 20 0 0 3650 7970 0 565 2 1.85 1.42 1.14 2 0
20230502 12:14:49.201 12 0 2 0 0 0 0 86 14 0 0 1800 3660 0 565 2 1.85 1.42 1.14 3 0
20230502 12:14:49.301 11 0 9 0 0 0 0 80 20 0 0 3680 9180 0 565 3 1.85 1.42 1.14 2 0
20230502 12:14:49.401 10 0 4 0 0 1 0 85 15 0 0 2010 3540 0 565 2 1.85 1.42 1.14 2 0
20230502 12:14:49.501 11 0 3 0 0 0 0 86 14 0 0 1880 3720 0 565 3 1.85 1.42 1.14 2 0
20230502 12:14:49.601 11 0 8 0 0 0 0 81 19 0 0 2580 6460 0 565 3 1.85 1.42 1.14 3 0
20230502 12:14:49.701 11 0 2 0 0 0 0 87 13 0 0 2540 3550 0 565 2 1.85 1.42 1.14 2 0
20230502 12:14:49.801 12 0 2 0 0 1 0 86 14 0 0 1720 3320 0 565 2 1.85 1.42 1.14 2 0
20230502 12:14:49.901 13 0 9 0 0 0 0 79 21 0 0 3550 9310 0 565 2 1.85 1.42 1.14 2 0
20230502 12:14:50.001 11 0 3 0 0 0 0 87 13 0 0 1710 3300 0 565 2 1.85 1.42 1.14 2 0
20230502 12:14:50.101 12 0 6 0 0 1 0 80 20 0 0 3570 8220 0 565 2 1.85 1.42 1.14 2 0
20230502 12:14:50.201 11 0 2 0 0 0 0 87 13 0 0 1720 3520 0 565 2 1.85 1.42 1.14 2 0
20230502 12:14:50.301 12 0 9 0 0 2 0 78 22 0 0 3590 9080 0 565 4 1.85 1.42 1.14 2 0
20230502 12:14:50.401 11 0 2 0 0 1 0 86 14 0 0 1760 3500 0 565 2 1.85 1.42 1.14 2 0
20230502 12:14:50.501 12 0 1 0 0 1 0 86 14 0 0 1760 3240 0 565 3 1.85 1.42 1.14 2 0
20230502 12:14:50.601 11 0 7 0 0 0 0 82 18 0 0 2130 6580 0 565 2 1.85 1.42 1.14 4 0
20230502 12:14:50.701 12 0 1 0 0 1 0 85 15 0 0 2450 3620 0 565 2 1.85 1.42 1.14 2 0
20230502 12:14:50.801 10 0 3 0 0 0 0 87 13 0 0 1560 3290 0 565 2 1.85 1.42 1.14 3 0
20230502 12:14:50.901 11 0 10 0 0 0 0 78 22 0 0 3680 9760 0 565 2 1.85 1.42 1.14 2 0
20230502 12:14:51.001 11 0 2 0 0 0 0 86 14 0 0 1600 3100 0 565 3 1.85 1.42 1.14 2 0
20230502 12:14:51.101 11 0 6 0 0 2 0 81 19 0 0 3460 8390 0 565 2 1.85 1.42 1.14 2 0
20230502 12:14:51.201 11 0 2 0 0 0 0 86 14 0 0 1700 3390 0 565 2 1.85 1.42 1.14 2 0
20230502 12:14:51.301 14 0 8 0 0 0 0 78 22 0 0 3600 8960 0 565 2 1.85 1.42 1.14 2 0
20230502 12:14:51.401 11 0 2 0 0 1 0 86 14 0 0 1770 3250 0 565 2 1.85 1.42 1.14 2 0
20230502 12:14:51.501 10 0 4 0 0 0 0 86 14 0 0 1830 3190 0 565 2 1.85 1.42 1.14 3 0
20230502 12:14:51.601 12 0 7 0 0 0 0 81 19 0 0 2030 5850 0 565 2 1.85 1.42 1.14 6 0
20230502 12:14:51.701 11 0 2 0 0 0 0 86 14 0 0 2610 3600 0 565 2 1.85 1.42 1.14 2 0
20230502 12:14:51.801 11 0 2 0 0 0 0 86 14 0 0 1620 3080 0 565 2 1.85 1.42 1.14 2 0
20230502 12:14:51.901 13 0 10 0 0 0 0 77 23 0 0 4470 9480 110 568 2 1.85 1.42 1.14 2 0
20230502 12:14:52.001 12 0 1 0 0 0 0 86 14 0 0 2350 3400 0 568 2 1.85 1.42 1.14 2 0
20230502 12:14:52.101 12 0 8 0 0 0 0 81 19 0 0 3160 7390 0 568 2 1.85 1.42 1.14 2 0
20230502 12:14:52.201 11 0 2 0 0 1 0 86 14 0 0 1600 3180 0 568 3 1.85 1.42 1.14 2 0
20230502 12:14:52.301 12 0 7 0 0 2 0 78 22 0 0 3710 9590 0 568 3 1.85 1.42 1.14 2 0
20230502 12:14:52.401 12 0 2 0 0 1 0 85 15 0 0 1940 3180 0 568 2 1.85 1.42 1.14 2 0
20230502 12:14:52.501 12 0 1 0 0 0 0 87 13 0 0 1820 3280 0 568 2 1.85 1.42 1.14 2 0
20230502 12:14:52.601 12 0 7 0 0 1 0 81 19 0 0 2170 6290 0 568 2 1.85 1.42 1.14 5 0
20230502 12:14:52.701 11 0 2 0 0 0 0 86 14 0 0 2430 3150 0 568 2 1.85 1.42 1.14 2 0
20230502 12:14:52.801 11 0 2 0 0 0 0 87 13 0 0 1640 2960 0 568 2 1.85 1.42 1.14 2 0
20230502 12:14:52.901 12 0 9 0 0 2 0 77 23 0 0 3840 9420 70 565 2 1.85 1.42 1.14 4 0
20230502 12:14:53.001 11 0 2 0 0 0 0 87 13 0 0 2690 3100 0 565 2 1.85 1.42 1.14 2 0
20230502 12:14:53.101 11 0 8 0 0 2 0 79 21 0 0 3530 7920 0 565 2 1.85 1.42 1.14 2 0
20230502 12:14:53.201 12 0 1 0 0 0 0 86 14 0 0 1640 3020 0 565 2 1.85 1.42 1.14 3 0
20230502 12:14:53.301 10 0 11 0 0 1 0 79 21 0 0 3790 10090 0 565 2 1.85 1.42 1.14 2 0
20230502 12:14:53.401 11 0 3 0 0 0 0 86 14 0 0 1870 2950 0 565 2 1.85 1.42 1.14 3 0
20230502 12:14:53.501 12 0 2 0 0 0 0 86 14 0 0 1730 2880 0 565 2 1.85 1.42 1.14 3 0
20230502 12:14:53.601 12 0 6 0 0 0 0 81 19 0 0 2100 5920 0 565 2 1.85 1.42 1.14 3 0
20230502 12:14:53.701 10 0 3 0 0 1 0 86 14 0 0 2690 3160 0 565 2 1.85 1.42 1.14 3 0
20230502 12:14:53.801 12 0 2 0 0 0 0 86 14 0 0 1640 3190 0 565 2 1.85 1.42 1.14 2 0
20230502 12:14:53.901 12 0 9 0 0 0 0 79 21 0 0 3690 7980 0 565 2 1.85 1.42 1.14 2 0
20230502 12:14:54.001 12 0 2 0 0 1 0 85 15 0 0 1700 2880 0 565 2 1.86 1.43 1.15 2 0
20230502 12:14:54.101 13 0 4 0 0 1 0 82 18 0 0 3430 7150 0 565 2 1.86 1.43 1.15 2 0
20230502 12:14:54.201 11 0 2 0 0 1 0 86 14 0 0 1670 2950 0 565 2 1.86 1.43 1.15 2 0
20230502 12:14:54.301 12 0 9 0 0 0 0 80 20 0 0 3560 10230 0 565 2 1.86 1.43 1.15 2 0
20230502 12:14:54.401 9 0 4 0 0 0 0 87 13 0 0 1820 3280 0 565 2 1.86 1.43 1.15 3 0
20230502 12:14:54.501 11 0 2 0 0 1 0 86 14 0 0 1730 3110 0 565 2 1.86 1.43 1.15 2 0
20230502 12:14:54.601 11 0 6 0 0 0 0 82 18 0 0 2070 5900 0 565 2 1.86 1.43 1.15 3 0
20230502 12:14:54.701 10 0 3 0 0 1 0 86 14 0 0 2330 3260 0 565 2 1.86 1.43 1.15 2 0
20230502 12:14:54.801 12 0 2 0 0 0 0 86 14 0 0 1610 3030 0 565 2 1.86 1.43 1.15 3 0
20230502 12:14:54.901 11 0 9 0 0 0 0 80 20 0 0 3290 8460 0 565 2 1.86 1.43 1.15 2 0
20230502 12:14:55.001 12 0 1 0 0 1 0 86 14 0 0 1560 2940 0 565 2 1.86 1.43 1.15 2 0
20230502 12:14:55.101 12 0 5 0 0 1 0 82 18 0 0 3150 7810 0 565 2 1.86 1.43 1.15 2 0
20230502 12:14:55.201 12 0 2 0 0 0 0 86 14 0 0 1660 3220 0 565 2 1.86 1.43 1.15 3 0
20230502 12:14:55.301 12 0 11 0 0 0 0 78 22 0 0 3520 10520 0 565 2 1.86 1.43 1.15 2 0
20230502 12:14:55.401 11 0 2 0 0 0 0 87 13 0 0 1820 2840 0 565 3 1.86 1.43 1.15 2 0
20230502 12:14:55.501 12 0 2 0 0 0 0 86 14 0 0 1750 2880 0 565 2 1.86 1.43 1.15 2 0
20230502 12:14:55.601 13 0 6 0 0 0 0 81 19 0 0 2050 5730 0 565 3 1.86 1.43 1.15 3 0
20230502 12:14:55.701 10 0 3 0 0 0 0 87 13 0 0 2840 3040 0 565 2 1.86 1.43 1.15 4 0
20230502 12:14:55.801 11 0 2 0 0 0 0 86 14 0 0 1600 3220 0 565 2 1.86 1.43 1.15 2 0
20230502 12:14:55.901 12 0 10 0 0 1 0 77 23 0 0 3530 9130 0 565 2 1.86 1.43 1.15 2 0
20230502 12:14:56.001 12 0 1 0 0 0 0 87 13 0 0 1700 3000 0 565 2 1.86 1.43 1.15 4 0
20230502 12:14:56.101 11 0 7 0 0 1 0 81 19 0 0 3770 8150 0 565 2 1.86 1.43 1.15 2 0
20230502 12:14:56.201 11 0 2 0 0 0 0 86 14 0 0 1550 2980 0 565 2 1.86 1.43 1.15 2 0
20230502 12:14:56.301 12 0 9 0 0 0 0 78 22 0 0 3480 9600 0 565 2 1.86 1.43 1.15 2 0
20230502 12:14:56.401 11 0 2 0 0 1 0 87 13 0 0 1750 2940 0 565 2 1.86 1.43 1.15 2 0
20230502 12:14:56.501 13 0 4 0 0 0 0 83 17 0 0 1840 3470 0 565 3 1.86 1.43 1.15 3 0
20230502 12:14:56.601 17 0 7 0 0 0 0 76 24 0 0 2520 6370 0 565 3 1.86 1.43 1.15 4 0
20230502 12:14:56.701 18 0 2 0 0 2 0 78 22 0 0 3040 3770 0 565 3 1.86 1.43 1.15 3 0
20230502 12:14:56.801 16 0 4 0 0 0 0 80 20 0 0 1960 3740 0 565 3 1.86 1.43 1.15 3 0
20230502 12:14:56.901 18 0 11 0 0 0 0 71 29 0 0 4360 9320 110 568 3 1.86 1.43 1.15 3 0
20230502 12:14:57.001 17 0 4 0 0 1 0 79 21 0 0 2390 3680 0 568 3 1.86 1.43 1.15 3 0
20230502 12:14:57.101 18 0 6 0 0 0 0 76 24 0 0 3660 8520 0 568 3 1.86 1.43 1.15 3 0
20230502 12:14:57.201 16 0 3 0 0 1 0 80 20 0 0 1920 3610 0 568 3 1.86 1.43 1.15 5 0
20230502 12:14:57.301 18 0 8 1 0 0 0 73 26 0 0 3910 9960 0 568 3 1.86 1.43 1.15 3 0
20230502 12:14:57.401 16 0 4 0 0 0 0 80 20 0 0 2110 3280 0 568 3 1.86 1.43 1.15 3 0
20230502 12:14:57.501 17 0 2 0 0 1 0 80 20 0 0 2030 3320 0 568 3 1.86 1.43 1.15 3 0
20230502 12:14:57.601 17 0 8 0 0 0 0 75 25 0 0 2400 7160 10 568 4 1.86 1.43 1.15 5 0
20230502 12:14:57.701 18 0 4 0 0 0 0 78 22 0 0 3330 4740 20 568 3 1.86 1.43 1.15 3 0
20230502 12:14:57.801 17 0 4 0 0 1 0 79 21 0 0 2100 3440 0 568 3 1.86 1.43 1.15 3 0
20230502 12:14:57.901 19 0 9 0 0 1 0 71 29 0 0 4440 10490 70 565 3 1.86 1.43 1.15 3 0
20230502 12:14:58.001 17 0 3 0 0 1 0 79 21 0 0 2780 3560 0 565 3 1.86 1.43 1.15 3 0
20230502 12:14:58.101 13 0 6 4 0 1 0 77 19 0 0 3900 9640 0 565 2 1.86 1.43 1.15 2 1
20230502 12:14:58.201 11 0 3 4 0 0 0 81 15 0 0 2760 4330 0 565 3 1.86 1.43 1.15 4 1
20230502 12:14:58.301 13 0 7 6 0 1 0 73 21 0 0 4080 11490 0 565 2 1.86 1.43 1.15 2 1
20230502 12:14:58.401 12 0 2 6 0 0 0 80 14 0 0 1960 3460 0 565 2 1.86 1.43 1.15 2 1
20230502 12:14:58.501 10 0 6 5 0 0 0 79 16 0 0 1860 3340 0 565 4 1.86 1.43 1.15 4 0
20230502 12:14:58.601 18 0 7 0 0 0 0 75 25 0 0 3110 6800 0 565 3 1.86 1.43 1.15 4 0
20230502 12:14:58.701 17 0 3 0 0 1 0 79 21 0 0 2860 3510 0 565 3 1.86 1.43 1.15 3 0
20230502 12:14:58.801 16 0 4 0 0 0 0 80 20 0 0 1920 3240 0 565 3 1.86 1.43 1.15 3 0
20230502 12:14:58.901 16 0 10 0 0 0 0 74 26 0 0 3860 10260 0 565 3 1.86 1.43 1.15 3 0
20230502 12:14:59.001 18 0 2 0 0 0 0 80 20 0 0 1840 3140 0 565 4 1.95 1.46 1.16 3 0
20230502 12:14:59.101 14 0 8 2 0 1 0 75 22 0 0 4350 8930 0 565 2 1.95 1.46 1.16 3 1
20230502 12:14:59.201 14 0 3 2 0 1 0 80 18 0 0 2060 3820 0 565 3 1.95 1.46 1.16 3 0
20230502 12:14:59.301 17 0 12 0 0 0 0 71 29 0 0 3860 12160 270 565 4 1.95 1.46 1.16 4 0
20230502 12:14:59.401 16 0 3 0 0 1 0 80 20 0 0 3600 3610 30 565 4 1.95 1.46 1.16 3 0
20230502 12:14:59.501 16 0 4 0 0 0 0 80 20 0 0 2010 3060 0 565 3 1.95 1.46 1.16 3 0
20230502 12:14:59.601 17 0 6 0 0 0 0 77 23 0 0 2280 7150 0 565 3 1.95 1.46 1.16 4 0
20230502 12:14:59.701 16 0 4 0 0 1 0 80 20 0 0 2890 3190 0 565 3 1.95 1.46 1.16 4 0
20230502 12:14:59.801 14 0 3 3 0 0 0 81 17 0 0 2120 3200 0 565 2 1.95 1.46 1.16 2 1
20230502 12:14:59.901 13 0 9 6 0 0 0 72 23 0 0 4500 13030 300 565 3 1.95 1.46 1.16 2 1
20230502 12:15:00.001 16 0 3 0 0 0 0 81 19 0 0 2540 3190 0 565 4 1.95 1.46 1.16 3 0
20230502 12:15:00.101 18 0 7 0 0 0 0 75 25 0 0 3600 8930 0 565 3 1.95 1.46 1.16 3 0
20230502 12:15:00.201 17 0 3 0 0 0 0 80 20 0 0 1930 3320 0 565 3 1.95 1.46 1.16 3 0
20230502 12:15:00.301 18 0 7 0 0 1 0 74 26 0 0 3780 10270 0 565 3 1.95 1.46 1.16 3 0
20230502 12:15:00.401 16 0 3 0 0 0 0 81 19 0 0 2260 3130 0 565 2 1.95 1.46 1.16 2 1
20230502 12:15:00.501 13 0 2 5 0 1 0 79 16 0 0 2380 3770 0 565 4 1.95 1.46 1.16 3 0
20230502 12:15:00.601 17 0 6 0 0 0 0 77 23 0 0 2370 6650 0 565 3 1.95 1.46 1.16 4 0
20230502 12:15:00.701 18 0 2 0 0 0 0 80 20 0 0 2620 3310 0 565 3 1.95 1.46 1.16 3 0
20230502 12:15:00.801 16 0 3 0 0 0 0 81 19 0 0 1900 3240 0 565 4 1.95 1.46 1.16 3 0
20230502 12:15:00.901 17 0 9 0 0 0 0 74 26 0 0 3680 10100 0 565 3 1.95 1.46 1.16 3 0
20230502 12:15:01.001 15 0 4 1 0 1 0 80 19 0 0 1930 3030 0 565 3 1.95 1.46 1.16 2 1
20230502 12:15:01.101 13 0 4 4 0 0 0 78 18 0 0 3810 10300 0 565 3 1.95 1.46 1.16 3 0
20230502 12:15:01.201 17 0 3 0 0 0 0 80 20 0 0 1870 2860 0 565 3 1.95 1.46 1.16 3 0
20230502 12:15:01.301 17 0 8 0 0 1 0 75 25 0 0 3650 10450 0 565 3 1.95 1.46 1.16 3 0
20230502 12:15:01.401 17 0 3 0 0 0 0 80 20 0 0 2120 2790 0 565 4 1.95 1.46 1.16 3 0
20230502 12:15:01.501 15 0 4 0 0 2 0 79 21 0 0 1890 2690 0 565 3 1.95 1.46 1.16 3 0
20230502 12:15:01.601 15 0 4 2 0 0 0 79 19 0 0 2490 6200 0 565 3 1.95 1.46 1.16 3 1
20230502 12:15:01.701 12 0 2 6 0 0 0 80 14 0 0 2990 3770 0 565 3 1.95 1.46 1.16 2 1
20230502 12:15:01.801 14 0 4 4 0 1 0 77 19 0 0 2230 3610 80 567 3 1.95 1.46 1.16 3 2
20230502 12:15:01.901 19 0 10 11 0 3 0 57 32 0 0 4840 9790 110 569 3 1.95 1.46 1.16 3 1
20230502 12:15:02.001 16 0 2 5 0 4 0 73 22 0 0 2370 3120 0 568 3 1.95 1.46 1.16 3 0
20230502 12:15:02.101 19 0 5 0 0 1 0 75 25 0 0 3600 7550 0 568 3 1.95 1.46 1.16 3 0
20230502 12:15:02.201 16 0 3 0 0 0 0 80 20 0 0 1910 3080 0 568 3 1.95 1.46 1.16 3 0
20230502 12:15:02.301 16 0 9 1 0 1 0 74 25 0 0 3930 9710 0 568 3 1.95 1.46 1.16 2 1
20230502 12:15:02.401 12 0 3 4 0 0 0 80 15 0 0 2890 3770 0 568 3 1.95 1.46 1.16 3 0
20230502 12:15:02.501 18 0 2 0 0 0 0 80 20 0 0 1950 2740 0 568 3 1.95 1.46 1.16 3 0
20230502 12:15:02.601 16 0 6 0 0 0 0 78 22 0 0 2290 5740 0 568 3 1.95 1.46 1.16 4 0
20230502 12:15:02.701 16 0 3 0 0 0 0 81 19 0 0 2840 3270 0 568 3 1.95 1.46 1.16 3 0
20230502 12:15:02.801 12 0 4 3 0 1 0 80 17 0 0 2180 3740 0 568 3 1.95 1.46 1.16 3 0
20230502 12:15:02.901 13 0 11 0 0 0 0 76 24 0 0 4170 10430 70 565 2 1.95 1.46 1.16 2 0
20230502 12:15:03.001 11 0 2 0 0 1 0 85 15 0 0 2620 2060 0 565 2 1.95 1.46 1.16 2 0
20230502 12:15:03.101 11 0 6 0 0 2 0 81 19 0 0 3160 7530 0 565 2 1.95 1.46 1.16 2 0
20230502 12:15:03.201 10 0 3 0 0 1 0 86 14 0 0 1360 2240 0 565 3 1.95 1.46 1.16 2 0
20230502 12:15:03.301 13 0 6 0 0 1 0 81 19 0 0 3490 9250 0 565 2 1.95 1.46 1.16 3 0
20230502 12:15:03.401 11 0 3 0 0 0 0 86 14 0 0 1640 2310 0 565 4 1.95 1.46 1.16 2 0
20230502 12:15:03.501 12 0 1 0 0 0 0 87 13 0 0 1770 2660 0 565 2 1.95 1.46 1.16 2 0
20230502 12:15:03.601 12 0 5 0 0 0 0 82 18 0 0 1950 4400 0 565 2 1.95 1.46 1.16 8 0
20230502 12:15:03.701 12 0 2 0 0 1 0 85 15 0 0 2390 3500 0 565 2 1.95 1.46 1.16 2 0
20230502 12:15:03.801 11 0 2 0 0 0 0 87 13 0 0 1590 2600 0 565 2 1.95 1.46 1.16 2 0
20230502 12:15:03.901 11 0 11 0 0 0 0 78 22 0 0 3460 9270 0 565 2 1.95 1.46 1.16 2 0
20230502 12:15:04.001 11 0 2 0 0 0 0 87 13 0 0 1630 2880 0 565 2 1.96 1.47 1.16 2 0
20230502 12:15:04.101 11 0 8 0 0 0 0 80 20 0 0 3350 7740 0 565 2 1.96 1.47 1.16 2 0
20230502 12:15:04.201 11 0 1 0 0 0 0 87 13 0 0 1580 3000 0 565 2 1.96 1.47 1.16 2 0
20230502 12:15:04.301 15 0 6 0 0 0 0 80 20 0 0 3590 8580 0 565 2 1.96 1.47 1.16 2 0
20230502 12:15:04.401 12 0 2 0 0 0 0 86 14 0 0 2050 3380 0 565 2 1.96 1.47 1.16 2 0
20230502 12:15:04.501 11 0 2 0 0 0 0 87 13 0 0 1870 3200 0 565 2 1.96 1.47 1.16 2 0
20230502 12:15:04.601 11 0 6 0 0 0 0 82 18 0 0 2160 6220 0 565 2 1.96 1.47 1.16 6 0
20230502 12:15:04.701 11 0 3 0 0 0 0 86 14 0 0 2410 3140 0 565 2 1.96 1.47 1.16 2 0
20230502 12:15:04.801 11 0 2 0 0 0 0 87 13 0 0 1610 3120 0 565 2 1.96 1.47 1.16 2 0
20230502 12:15:04.901 12 0 13 0 0 1 0 74 26 0 0 3970 10130 0 565 2 1.96 1.47 1.16 2 0
20230502 12:15:05.001 11 0 4 0 0 1 0 84 16 0 0 2470 5530 0 565 2 1.96 1.47 1.16 3 0
20230502 12:15:05.101 11 0 7 0 0 0 0 82 18 0 0 3470 8950 0 565 2 1.96 1.47 1.16 2 0
20230502 12:15:05.201 11 0 3 0 0 0 0 86 14 0 0 1750 3920 0 565 2 1.96 1.47 1.16 2 0
20230502 12:15:05.301 11 0 8 0 0 0 0 81 19 0 0 3790 10750 0 565 2 1.96 1.47 1.16 2 0
20230502 12:15:05.401 11 0 3 0 0 0 0 86 14 0 0 2460 3990 0 565 2 1.96 1.47 1.16 3 0
20230502 12:15:05.501 12 0 2 0 0 1 0 86 14 0 0 1820 3510 0 565 2 1.96 1.47 1.16 2 0
20230502 12:15:05.601 11 0 6 0 0 0 0 83 17 0 0 2110 5350 0 565 2 1.96 1.47 1.16 11 0
20230502 12:15:05.701 9 0 4 0 0 1 0 86 14 0 0 3040 4480 0 565 3 1.96 1.47 1.16 2 0
20230502 12:15:05.801 11 0 2 0 0 0 0 86 14 0 0 1630 3480 0 565 2 1.96 1.47 1.16 2 0
20230502 12:15:05.901 13 0 11 0 0 0 0 77 23 0 0 3370 9290 10 566 3 1.96 1.47 1.16 3 0
20230502 12:15:06.001 12 0 4 0 0 0 0 84 16 0 0 2990 4830 20 565 2 1.96 1.47 1.16 2 0
20230502 12:15:06.101 11 0 6 0 0 2 0 81 19 0 0 4000 8320 0 565 2 1.96 1.47 1.16 2 0
20230502 12:15:06.201 12 0 2 0 0 0 0 85 15 0 0 2040 4170 0 565 2 1.96 1.47 1.16 2 0
20230502 12:15:06.301 13 0 6 0 0 0 0 82 18 0 0 3850 10270 0 565 3 1.96 1.47 1.16 2 0
20230502 12:15:06.401 12 0 1 0 0 0 0 87 13 0 0 1880 3380 0 565 2 1.96 1.47 1.16 2 0
20230502 12:15:06.501 12 0 2 0 0 1 0 85 15 0 0 1770 3560 0 565 2 1.96 1.47 1.16 2 0
20230502 12:15:06.601 13 0 6 0 0 0 0 81 19 0 0 2860 6330 20 565 2 1.96 1.47 1.16 5 0
20230502 12:15:06.701 11 0 3 0 0 0 0 87 13 0 0 2650 4170 0 565 2 1.96 1.47 1.16 2 0
20230502 12:15:06.801 11 0 3 0 0 0 0 86 14 0 0 1720 3340 0 565 2 1.96 1.47 1.16 2 0
20230502 12:15:06.901 14 0 9 1 0 0 0 77 23 0 0 3980 10130 110 568 2 1.96 1.47 1.16 2 0
20230502 12:15:07.001 12 0 1 0 0 1 0 86 14 0 0 2390 3340 0 568 2 1.96 1.47 1.16 2 0
20230502 12:15:07.101 10 0 8 0 0 2 0 81 19 0 0 3630 9700 0 568 2 1.96 1.47 1.16 3 0
20230502 12:15:07.201 11 0 2 0 0 1 0 85 15 0 0 1780 3560 0 568 4 1.96 1.47 1.16 2 0
20230502 12:15:07.301 12 0 8 0 0 1 0 79 21 0 0 3730 10860 0 568 2 1.96 1.47 1.16 2 0
20230502 12:15:07.401 12 0 1 0 0 1 0 86 14 0 0 1740 3270 0 568 2 1.96 1.47 1.16 2 0
20230502 12:15:07.501 11 0 2 0 0 1 0 86 14 0 0 1900 3400 0 568 2 1.96 1.47 1.16 3 0
20230502 12:15:07.601 13 0 6 0 0 0 0 81 19 0 0 3030 7240 20 568 2 1.96 1.47 1.16 5 0
20230502 12:15:07.701 11 0 3 0 0 1 0 86 14 0 0 2820 3330 0 568 2 1.96 1.47 1.16 3 0
20230502 12:15:07.801 11 0 3 0 0 1 0 86 14 0 0 1650 3030 0 568 2 1.96 1.47 1.16 2 0
20230502 12:15:07.901 13 0 8 0 0 0 0 79 21 0 0 3780 8840 50 568 3 1.96 1.47 1.16 3 0
20230502 12:15:08.001 11 0 2 0 0 1 0 86 14 0 0 2530 3500 20 565 2 1.96 1.47 1.16 2 0
20230502 12:15:08.101 12 0 6 0 0 1 0 81 19 0 0 3760 8690 0 565 2 1.96 1.47 1.16 2 0
20230502 12:15:08.201 10 0 3 0 0 0 0 87 13 0 0 1750 2980 0 565 2 1.96 1.47 1.16 2 0
20230502 12:15:08.301 12 0 9 0 0 2 0 78 22 0 0 3660 10900 0 565 2 1.96 1.47 1.16 2 0
20230502 12:15:08.401 12 0 2 0 0 0 0 86 14 0 0 1710 3220 0 565 2 1.96 1.47 1.16 2 0
20230502 12:15:08.501 11 0 2 0 0 0 0 87 13 0 0 1740 3260 0 565 2 1.96 1.47 1.16 2 0
20230502 12:15:08.601 12 0 6 0 0 1 0 82 18 0 0 2080 5480 0 565 2 1.96 1.47 1.16 5 0
20230502 12:15:08.701 11 0 3 0 0 0 0 86 14 0 0 2690 3710 0 565 2 1.96 1.47 1.16 2 0
20230502 12:15:08.801 11 0 3 0 0 0 0 87 13 0 0 1610 3060 0 565 2 1.96 1.47 1.16 4 0
20230502 12:15:08.901 13 0 8 0 0 0 0 80 20 0 0 3530 9030 0 565 2 1.96 1.47 1.16 2 0
20230502 12:15:09.001 12 0 2 0 0 1 0 85 15 0 0 1680 3150 0 565 2 1.96 1.48 1.17 4 0
20230502 12:15:09.101 12 0 6 0 0 0 0 82 18 0 0 3550 8290 0 565 2 1.96 1.48 1.17 2 0
20230502 12:15:09.201 11 0 3 0 0 0 0 87 13 0 0 1610 3230 0 565 2 1.96 1.48 1.17 2 0
20230502 12:15:09.301 13 0 7 0 0 0 0 81 19 0 0 3660 10520 0 565 2 1.96 1.48 1.17 2 0
20230502 12:15:09.401 10 0 4 0 0 0 0 86 14 0 0 1700 3080 0 565 2 1.96 1.48 1.17 2 0
20230502 12:15:09.501 12 0 2 0 0 0 0 86 14 0 0 1700 3220 0 565 2 1.96 1.48 1.17 2 0
20230502 12:15:09.601 12 0 6 0 0 1 0 82 18 0 0 1990 4830 0 565 2 1.96 1.48 1.17 7 0
20230502 12:15:09.701 11 0 2 0 0 1 0 86 14 0 0 2870 4690 0 565 2 1.96 1.48 1.17 2 0
20230502 12:15:09.801 11 0 2 0 0 1 0 86 14 0 0 1540 2550 0 565 2 1.96 1.48 1.17 4 0
20230502 12:15:09.901 13 0 8 0 0 1 0 77 23 0 0 3760 8910 0 565 2 1.96 1.48 1.17 2 0
20230502 12:15:10.001 12 0 2 0 0 1 0 86 14 0 0 1620 3060 0 565 3 1.96 1.48 1.17 2 0
20230502 12:15:10.101 11 0 6 0 0 1 0 82 18 0 0 3170 7910 0 565 2 1.96 1.48 1.17 2 0
20230502 12:15:10.201 12 0 2 0 0 1 0 85 15 0 0 1690 3160 0 565 2 1.96 1.48 1.17 2 0
20230502 12:15:10.301 12 0 6 0 0 1 0 81 19 0 0 3550 7880 0 565 2 1.96 1.48 1.17 2 0
20230502 12:15:10.401 12 0 2 0 0 0 0 86 14 0 0 1960 2930 0 565 2 1.96 1.48 1.17 2 0
20230502 12:15:10.501 11 0 2 0 0 0 0 87 13 0 0 1710 3060 0 565 2 1.96 1.48 1.17 2 0
20230502 12:15:10.601 12 0 6 0 0 1 0 81 19 0 0 1980 4930 0 565 2 1.96 1.48 1.17 4 0
20230502 12:15:10.701 12 0 2 0 0 0 0 86 14 0 0 2700 3420 0 565 2 1.96 1.48 1.17 2 0
20230502 12:15:10.801 11 0 2 0 0 1 0 86 14 0 0 1610 2840 0 565 3 1.96 1.48 1.17 2 0
20230502 12:15:10.901 12 0 11 0 0 0 0 76 24 0 0 3530 10690 0 565 2 1.96 1.48 1.17 2 0
20230502 12:15:11.001 11 0 2 0 0 0 0 87 13 0 0 1750 3330 0 565 2 1.96 1.48 1.17 3 0
20230502 12:15:11.101 13 0 5 0 0 0 0 82 18 0 0 3270 6730 0 565 2 1.96 1.48 1.17 2 0
20230502 12:15:11.201 11 0 1 0 0 1 0 87 13 0 0 1680 3100 0 565 2 1.96 1.48 1.17 2 0
20230502 12:15:11.301 12 0 7 0 0 1 0 80 20 0 0 3620 7880 0 565 2 1.96 1.48 1.17 2 0
20230502 12:15:11.401 12 0 2 0 0 1 0 86 14 0 0 2010 3000 0 565 2 1.96 1.48 1.17 2 0
20230502 12:15:11.501 11 0 3 0 0 0 0 87 13 0 0 1660 2840 0 565 3 1.96 1.48 1.17 2 0
20230502 12:15:11.601 12 0 5 0 0 0 0 83 17 0 0 1970 4430 0 565 2 1.96 1.48 1.17 8 0
20230502 12:15:11.701 11 0 3 0 0 0 0 87 13 0 0 2660 3540 0 565 2 1.96 1.48 1.17 2 0
20230502 12:15:11.801 12 0 1 0 0 0 0 87 13 0 0 1700 2800 0 565 2 1.96 1.48 1.17 4 0
20230502 12:15:11.901 13 0 12 0 0 0 0 75 25 0 0 4140 10690 110 568 2 1.96 1.48 1.17 2 0
20230502 12:15:12.001 11 0 2 0 0 0 0 86 14 0 0 2110 3140 0 568 2 1.96 1.48 1.17 2 0
20230502 12:15:12.101 12 0 6 0 0 2 0 81 19 0 0 3300 7490 0 568 2 1.96 1.48 1.17 3 0
20230502 12:15:12.201 12 0 2 0 0 1 0 85 15 0 0 1640 2990 0 568 2 1.96 1.48 1.17 2 0
20230502 12:15:12.301 11 0 7 0 0 2 0 80 20 0 0 3670 9540 0 568 2 1.96 1.48 1.17 2 0
20230502 12:15:12.401 11 0 3 0 0 0 0 86 14 0 0 1820 3060 0 568 2 1.96 1.48 1.17 2 0
20230502 12:15:12.501 10 0 3 0 0 2 0 85 15 0 0 1670 2840 0 568 2 1.96 1.48 1.17 2 0
20230502 12:15:12.601 11 0 5 0 0 1 0 83 17 0 0 2060 5540 0 568 2 1.96 1.48 1.17 5 0
20230502 12:15:12.701 12 0 2 0 0 1 0 85 15 0 0 2590 3270 0 568 2 1.96 1.48 1.17 2 0
20230502 12:15:12.801 14 0 4 1 0 1 0 81 19 0 0 1830 3220 0 568 3 1.96 1.48 1.17 3 0
20230502 12:15:12.901 18 0 12 0 0 1 0 69 31 0 0 4550 10120 70 565 3 1.96 1.48 1.17 3 0
20230502 12:15:13.001 15 0 4 0 0 2 0 78 22 0 0 2930 3510 0 565 3 1.96 1.48 1.17 4 0
20230502 12:15:13.101 17 0 7 0 0 1 0 75 25 0 0 3740 8910 0 565 3 1.96 1.48 1.17 3 0
20230502 12:15:13.201 16 0 4 0 0 0 0 80 20 0 0 2060 3570 0 565 3 1.96 1.48 1.17 3 0
20230502 12:15:13.301 18 0 9 0 0 1 0 72 28 0 0 3880 11800 250 566 4 1.96 1.48 1.17 4 0
20230502 12:15:13.401 18 0 3 0 0 0 0 80 20 0 0 3300 3780 30 565 3 1.96 1.48 1.17 3 0
20230502 12:15:13.501 19 0 2 0 0 0 0 79 21 0 0 2250 5100 0 565 3 1.96 1.48 1.17 3 0
20230502 12:15:13.601 18 0 6 0 0 0 0 76 24 0 0 2480 6640 0 565 3 1.96 1.48 1.17 10 0
20230502 12:15:13.701 16 0 4 0 0 0 0 80 20 0 0 3030 6610 0 565 3 1.96 1.48 1.17 3 0
20230502 12:15:13.801 17 0 3 0 0 0 0 81 19 0 0 1970 3320 0 565 4 1.96 1.48 1.17 3 0
20230502 12:15:13.901 17 0 11 0 0 2 0 70 30 0 0 4530 10520 280 565 3 1.96 1.48 1.17 3 0
20230502 12:15:14.001 17 0 3 0 0 0 0 80 20 0 0 2450 3300 0 565 3 2.04 1.50 1.18 3 0
20230502 12:15:14.101 18 0 7 0 0 2 0 74 26 0 0 4040 8590 0 565 3 2.04 1.50 1.18 3 0
20230502 12:15:14.201 15 0 4 0 0 0 0 81 19 0 0 1890 3670 0 565 3 2.04 1.50 1.18 3 0
20230502 12:15:14.301 15 0 9 0 0 1 0 75 25 0 0 3610 9590 0 565 4 2.04 1.50 1.18 3 0
20230502 12:15:14.401 11 0 3 4 0 0 0 82 14 0 0 3140 3620 0 565 3 2.04 1.50 1.18 2 1
20230502 12:15:14.501 13 0 4 1 0 1 0 81 18 0 0 3050 3730 0 565 3 2.04 1.50 1.18 3 0
20230502 12:15:14.601 13 0 4 6 0 0 0 77 17 0 0 2210 5970 0 565 5 2.04 1.50 1.18 6 1
20230502 12:15:14.701 10 0 3 6 0 1 0 79 15 0 0 2710 4700 0 565 2 2.04 1.50 1.18 2 1
20230502 12:15:14.801 12 0 4 4 0 0 0 80 17 0 0 1870 3530 0 565 3 2.04 1.50 1.18 3 0
20230502 12:15:14.901 12 0 11 0 0 1 0 76 24 0 0 3890 9490 0 565 2 2.04 1.50 1.18 2 0
20230502 12:15:15.001 11 0 2 0 0 0 0 86 14 0 0 1670 3280 0 565 2 2.04 1.50 1.18 2 0
20230502 12:15:15.101 11 0 9 0 0 1 0 79 21 0 0 3370 9050 0 565 2 2.04 1.50 1.18 3 0
20230502 12:15:15.201 11 0 2 0 0 0 0 86 14 0 0 1630 3070 0 565 2 2.04 1.50 1.18 2 0
20230502 12:15:15.301 12 0 8 0 0 1 0 80 20 0 0 3640 11000 0 565 2 2.04 1.50 1.18 2 0
20230502 12:15:15.401 11 0 2 0 0 0 0 86 14 0 0 1930 3010 0 565 2 2.04 1.50 1.18 3 0
20230502 12:15:15.501 11 0 2 0 0 1 0 86 14 0 0 1730 3050 0 565 2 2.04 1.50 1.18 2 0
20230502 12:15:15.601 11 0 6 0 0 0 0 82 18 0 0 2050 6000 0 565 2 2.04 1.50 1.18 5 0
20230502 12:15:15.701 11 0 3 0 0 0 0 86 14 0 0 2700 3870 0 565 2 2.04 1.50 1.18 2 0
20230502 12:15:15.801 11 0 2 0 0 1 0 86 14 0 0 1700 3080 0 565 2 2.04 1.50 1.18 2 0
20230502 12:15:15.901 12 0 9 0 0 1 0 78 22 0 0 3550 9220 0 565 2 2.04 1.50 1.18 2 0
20230502 12:15:16.001 12 0 2 0 0 0 0 86 14 0 0 1630 3460 0 565 2 2.04 1.50 1.18 2 0
20230502 12:15:16.101 13 0 8 0 0 1 0 78 22 0 0 3700 8920 0 565 2 2.04 1.50 1.18 2 0
20230502 12:15:16.201 12 0 2 0 0 0 0 86 14 0 0 1700 3220 0 565 2 2.04 1.50 1.18 2 0
20230502 12:15:16.301 12 0 7 0 0 1 0 80 20 0 0 3550 9010 0 565 2 2.04 1.50 1.18 2 0
20230502 12:15:16.401 11 0 3 0 0 0 0 87 13 0 0 2090 3300 0 565 2 2.04 1.50 1.18 2 0
20230502 12:15:16.501 11 0 3 0 0 0 0 86 14 0 0 1740 2850 0 565 2 2.04 1.50 1.18 3 0
20230502 12:15:16.601 13 0 4 0 0 0 0 82 18 0 0 2140 5130 0 565 2 2.04 1.50 1.18 10 0
20230502 12:15:16.701 11 0 3 0 0 0 0 86 14 0 0 2750 4370 0 565 2 2.04 1.50 1.18 2 0
20230502 12:15:16.801 12 0 1 0 0 0 0 87 13 0 0 1680 3100 0 565 2 2.04 1.50 1.18 2 0
20230502 12:15:16.901 14 0 9 0 0 0 0 76 24 0 0 4060 9250 110 568 2 2.04 1.50 1.18 2 0
20230502 12:15:17.001 12 0 2 0 0 1 0 86 14 0 0 2290 3200 0 568 2 2.04 1.50 1.18 2 0
20230502 12:15:17.101 11 0 11 0 0 0 0 78 22 0 0 3650 8800 0 568 2 2.04 1.50 1.18 2 0
20230502 12:15:17.201 11 0 2 0 0 1 0 86 14 0 0 1630 3240 0 568 2 2.04 1.50 1.18 2 0
20230502 12:15:17.301 13 0 8 0 0 0 0 79 21 0 0 3500 10600 0 568 2 2.04 1.50 1.18 2 0
20230502 12:15:17.401 12 0 2 0 0 0 0 86 14 0 0 2070 3240 0 568 2 2.04 1.50 1.18 2 0
20230502 12:15:17.501 9 0 4 0 0 1 0 86 14 0 0 1680 3020 0 568 2 2.04 1.50 1.18 2 0
20230502 12:15:17.601 11 0 7 0 0 0 0 82 18 0 0 1940 6280 0 568 2 2.04 1.50 1.18 6 0
20230502 12:15:17.701 12 0 3 0 0 0 0 86 14 0 0 2570 3870 0 568 2 2.04 1.50 1.18 3 0
20230502 12:15:17.801 11 0 2 0 0 1 0 86 14 0 0 1720 3010 0 568 2 2.04 1.50 1.18 2 0
20230502 12:15:17.901 12 0 13 0 0 0 0 75 25 0 0 3530 10920 70 565 3 2.04 1.50 1.18 2 0
20230502 12:15:18.001 12 0 2 0 0 0 0 86 14 0 0 2740 3110 0 565 2 2.04 1.50 1.18 2 0
20230502 12:15:18.101 11 0 10 0 0 0 0 79 21 0 0 3370 8820 0 565 2 2.04 1.50 1.18 2 0
20230502 12:15:18.201 11 0 3 0 0 0 0 87 13 0 0 1700 3210 0 565 2 2.04 1.50 1.18 2 0
20230502 12:15:18.301 12 0 11 0 0 1 0 77 23 0 0 3390 11540 0 565 2 2.04 1.50 1.18 2 0
20230502 12:15:18.401 11 0 2 0 0 0 0 87 13 0 0 1920 3180 0 565 2 2.04 1.50 1.18 2 0
20230502 12:15:18.501 12 0 2 0 0 0 0 86 14 0 0 1750 3340 0 565 2 2.04 1.50 1.18 2 0
20230502 12:15:18.601 12 0 4 0 0 1 0 83 17 0 0 1970 4320 0 565 2 2.04 1.50 1.18 8 0
20230502 12:15:18.701 12 0 1 0 0 0 0 87 13 0 0 2480 3920 0 565 3 2.04 1.50 1.18 2 0
20230502 12:15:18.801 11 0 3 0 0 0 0 86 14 0 0 1650 3180 0 565 2 2.04 1.50 1.18 2 0
20230502 12:15:18.901 13 0 12 0 0 0 0 75 25 0 0 3910 9080 0 565 3 2.04 1.50 1.18 2 0
20230502 12:15:19.001 12 0 2 0 0 1 0 86 14 0 0 1750 3100 0 565 2 2.04 1.51 1.18 2 0
20230502 12:15:19.101 13 0 9 0 0 0 0 79 21 0 0 3370 7310 0 565 2 2.04 1.51 1.18 2 0
20230502 12:15:19.201 12 0 2 0 0 1 0 86 14 0 0 1720 3020 0 565 2 2.04 1.51 1.18 2 0
20230502 12:15:19.301 12 0 9 0 0 0 0 79 21 0 0 3540 8890 0 565 2 2.04 1.51 1.18 2 0
20230502 12:15:19.401 10 0 5 0 0 1 0 85 15 0 0 2210 3340 0 565 2 2.04 1.51 1.18 2 0
20230502 12:15:19.501 11 0 2 0 0 0 0 86 14 0 0 1690 3130 0 565 2 2.04 1.51 1.18 2 0
20230502 12:15:19.601 11 0 4 0 0 1 0 84 16 0 0 1960 4310 0 565 2 2.04 1.51 1.18 8 0
20230502 12:15:19.701 11 0 3 0 0 1 0 86 14 0 0 2670 3750 0 565 2 2.04 1.51 1.18 2 0
20230502 12:15:19.801 11 0 2 1 0 0 0 86 13 0 0 1630 3050 0 565 2 2.04 1.51 1.18 2 0
20230502 12:15:19.901 14 0 11 0 0 0 0 75 25 0 0 3300 9490 0 565 2 2.04 1.51 1.18 2 0
20230502 12:15:20.001 11 0 2 0 0 1 0 86 14 0 0 1680 2920 0 565 2 2.04 1.51 1.18 2 0
20230502 12:15:20.101 13 0 6 0 0 0 0 81 19 0 0 3100 9030 0 565 2 2.04 1.51 1.18 2 0
20230502 12:15:20.201 12 0 2 0 0 1 0 86 14 0 0 1830 4210 0 565 3 2.04 1.51 1.18 3 0
20230502 12:15:20.301 14 0 8 0 0 0 0 78 22 0 0 3640 11900 0 565 2 2.04 1.51 1.18 3 0
20230502 12:15:20.401 12 0 1 0 0 1 0 86 14 0 0 1770 3080 0 565 2 2.04 1.51 1.18 3 0
20230502 12:15:20.501 11 0 3 0 0 0 0 86 14 0 0 1780 3260 0 565 2 2.04 1.51 1.18 3 0
20230502 12:15:20.601 12 0 6 0 0 0 0 82 18 0 0 2200 5550 0 565 2 2.04 1.51 1.18 6 0
20230502 12:15:20.701 11 0 3 0 0 1 0 85 15 0 0 2670 4060 0 565 4 2.04 1.51 1.18 2 0
20230502 12:15:20.801 11 0 2 0 0 0 0 87 13 0 0 1720 3500 0 565 2 2.04 1.51 1.18 2 0
20230502 12:15:20.901 11 0 14 0 0 0 0 76 24 0 0 3840 9670 0 565 2 2.04 1.51 1.18 2 0
20230502 12:15:21.001 11 0 2 0 0 1 0 86 14 0 0 1860 4600 0 565 2 2.04 1.51 1.18 2 0
20230502 12:15:21.101 13 0 8 0 0 0 0 80 20 0 0 3440 8820 0 565 2 2.04 1.51 1.18 2 0
20230502 12:15:21.201 11 0 3 0 0 0 0 86 14 0 0 1730 3460 0 565 2 2.04 1.51 1.18 2 0
20230502 12:15:21.301 12 0 6 0 0 1 0 80 20 0 0 3600 10710 0 565 4 2.04 1.51 1.18 3 0
20230502 12:15:21.401 10 0 3 0 0 1 0 87 13 0 0 1900 3440 0 565 2 2.04 1.51 1.18 2 0
20230502 12:15:21.501 11 0 2 0 0 0 0 86 14 0 0 1830 3390 0 565 2 2.04 1.51 1.18 3 0
20230502 12:15:21.601 12 0 4 0 0 1 0 83 17 0 0 1990 5200 0 565 2 2.04 1.51 1.18 8 0
20230502 12:15:21.701 11 0 4 0 0 0 0 85 15 0 0 2620 4020 0 565 2 2.04 1.51 1.18 2 0
20230502 12:15:21.801 11 0 2 0 0 0 0 87 13 0 0 1710 3220 0 565 3 2.04 1.51 1.18 2 0
20230502 12:15:21.901 13 0 11 0 0 0 0 76 24 0 0 4150 10620 110 568 3 2.04 1.51 1.18 2 0
20230502 12:15:22.001 10 0 3 0 0 1 0 86 14 0 0 2450 3400 0 568 2 2.04 1.51 1.18 2 0
20230502 12:15:22.101 11 0 8 0 0 1 0 80 20 0 0 3580 8970 0 568 2 2.04 1.51 1.18 2 0
20230502 12:15:22.201 12 0 1 0 0 0 0 87 13 0 0 1750 3420 0 568 2 2.04 1.51 1.18 2 0
20230502 12:15:22.301 12 0 9 0 0 0 0 79 21 0 0 3530 10950 0 568 2 2.04 1.51 1.18 2 0
20230502 12:15:22.401 10 0 3 0 0 0 0 87 13 0 0 2120 3320 0 568 2 2.04 1.51 1.18 2 0
20230502 12:15:22.501 11 0 2 0 0 0 0 87 13 0 0 1840 3420 0 568 2 2.04 1.51 1.18 2 0
20230502 12:15:22.601 12 0 5 0 0 0 0 82 18 0 0 2020 4990 0 568 3 2.04 1.51 1.18 11 0
20230502 12:15:22.701 13 0 1 0 0 0 0 86 14 0 0 2790 4230 0 568 2 2.04 1.51 1.18 2 0
20230502 12:15:22.801 11 0 2 0 0 0 0 86 14 0 0 1670 3080 0 568 2 2.04 1.51 1.18 2 0
20230502 12:15:22.901 12 0 9 0 0 1 0 78 22 0 0 4000 9340 70 565 2 2.04 1.51 1.18 3 0
20230502 12:15:23.001 12 0 2 0 0 2 0 84 16 0 0 2950 3830 0 565 2 2.04 1.51 1.18 2 0
20230502 12:15:23.101 12 0 10 0 0 1 0 77 23 0 0 3400 8920 0 565 2 2.04 1.51 1.18 2 0
20230502 12:15:23.201 12 0 2 0 0 0 0 86 14 0 0 1620 3060 0 565 3 2.04 1.51 1.18 2 0
20230502 12:15:23.301 13 0 9 0 0 0 0 77 23 0 0 3710 11480 0 565 2 2.04 1.51 1.18 2 0
20230502 12:15:23.401 11 0 4 0 0 0 0 86 14 0 0 1940 3050 0 565 2 2.04 1.51 1.18 3 0
20230502 12:15:23.501 12 0 1 0 0 1 0 86 14 0 0 2250 2990 0 565 2 2.04 1.51 1.18 3 0
20230502 12:15:23.601 11 0 6 0 0 0 0 83 17 0 0 1980 4780 0 565 2 2.04 1.51 1.18 10 0
20230502 12:15:23.701 12 0 3 0 0 1 0 84 16 0 0 2890 4170 0 565 2 2.04 1.51 1.18 2 0
20230502 12:15:23.801 16 0 2 0 0 0 0 81 19 0 0 2390 6060 0 565 2 2.04 1.51 1.18 2 0
20230502 12:15:23.901 12 0 6 0 0 1 0 81 19 0 0 3480 9150 0 565 2 2.04 1.51 1.18 2 0
20230502 12:15:24.001 13 0 1 0 0 0 0 86 14 0 0 1720 2980 0 565 2 2.04 1.51 1.18 2 0
20230502 12:15:24.101 11 0 8 0 0 0 0 80 20 0 0 3350 8890 0 565 3 2.04 1.52 1.19 2 0
20230502 12:15:24.201 11 0 3 0 0 0 0 87 13 0 0 1570 3080 0 565 2 2.04 1.52 1.19 2 0
20230502 12:15:24.301 13 0 11 0 0 0 0 77 23 0 0 3510 12450 0 565 2 2.04 1.52 1.19 2 0
20230502 12:15:24.401 12 0 3 0 0 0 0 85 15 0 0 2270 4540 0 565 2 2.04 1.52 1.19 2 0
20230502 12:15:24.501 11 0 1 0 0 1 0 86 14 0 0 1850 4340 0 565 3 2.04 1.52 1.19 2 0
20230502 12:15:24.601 11 0 6 0 0 1 0 82 18 0 0 2210 7280 0 565 2 2.04 1.52 1.19 6 0
20230502 12:15:24.701 11 0 5 0 0 1 0 84 16 0 0 2640 3820 0 565 2 2.04 1.52 1.19 2 0
20230502 12:15:24.801 9 0 4 0 0 0 0 87 13 0 0 1650 3140 0 565 3 2.04 1.52 1.19 2 0
20230502 12:15:24.901 12 0 7 0 0 0 0 81 19 0 0 3420 8260 0 565 2 2.04 1.52 1.19 2 0
20230502 12:15:25.001 12 0 1 0 0 0 0 86 14 0 0 1620 3240 0 565 2 2.04 1.52 1.19 2 0
20230502 12:15:25.101 13 0 8 0 0 0 0 80 20 0 0 3360 8350 0 565 2 2.04 1.52 1.19 3 0
20230502 12:15:25.201 12 0 1 0 0 0 0 87 13 0 0 1600 3070 0 565 2 2.04 1.52 1.19 2 0
20230502 12:15:25.301 13 0 10 0 0 0 0 77 23 0 0 3530 12460 0 565 3 2.04 1.52 1.19 2 0
20230502 12:15:25.401 12 0 2 0 0 0 0 86 14 0 0 1790 2960 0 565 2 2.04 1.52 1.19 2 0
20230502 12:15:25.501 11 0 2 0 0 0 0 87 13 0 0 1760 3170 0 565 2 2.04 1.52 1.19 3 0
20230502 12:15:25.601 12 0 4 0 0 0 0 84 16 0 0 1980 5700 0 565 2 2.04 1.52 1.19 4 0
20230502 12:15:25.701 11 0 3 0 0 1 0 84 16 0 0 2790 3360 0 565 2 2.04 1.52 1.19 2 0
20230502 12:15:25.801 11 0 2 0 0 0 0 87 13 0 0 1630 2940 0 565 2 2.04 1.52 1.19 2 0
20230502 12:15:25.901 12 0 10 0 0 0 0 78 22 0 0 3450 8360 0 565 2 2.04 1.52 1.19 2 0
20230502 12:15:26.001 12 0 2 0 0 1 0 85 15 0 0 1690 3040 0 565 2 2.04 1.52 1.19 2 0
20230502 12:15:26.101 12 0 6 0 0 1 0 81 19 0 0 3330 6670 0 565 2 2.04 1.52 1.19 2 0
20230502 12:15:26.201 10 0 3 0 0 0 0 87 13 0 0 1220 1930 0 565 2 2.04 1.52 1.19 3 0
20230502 12:15:26.301 12 0 12 0 0 0 0 76 24 0 0 3460 13820 0 565 2 2.04 1.52 1.19 2 0
20230502 12:15:26.401 11 0 2 0 0 0 0 86 14 0 0 1800 3060 0 565 2 2.04 1.52 1.19 2 0
20230502 12:15:26.501 11 0 2 0 0 1 0 86 14 0 0 1800 3220 0 565 3 2.04 1.52 1.19 2 0
20230502 12:15:26.601 13 0 4 0 0 0 0 84 16 0 0 1950 5440 0 565 2 2.04 1.52 1.19 8 0
20230502 12:15:26.701 12 0 2 0 0 0 0 86 14 0 0 2760 3820 0 565 2 2.04 1.52 1.19 2 0
20230502 12:15:26.801 11 0 3 0 0 0 0 87 13 0 0 1590 3160 0 565 2 2.04 1.52 1.19 2 0
20230502 12:15:26.901 15 0 8 1 0 1 0 76 23 0 0 4130 9220 110 568 2 2.04 1.52 1.19 2 0
20230502 12:15:27.001 11 0 3 0 0 0 0 86 14 0 0 2100 3220 0 568 2 2.04 1.52 1.19 2 0
20230502 12:15:27.101 13 0 6 0 0 1 0 81 19 0 0 3440 7700 0 568 2 2.04 1.52 1.19 2 0
20230502 12:15:27.201 10 0 3 0 0 0 0 87 13 0 0 1580 3040 0 568 2 2.04 1.52 1.19 2 0
20230502 12:15:27.301 13 0 9 0 0 0 0 78 22 0 0 3630 10600 0 568 2 2.04 1.52 1.19 2 0
20230502 12:15:27.401 12 0 2 0 0 0 0 86 14 0 0 1800 2900 0 568 2 2.04 1.52 1.19 2 0
20230502 12:15:27.501 12 0 1 0 0 0 0 86 14 0 0 1760 3000 0 568 3 2.04 1.52 1.19 2 0
20230502 12:15:27.601 12 0 4 0 0 1 0 83 17 0 0 1960 5570 0 568 2 2.04 1.52 1.19 9 0
20230502 12:15:27.701 12 0 2 0 0 0 0 86 14 0 0 2840 4230 0 568 2 2.04 1.52 1.19 2 0
20230502 12:15:27.801 11 0 3 0 0 0 0 86 14 0 0 1610 3060 0 568 2 2.04 1.52 1.19 2 0
20230502 12:15:27.901 14 0 11 0 0 0 0 76 24 0 0 3830 10700 70 565 2 2.04 1.52 1.19 2 0
20230502 12:15:28.001 12 0 2 0 0 0 0 86 14 0 0 2420 3200 0 565 2 2.04 1.52 1.19 3 0
20230502 12:15:28.101 12 0 9 0 0 0 0 79 21 0 0 3390 8220 0 565 2 2.04 1.52 1.19 2 0
20230502 12:15:28.201 10 0 4 0 0 0 0 86 14 0 0 1630 3140 0 565 2 2.04 1.52 1.19 2 0
20230502 12:15:28.301 13 0 10 0 0 0 0 77 23 0 0 3610 11640 260 566 3 2.04 1.52 1.19 3 0
20230502 12:15:28.401 12 0 2 0 0 1 0 85 15 0 0 3250 3630 40 565 2 2.04 1.52 1.19 2 0
20230502 12:15:28.501 12 0 1 0 0 0 0 87 13 0 0 1800 3280 0 565 2 2.04 1.52 1.19 2 0
20230502 12:15:28.601 13 0 5 0 0 0 0 82 18 0 0 2340 5540 0 565 3 2.04 1.52 1.19 6 0
20230502 12:15:28.701 16 0 4 0 0 1 0 79 21 0 0 3050 4010 0 565 3 2.04 1.52 1.19 3 0
20230502 12:15:28.801 16 0 4 0 0 0 0 80 20 0 0 2290 3320 0 565 3 2.04 1.52 1.19 3 0
20230502 12:15:28.901 20 0 7 0 0 1 0 72 28 0 0 4370 10700 300 565 3 2.04 1.52 1.19 3 0
20230502 12:15:29.001 18 0 3 0 0 0 0 79 21 0 0 2880 3480 0 565 3 2.04 1.52 1.19 3 0
20230502 12:15:29.101 17 0 8 0 0 1 0 74 26 0 0 3760 8950 0 565 5 2.11 1.55 1.20 3 0
20230502 12:15:29.201 16 0 4 0 0 1 0 80 20 0 0 1970 3470 0 565 3 2.11 1.55 1.20 4 0
20230502 12:15:29.301 18 0 7 0 0 0 0 75 25 0 0 3660 9100 0 565 4 2.11 1.55 1.20 3 0
20230502 12:15:29.401 18 0 2 0 0 1 0 79 21 0 0 2210 3340 0 565 4 2.11 1.55 1.20 3 0
20230502 12:15:29.501 17 0 3 0 0 0 0 81 19 0 0 2010 3330 0 565 5 2.11 1.55 1.20 3 0
20230502 12:15:29.601 16 0 7 0 0 0 0 77 23 0 0 2290 6920 0 565 3 2.11 1.55 1.20 5 0
20230502 12:15:29.701 17 0 4 0 0 0 0 79 21 0 0 2910 3550 0 565 3 2.11 1.55 1.20 3 0
20230502 12:15:29.801 17 0 3 0 0 1 0 80 20 0 0 1990 3490 0 565 3 2.11 1.55 1.20 4 0
20230502 12:15:29.901 17 0 8 0 0 1 0 74 26 0 0 3700 8380 0 565 3 2.11 1.55 1.20 3 0
20230502 12:15:30.001 18 0 3 0 0 0 0 79 21 0 0 1860 3120 0 565 3 2.11 1.55 1.20 3 0
20230502 12:15:30.101 17 0 9 0 0 0 0 74 26 0 0 3660 10050 0 565 3 2.11 1.55 1.20 3 0
20230502 12:15:30.201 12 0 3 3 0 0 0 81 16 0 0 2390 3460 0 565 2 2.11 1.55 1.20 2 1
20230502 12:15:30.301 12 0 9 3 0 0 0 76 21 0 0 4470 10300 0 565 2 2.11 1.55 1.20 2 1
20230502 12:15:30.401 12 0 2 6 0 1 0 80 15 0 0 2840 4100 0 565 2 2.11 1.55 1.20 2 1
20230502 12:15:30.501 12 0 2 6 0 0 0 80 14 0 0 1940 3510 0 565 2 2.11 1.55 1.20 4 1
20230502 12:15:30.601 11 0 5 6 0 0 0 77 16 0 0 2060 5210 0 565 2 2.11 1.55 1.20 7 1
20230502 12:15:30.701 17 0 6 0 0 1 0 76 24 0 0 4020 4180 0 565 3 2.11 1.55 1.20 3 0
20230502 12:15:30.801 16 0 4 0 0 0 0 80 20 0 0 1910 2960 0 565 3 2.11 1.55 1.20 4 0
20230502 12:15:30.901 17 0 10 0 0 0 0 73 27 0 0 3910 9320 0 565 3 2.11 1.55 1.20 3 0
20230502 12:15:31.001 16 0 4 0 0 1 0 80 20 0 0 1920 3050 0 565 3 2.11 1.55 1.20 3 0
20230502 12:15:31.101 19 0 10 0 0 0 0 72 28 0 0 3510 9560 0 565 3 2.11 1.55 1.20 3 0
20230502 12:15:31.201 15 0 4 1 0 0 0 81 19 0 0 2040 3150 0 565 2 2.11 1.55 1.20 2 1
20230502 12:15:31.301 13 0 6 4 0 0 0 77 19 0 0 3910 9640 0 565 3 2.11 1.55 1.20 3 0
20230502 12:15:31.401 16 0 3 0 0 1 0 80 20 0 0 2040 2840 0 565 4 2.11 1.55 1.20 3 0
20230502 12:15:31.501 17 0 4 0 0 0 0 80 20 0 0 2030 2900 0 565 3 2.11 1.55 1.20 3 0
20230502 12:15:31.601 17 0 7 0 0 0 0 76 24 0 0 2620 5300 0 565 3 2.11 1.55 1.20 12 0
20230502 12:15:31.701 16 0 6 0 0 0 0 78 22 0 0 2880 4660 0 565 3 2.11 1.55 1.20 3 0
20230502 12:15:31.801 14 0 3 2 0 0 0 81 18 0 0 2080 3190 0 565 2 2.11 1.55 1.20 2 1
20230502 12:15:31.901 13 0 10 9 0 1 0 67 23 0 0 4650 12220 110 568 2 2.11 1.55 1.20 2 2
20230502 12:15:32.001 16 0 2 7 0 1 0 74 19 0 0 2460 3260 0 568 3 2.11 1.55 1.20 3 1
20230502 12:15:32.101 18 0 8 3 0 0 0 72 25 0 0 3590 8890 0 568 5 2.11 1.55 1.20 3 0
20230502 12:15:32.201 16 0 4 0 0 0 0 80 20 0 0 1900 3240 0 568 3 2.11 1.55 1.20 3 0
20230502 12:15:32.301 17 0 8 0 0 1 0 75 25 0 0 3710 10640 0 568 3 2.11 1.55 1.20 3 0
20230502 12:15:32.401 16 0 4 0 0 1 0 80 20 0 0 2210 3000 0 568 3 2.11 1.55 1.20 3 0
20230502 12:15:32.501 16 0 4 1 0 0 0 80 19 0 0 2230 4360 0 568 2 2.11 1.55 1.20 2 1
20230502 12:15:32.601 14 0 3 4 0 0 0 79 17 0 0 2530 6020 0 568 3 2.11 1.55 1.20 7 0
20230502 12:15:32.701 16 0 4 0 0 1 0 80 20 0 0 2990 3840 0 568 3 2.11 1.55 1.20 3 0
20230502 12:15:32.801 17 0 3 0 0 0 0 81 19 0 0 1880 2920 0 568 3 2.11 1.55 1.20 3 0
20230502 12:15:32.901 18 0 7 0 0 1 0 74 26 0 0 4010 8800 70 565 3 2.11 1.55 1.20 3 0
20230502 12:15:33.001 18 0 2 0 0 0 0 81 19 0 0 2660 2980 0 565 3 2.11 1.55 1.20 3 0
20230502 12:15:33.101 16 0 11 0 0 0 0 74 26 0 0 3490 8480 0 565 4 2.11 1.55 1.20 5 0
20230502 12:15:33.201 12 0 3 4 0 1 0 81 15 0 0 2350 3800 0 565 2 2.11 1.55 1.20 2 1
20230502 12:15:33.301 17 0 6 0 0 0 0 77 23 0 0 3680 9270 0 565 3 2.11 1.55 1.20 3 0
20230502 12:15:33.401 17 0 3 0 0 0 0 81 19 0 0 2480 3220 0 565 3 2.11 1.55 1.20 3 0
20230502 12:15:33.501 18 0 2 0 0 0 0 81 19 0 0 1990 3130 0 565 3 2.11 1.55 1.20 3 0
20230502 12:15:33.601 15 0 8 0 0 0 0 77 23 0 0 2170 5250 0 565 3 2.11 1.55 1.20 9 0
20230502 12:15:33.701 16 0 4 0 0 0 0 80 20 0 0 3250 4410 0 565 5 2.11 1.55 1.20 3 0
20230502 12:15:33.801 15 0 3 2 0 0 0 80 19 0 0 1990 3090 0 565 3 2.11 1.55 1.20 3 1
20230502 12:15:33.901 12 0 7 6 0 1 0 75 20 0 0 3900 9470 0 565 2 2.11 1.55 1.20 2 1
20230502 12:15:34.001 16 0 2 2 0 1 0 80 18 0 0 1810 3210 0 565 3 2.11 1.55 1.20 3 0
20230502 12:15:34.101 18 0 7 0 0 0 0 76 24 0 0 3420 10290 0 565 3 2.18 1.57 1.21 3 0
20230502 12:15:34.201 17 0 3 0 0 0 0 80 20 0 0 1880 2800 0 565 3 2.18 1.57 1.21 3 0
20230502 12:15:34.301 19 0 8 0 0 0 0 73 27 0 0 3570 10100 0 565 3 2.18 1.57 1.21 3 0
20230502 12:15:34.401 16 0 3 0 0 0 0 81 19 0 0 2330 2960 0 565 3 2.18 1.57 1.21 3 0
20230502 12:15:34.501 15 0 3 1 0 0 0 81 18 0 0 2120 3150 0 565 2 2.18 1.57 1.21 2 1
20230502 12:15:34.601 12 0 5 4 0 0 0 78 17 0 0 2470 5880 0 565 3 2.18 1.57 1.21 10 0
20230502 12:15:34.701 16 0 3 0 0 2 0 79 21 0 0 3100 4440 0 565 3 2.18 1.57 1.21 3 0
20230502 12:15:34.801 16 0 3 0 0 0 0 81 19 0 0 1800 2970 0 565 3 2.18 1.57 1.21 3 0
20230502 12:15:34.901 17 0 9 0 0 1 0 73 27 0 0 4100 8090 0 565 3 2.18 1.57 1.21 3 0
20230502 12:15:35.001 16 0 4 0 0 0 0 80 20 0 0 1930 2890 0 565 3 2.18 1.57 1.21 3 0
20230502 12:15:35.101 17 0 9 0 0 0 0 74 26 0 0 3680 9040 0 565 3 2.18 1.57 1.21 3 0
20230502 12:15:35.201 12 0 4 3 0 0 0 81 16 0 0 2180 3350 0 565 2 2.18 1.57 1.21 2 1
20230502 12:15:35.301 16 0 9 1 0 0 0 73 26 0 0 3800 11600 0 565 3 2.18 1.57 1.21 3 0
20230502 12:15:35.401 17 0 2 0 0 1 0 80 20 0 0 2200 2760 0 565 3 2.18 1.57 1.21 3 0
20230502 12:15:35.501 17 0 3 0 0 0 0 81 19 0 0 1960 3060 0 565 4 2.18 1.57 1.21 3 0
20230502 12:15:35.601 17 0 6 0 0 0 0 77 23 0 0 2140 5230 0 565 3 2.18 1.57 1.21 12 0
20230502 12:15:35.701 16 0 6 0 0 0 0 78 22 0 0 2830 4710 0 565 4 2.18 1.57 1.21 3 0
20230502 12:15:35.801 19 0 1 0 0 0 0 80 20 0 0 1900 2790 0 565 3 2.18 1.57 1.21 3 0
20230502 12:15:35.901 14 0 8 5 0 0 0 73 22 0 0 4160 10760 0 565 2 2.18 1.57 1.21 2 1
20230502 12:15:36.001 16 0 4 0 0 1 0 80 20 0 0 1840 3140 0 565 3 2.18 1.57 1.21 3 0
20230502 12:15:36.101 18 0 9 0 0 0 0 72 28 0 0 3440 9920 0 565 3 2.18 1.57 1.21 3 0
20230502 12:15:36.201 16 0 4 0 0 0 0 80 20 0 0 1900 2910 0 565 3 2.18 1.57 1.21 3 0
20230502 12:15:36.301 17 0 10 0 0 1 0 72 28 0 0 3570 10270 0 565 5 2.18 1.57 1.21 4 0
20230502 12:15:36.401 17 0 3 0 0 0 0 81 19 0 0 2220 2790 0 565 3 2.18 1.57 1.21 3 0
20230502 12:15:36.501 11 0 3 6 0 1 0 80 15 0 0 2410 4020 0 565 2 2.18 1.57 1.21 2 1
20230502 12:15:36.601 14 0 5 3 0 1 0 77 20 0 0 2170 6490 0 565 3 2.18 1.57 1.21 7 0
20230502 12:15:36.701 16 0 6 0 0 0 0 78 22 0 0 3190 4090 0 565 3 2.18 1.57 1.21 3 0
20230502 12:15:36.801 16 0 3 0 0 0 0 81 19 0 0 1890 3410 0 565 3 2.18 1.57 1.21 3 0
20230502 12:15:36.901 19 0 10 4 0 0 0 67 29 0 0 4630 10160 110 568 3 2.18 1.57 1.21 3 1
20230502 12:15:37.001 17 0 2 1 0 1 0 79 20 0 0 2430 3630 0 568 3 2.18 1.57 1.21 3 0
20230502 12:15:37.101 14 0 9 2 0 1 0 73 24 0 0 4560 9990 0 568 2 2.18 1.57 1.21 2 1
20230502 12:15:37.201 14 0 4 2 0 0 0 80 18 0 0 2140 3680 0 568 3 2.18 1.57 1.21 4 0
20230502 12:15:37.301 17 0 12 0 0 0 0 71 29 0 0 3630 12590 0 568 3 2.18 1.57 1.21 3 0
20230502 12:15:37.401 17 0 4 0 0 0 0 79 21 0 0 2330 3640 0 568 3 2.18 1.57 1.21 3 0
20230502 12:15:37.501 17 0 3 0 0 0 0 80 20 0 0 2030 3320 0 568 3 2.18 1.57 1.21 3 0
20230502 12:15:37.601 18 0 5 0 0 0 0 77 23 0 0 2250 6190 0 568 3 2.18 1.57 1.21 8 0
20230502 12:15:37.701 17 0 4 0 0 0 0 79 21 0 0 3000 4450 0 568 3 2.18 1.57 1.21 3 0
20230502 12:15:37.801 16 0 3 1 0 0 0 80 19 0 0 2180 3620 0 568 2 2.18 1.57 1.21 2 1
20230502 12:15:37.901 14 0 6 4 0 1 0 75 21 0 0 4680 11260 70 565 3 2.18 1.57 1.21 3 0
20230502 12:15:38.001 18 0 3 0 0 0 0 79 21 0 0 3000 3520 0 565 3 2.18 1.57 1.21 3 0
20230502 12:15:38.101 16 0 12 0 0 0 0 72 28 0 0 3680 10550 0 565 4 2.18 1.57 1.21 3 0
20230502 12:15:38.201 19 0 2 0 0 0 0 79 21 0 0 1920 3290 0 565 3 2.18 1.57 1.21 3 0
20230502 12:15:38.301 16 0 11 0 0 1 0 73 27 0 0 3590 10710 0 565 3 2.18 1.57 1.21 3 0
20230502 12:15:38.401 18 0 3 0 0 0 0 79 21 0 0 2220 3250 0 565 3 2.18 1.57 1.21 3 0
20230502 12:15:38.501 16 0 4 0 0 0 0 80 20 0 0 2000 3340 0 565 5 2.18 1.57 1.21 3 0
20230502 12:15:38.601 11 0 5 5 0 0 0 78 17 0 0 2540 6330 0 565 2 2.18 1.57 1.21 8 1
20230502 12:15:38.701 11 0 4 5 0 1 0 79 16 0 0 2810 4760 0 565 3 2.18 1.57 1.21 3 0
20230502 12:15:38.801 16 0 4 0 0 0 0 80 20 0 0 1940 3200 0 565 4 2.18 1.57 1.21 4 0
20230502 12:15:38.901 16 0 14 0 0 0 0 70 30 0 0 3910 9990 0 565 4 2.18 1.57 1.21 3 0
20230502 12:15:39.001 18 0 2 0 0 0 0 80 20 0 0 1890 3310 0 565 3 2.18 1.57 1.21 3 0
20230502 12:15:39.101 18 0 7 0 0 0 0 75 25 0 0 3560 9220 0 565 3 2.25 1.59 1.22 4 0
20230502 12:15:39.201 16 0 4 0 0 0 0 80 20 0 0 1880 3240 0 565 4 2.25 1.59 1.22 4 0
20230502 12:15:39.301 14 0 8 3 0 1 0 74 23 0 0 4050 11870 0 565 2 2.25 1.59 1.22 2 1
20230502 12:15:39.401 14 0 3 2 0 0 0 81 17 0 0 2540 4580 0 565 4 2.25 1.59 1.22 3 0
20230502 12:15:39.501 11 0 9 0 0 0 0 80 20 0 0 2360 3360 0 565 3 2.25 1.59 1.22 3 0
20230502 12:15:39.601 13 0 9 0 0 0 0 78 22 0 0 2420 5060 0 565 3 2.25 1.59 1.22 10 0
20230502 12:15:39.701 18 0 3 0 0 0 0 79 21 0 0 2920 4410 0 565 3 2.25 1.59 1.22 3 0
20230502 12:15:39.801 17 0 3 0 0 1 0 80 20 0 0 1870 3060 0 565 3 2.25 1.59 1.22 3 0
20230502 12:15:39.901 19 0 8 0 0 0 0 73 27 0 0 3760 9720 0 565 3 2.25 1.59 1.22 3 0
20230502 12:15:40.001 23 0 2 0 0 0 0 74 26 0 0 3530 3560 0 565 3 2.25 1.59 1.22 3 0
20230502 12:15:40.101 18 0 4 0 0 1 0 76 24 0 0 3530 8760 0 565 3 2.25 1.59 1.22 3 0
20230502 12:15:40.201 17 0 3 0 0 0 0 80 20 0 0 1930 3370 0 565 3 2.25 1.59 1.22 3 0
20230502 12:15:40.301 14 0 11 2 0 1 0 71 26 0 0 4080 10300 0 565 2 2.25 1.59 1.22 3 0
20230502 12:15:40.401 13 0 4 2 0 1 0 80 17 0 0 2340 3900 0 565 3 2.25 1.59 1.22 3 0
20230502 12:15:40.501 18 0 2 0 0 0 0 80 20 0 0 2080 3160 0 565 3 2.25 1.59 1.22 3 0
20230502 12:15:40.601 13 0 6 0 0 0 0 82 18 0 0 4970 6420 10 541 0 2.25 1.59 1.22 7 0
20230502 12:15:40.701 1 0 1 0 0 0 0 99 1 0 0 2270 3520 0 541 1 2.25 1.59 1.22 0 0
20230502 12:15:40.801 1 0 0 0 0 0 0 99 1 0 0 520 630 0 541 0 2.25 1.59 1.22 0 0
20230502 12:15:40.901 1 0 11 0 0 0 0 87 13 0 0 2610 8140 0 541 0 2.25 1.59 1.22 0 0
20230502 12:15:41.001 1 0 0 0 0 0 0 99 1 0 0 250 360 0 541 0 2.25 1.59 1.22 0 0
20230502 12:15:41.101 1 0 11 0 0 0 0 88 12 0 0 2140 6610 0 541 0 2.25 1.59 1.22 0 0
20230502 12:15:41.201 0 0 1 0 0 0 0 99 1 0 0 220 650 0 541 0 2.25 1.59 1.22 0 0
20230502 12:15:41.301 1 0 12 0 0 1 0 87 13 0 0 2290 9060 0 541 0 2.25 1.59 1.22 0 0
20230502 12:15:41.401 0 0 0 0 0 0 0 100 0 0 0 450 220 0 541 0 2.25 1.59 1.22 0 0
20230502 12:15:41.501 0 0 0 0 0 0 0 100 0 0 0 280 300 0 541 0 2.25 1.59 1.22 0 0
20230502 12:15:41.601 0 0 3 0 0 0 0 97 3 0 0 550 2340 0 541 0 2.25 1.59 1.22 5 0
20230502 12:15:41.701 1 0 3 0 0 0 0 97 3 0 0 2080 1050 0 541 0 2.25 1.59 1.22 0 0
20230502 12:15:41.801 1 0 2 0 0 0 0 96 4 0 0 1350 1670 30 541 1 2.25 1.59 1.22 3 0
20230502 12:15:41.901 3 0 13 0 0 0 0 84 16 0 0 3590 8850 90 544 0 2.25 1.59 1.22 0 0
20230502 12:15:42.001 1 0 0 0 0 0 0 99 1 0 0 500 420 0 544 1 2.25 1.59 1.22 0 0
20230502 12:15:42.101 1 0 11 0 0 0 0 88 12 0 0 2850 7830 0 544 0 2.25 1.59 1.22 0 0
20230502 12:15:42.201 1 0 1 0 0 0 0 98 2 0 0 470 1480 0 544 0 2.25 1.59 1.22 0 0
20230502 12:15:42.301 1 0 14 0 0 0 0 85 15 0 0 2360 11770 240 545 1 2.25 1.59 1.22 1 0
20230502 12:15:42.401 1 0 1 0 0 0 0 99 1 0 0 1570 1450 40 544 0 2.25 1.59 1.22 0 0
20230502 12:15:42.501 0 0 1 0 0 0 0 99 1 0 0 370 760 0 544 0 2.25 1.59 1.22 0 0
20230502 12:15:42.601 0 0 3 0 0 0 0 97 3 0 0 660 2260 0 544 7 2.25 1.59 1.22 11 0
20230502 12:15:42.701 1 0 2 0 0 0 0 96 4 0 0 1620 1850 0 544 0 2.25 1.59 1.22 0 0
20230502 12:15:42.801 0 0 0 0 0 0 0 100 0 0 0 250 760 0 544 0 2.25 1.59 1.22 0 0
20230502 12:15:42.901 2 0 14 0 0 0 0 84 16 0 0 3250 10140 310 541 0 2.25 1.59 1.22 0 0
20230502 12:15:43.001 1 0 0 0 0 0 0 99 1 0 0 1640 400 0 541 0 2.25 1.59 1.22 0 0
20230502 12:15:43.101 1 0 11 0 0 0 0 88 12 0 0 2400 6850 0 541 0 2.25 1.59 1.22 0 0
20230502 12:15:43.201 0 0 0 0 0 0 0 100 0 0 0 250 260 0 541 0 2.25 1.59 1.22 0 0
20230502 12:15:43.301 1 0 11 0 0 0 0 88 12 0 0 2390 8710 0 541 0 2.25 1.59 1.22 0 0
20230502 12:15:43.401 0 0 0 0 0 0 0 100 0 0 0 850 260 0 541 0 2.25 1.59 1.22 0 0
20230502 12:15:43.501 0 0 1 0 0 0 0 99 1 0 0 320 340 0 541 0 2.25 1.59 1.22 0 0
20230502 12:15:43.601 0 0 3 0 0 0 0 97 3 0 0 520 1130 0 541 8 2.25 1.59 1.22 11 0
