Date Time [CPU]User% [CPU]Nice% [CPU]Sys% [CPU]Wait% [CPU]Irq% [CPU]Soft% [CPU]Steal% [CPU]Idle% [CPU]Totl% [CPU]Guest% [CPU]GuestN% [CPU]Intrpt/sec [CPU]Ctx/sec [CPU]Proc/sec [CPU]ProcQue [CPU]ProcRun [CPU]L-Avg1 [CPU]L-Avg5 [CPU]L-Avg15 [CPU]RunTot [CPU]BlkTot [NET]RxPktTot [NET]TxPktTot [NET]RxKBTot [NET]TxKBTot [NET]RxCmpTot [NET]RxMltTot [NET]TxCmpTot [NET]RxErrsTot [NET]TxErrsTot [DSK]ReadTot [DSK]WriteTot [DSK]OpsTot [DSK]ReadKBTot [DSK]WriteKBTot [DSK]KbTot [DSK]ReadMrgTot [DSK]WriteMrgTot [DSK]MrgTot
20230509 23:42:26.404 56 0 4 0 0 0 0 40 60 0 0 4544 1204 0 387 12 1.16 1.59 2.17 12 0 777 0 46 0 0 777 0 0 0 0 0 0 0 0 0 0 0 0
20230509 23:42:26.501 55 0 5 0 0 0 0 40 60 0 0 4629 1577 0 387 12 1.16 1.59 2.17 12 0 794 10 48 1 0 773 0 0 0 0 0 0 0 0 0 0 0 0
20230509 23:42:26.604 56 0 5 0 0 0 0 39 61 0 0 4485 1204 0 387 12 1.16 1.59 2.17 12 0 670 0 39 0 0 660 0 0 0 0 0 0 0 0 0 0 0 0
20230509 23:42:26.701 56 0 6 0 0 0 0 38 62 0 0 5186 2464 124 390 12 1.16 1.59 2.17 12 0 505 0 30 0 0 505 0 10 0 0 0 0 0 0 0 0 0 0
20230509 23:42:26.804 59 0 1 0 0 0 0 40 60 0 0 4922 1223 0 390 12 1.16 1.59 2.17 12 0 883 0 52 0 0 883 0 0 0 0 0 0 0 0 0 0 0 0
20230509 23:42:26.901 59 0 1 0 0 0 0 40 60 0 0 4381 1423 0 390 12 1.16 1.59 2.17 12 0 557 0 33 0 0 557 0 0 0 0 0 0 0 0 0 0 0 0
20230509 23:42:27.001 59 0 1 0 0 0 0 40 60 0 0 4270 1350 0 390 12 1.16 1.59 2.17 12 0 670 0 39 0 0 670 0 0 0 0 0 0 0 0 0 0 0 0
20230509 23:42:27.101 59 0 1 0 0 0 0 40 60 0 0 4410 1520 0 390 12 1.16 1.59 2.17 12 0 460 10 27 1 0 450 0 0 0 0 0 0 0 0 0 0 0 0
20230509 23:42:27.201 59 0 1 0 0 0 0 40 60 0 0 4180 1280 0 390 12 1.16 1.59 2.17 12 0 500 0 29 0 0 500 0 0 0 0 0 0 0 0 0 0 0 0
20230509 23:42:27.301 60 0 0 0 0 0 0 40 60 0 0 4680 1900 0 390 12 1.16 1.59 2.17 12 0 600 0 35 0 0 600 0 0 0 0 40 40 0 1480 1480 0 330 330
20230509 23:42:27.401 60 0 1 0 0 0 0 40 60 0 0 4610 1540 0 390 12 1.16 1.59 2.17 12 0 850 0 50 0 0 850 0 0 0 0 0 0 0 0 0 0 0 0
20230509 23:42:27.501 59 0 1 0 0 0 0 40 60 0 0 4510 1540 0 390 12 1.16 1.59 2.17 12 0 680 0 40 0 0 680 0 0 0 0 0 0 0 0 0 0 0 0
20230509 23:42:27.601 52 0 9 0 0 0 0 40 60 0 0 4470 1260 0 390 12 1.16 1.59 2.17 12 0 810 0 47 0 0 810 0 0 0 0 0 0 0 0 0 0 0 0
20230509 23:42:27.701 44 0 16 0 0 0 0 40 60 0 0 5180 2370 90 387 12 1.16 1.59 2.17 12 0 670 0 39 0 0 670 0 0 0 0 0 0 0 0 0 0 0 0
20230509 23:42:27.801 55 0 5 0 0 0 0 40 60 0 0 5380 1510 0 387 12 1.16 1.59 2.17 12 0 660 0 39 0 0 660 0 0 0 0 0 0 0 0 0 0 0 0
20230509 23:42:27.901 54 0 6 0 0 0 0 40 60 0 0 4580 1580 0 387 12 1.16 1.59 2.17 12 0 590 0 35 0 0 590 0 0 0 0 0 0 0 0 0 0 0 0
20230509 23:42:28.001 46 0 14 0 0 0 0 40 60 0 0 4630 2630 0 387 12 1.16 1.59 2.17 12 0 870 0 51 0 0 870 0 0 0 0 0 0 0 0 0 0 0 0
20230509 23:42:28.101 52 0 8 0 0 0 0 40 60 0 0 4630 1710 0 387 12 2.02 1.76 2.22 12 0 710 0 42 0 0 710 0 0 0 0 0 0 0 0 0 0 0 0
20230509 23:42:28.201 44 0 17 0 0 0 0 40 60 0 0 4790 1460 0 387 12 2.02 1.76 2.22 12 0 910 0 53 0 0 910 0 0 0 0 0 0 0 0 0 0 0 0
20230509 23:42:28.301 48 0 12 0 0 0 0 40 60 0 0 4590 1840 0 387 12 2.02 1.76 2.22 12 0 610 0 36 0 0 610 0 0 0 0 0 0 0 0 0 0 0 0
20230509 23:42:28.401 54 0 6 0 0 0 0 40 60 0 0 4550 1380 0 387 12 2.02 1.76 2.22 12 0 960 0 56 0 0 960 0 0 0 0 0 0 0 0 0 0 0 0
20230509 23:42:28.501 54 0 6 0 0 0 0 40 60 0 0 4670 1480 0 387 12 2.02 1.76 2.22 12 0 700 0 41 0 0 700 0 0 0 0 0 0 0 0 0 0 0 0
20230509 23:42:28.601 54 0 7 0 0 0 0 40 60 0 0 4130 1330 0 387 12 2.02 1.76 2.22 12 0 460 0 27 0 0 460 0 0 0 0 0 0 0 0 0 0 0 0
20230509 23:42:28.701 54 0 6 0 0 0 0 40 60 0 0 4550 1500 0 387 12 2.02 1.76 2.22 12 0 730 0 43 0 0 730 0 0 0 0 0 0 0 0 0 0 0 0
20230509 23:42:28.801 53 0 7 0 0 0 0 40 60 0 0 4300 1360 0 387 12 2.02 1.76 2.22 12 0 530 0 31 0 0 530 0 10 0 0 0 0 0 0 0 0 0 0
20230509 23:42:28.901 56 0 5 0 0 0 0 40 60 0 0 4240 1490 0 387 12 2.02 1.76 2.22 12 0 490 0 29 0 0 490 0 0 0 0 0 0 0 0 0 0 0 0
20230509 23:42:29.001 52 0 8 0 0 0 0 40 60 0 0 4480 1440 0 387 12 2.02 1.76 2.22 12 0 650 0 38 0 0 650 0 0 0 0 0 0 0 0 0 0 0 0
20230509 23:42:29.101 55 0 6 0 0 0 0 40 60 0 0 4580 1540 0 387 12 2.02 1.76 2.22 12 0 620 0 36 0 0 620 0 0 0 0 0 0 0 0 0 0 0 0
20230509 23:42:29.201 56 0 4 0 0 0 0 40 60 0 0 4540 1250 0 387 12 2.02 1.76 2.22 12 0 940 0 55 0 0 940 0 0 0 0 0 0 0 0 0 0 0 0
20230509 23:42:29.301 56 0 4 0 0 0 0 40 60 0 0 4600 1730 0 387 12 2.02 1.76 2.22 12 0 590 0 35 0 0 590 0 0 0 0 0 0 0 0 0 0 0 0
20230509 23:42:29.401 50 0 10 0 0 0 0 40 60 0 0 4540 1230 0 387 12 2.02 1.76 2.22 12 0 870 0 51 0 0 870 0 0 0 0 0 0 0 0 0 0 0 0
20230509 23:42:29.501 46 0 14 0 0 0 0 40 60 0 0 4520 1470 0 387 12 2.02 1.76 2.22 12 0 700 0 41 0 0 700 0 0 0 0 0 0 0 0 0 0 0 0
20230509 23:42:29.601 47 0 13 0 0 0 0 40 60 0 0 4410 1280 0 387 12 2.02 1.76 2.22 12 0 610 0 36 0 0 610 0 0 0 0 0 0 0 0 0 0 0 0
20230509 23:42:29.701 50 0 10 0 0 0 0 40 60 0 0 4670 1430 0 387 12 2.02 1.76 2.22 12 0 770 0 45 0 0 770 0 0 0 0 0 0 0 0 0 0 0 0
20230509 23:42:29.801 42 0 17 0 0 0 0 40 60 0 0 4260 3750 0 387 12 2.02 1.76 2.22 12 0 570 10 35 1 0 550 0 0 0 0 0 0 0 0 0 0 0 0
20230509 23:42:29.901 42 0 18 0 0 0 0 40 60 0 0 4460 3160 0 387 12 2.02 1.76 2.22 12 0 660 0 39 0 0 660 0 0 0 0 0 0 0 0 0 0 0 0
20230509 23:42:30.001 48 0 12 0 0 0 0 40 60 0 0 4950 1500 0 387 12 2.02 1.76 2.22 12 0 1120 0 66 0 0 1120 0 0 0 0 0 0 0 0 0 0 0 0
20230509 23:42:30.101 52 0 9 0 0 0 0 40 60 0 0 4810 1570 0 387 12 2.02 1.76 2.22 12 0 760 0 45 0 0 760 0 0 0 0 0 0 0 0 0 0 0 0
20230509 23:42:30.201 38 0 22 0 0 0 0 40 60 0 0 4360 1380 0 387 12 2.02 1.76 2.22 12 0 630 0 37 0 0 630 0 0 0 0 0 0 0 0 0 0 0 0
20230509 23:42:30.301 35 0 25 0 0 0 0 40 60 0 0 4580 3230 0 387 12 2.02 1.76 2.22 12 0 590 0 35 0 0 590 0 0 0 0 0 0 0 0 0 0 0 0
20230509 23:42:30.401 34 0 26 0 0 0 0 40 60 0 0 4740 1700 0 387 12 2.02 1.76 2.22 12 0 760 0 45 0 0 760 0 0 0 0 0 0 0 0 0 0 0 0
20230509 23:42:30.501 44 0 16 0 0 0 0 40 60 0 0 4760 1610 0 387 12 2.02 1.76 2.22 12 0 670 10 39 1 0 670 0 0 0 0 0 0 0 0 0 0 0 0
20230509 23:42:30.601 42 0 18 0 0 0 0 40 60 0 0 4440 1410 0 387 12 2.02 1.76 2.22 12 0 620 0 36 0 0 610 0 0 0 0 0 0 0 0 0 0 0 0
20230509 23:42:30.701 30 0 30 0 0 0 0 40 60 0 0 4550 1480 0 387 12 2.02 1.76 2.22 12 0 570 0 33 0 0 570 0 0 0 0 0 0 0 0 0 0 0 0
20230509 23:42:30.801 35 0 25 0 0 0 0 40 60 0 0 4760 1510 0 387 12 2.02 1.76 2.22 12 0 890 0 52 0 0 890 0 10 0 0 0 0 0 0 0 0 0 0
20230509 23:42:30.901 39 0 21 0 0 0 0 40 60 0 0 4550 3170 0 387 12 2.02 1.76 2.22 12 0 600 0 35 0 0 600 0 0 0 0 0 0 0 0 0 0 0 0
20230509 23:42:31.001 42 0 18 0 0 0 0 40 60 0 0 4350 2630 0 387 12 2.02 1.76 2.22 12 0 600 10 35 1 0 600 0 0 0 0 0 0 0 0 0 0 0 0
20230509 23:42:31.101 40 0 20 0 0 0 0 40 60 0 0 4460 1510 0 387 12 2.02 1.76 2.22 12 0 560 0 33 0 0 550 0 0 0 0 0 0 0 0 0 0 0 0
20230509 23:42:31.201 40 0 20 0 0 0 0 40 60 0 0 4440 1410 0 387 12 2.02 1.76 2.22 12 0 630 0 37 0 0 630 0 0 0 0 0 0 0 0 0 0 0 0
20230509 23:42:31.301 47 0 14 0 0 0 0 40 60 0 0 4530 1660 0 387 12 2.02 1.76 2.22 12 0 590 0 35 0 0 590 0 0 0 0 0 0 0 0 0 0 0 0
20230509 23:42:31.401 51 0 9 0 0 0 0 40 60 0 0 4790 1690 0 387 12 2.02 1.76 2.22 12 0 810 0 47 0 0 810 0 0 0 0 0 0 0 0 0 0 0 0
20230509 23:42:31.501 50 0 10 0 0 0 0 40 60 0 0 4670 1480 0 387 12 2.02 1.76 2.22 12 0 820 0 48 0 0 820 0 0 0 0 0 0 0 0 0 0 0 0
20230509 23:42:31.601 42 0 18 0 0 0 0 40 60 0 0 4710 1270 0 387 12 2.02 1.76 2.22 12 0 960 10 56 1 0 950 0 0 0 0 0 0 0 0 0 0 0 0
20230509 23:42:31.701 44 0 18 0 0 0 0 38 62 0 0 5730 2640 120 390 12 2.02 1.76 2.22 12 0 730 20 44 1 0 700 0 0 0 0 0 0 0 0 0 0 0 0
20230509 23:42:31.801 43 0 17 0 0 0 0 40 60 0 0 5480 1500 0 390 12 2.02 1.76 2.22 12 0 700 0 41 0 0 690 0 0 0 0 0 0 0 0 0 0 0 0
20230509 23:42:31.901 39 0 20 0 0 0 0 41 59 0 0 4540 3720 0 390 12 2.02 1.76 2.22 12 0 530 0 31 0 0 530 0 0 0 0 0 0 0 0 0 0 0 0
20230509 23:42:32.001 31 0 29 0 0 0 0 40 60 0 0 4660 3020 0 390 12 2.02 1.76 2.22 12 0 760 0 45 0 0 760 0 0 0 0 0 0 0 0 0 0 0 0
20230509 23:42:32.101 41 0 19 0 0 0 0 40 60 0 0 4510 2240 0 390 12 2.02 1.76 2.22 12 0 620 0 36 0 0 620 0 0 0 0 0 0 0 0 0 0 0 0
20230509 23:42:32.201 56 0 4 0 0 0 0 40 60 0 0 4350 1350 0 390 12 2.02 1.76 2.22 12 0 600 0 35 0 0 600 0 0 0 0 0 0 0 0 0 0 0 0
20230509 23:42:32.301 55 0 5 0 0 0 0 40 60 0 0 4730 1840 0 390 12 2.02 1.76 2.22 12 0 670 0 39 0 0 670 0 0 0 0 40 40 0 240 240 0 20 20
20230509 23:42:32.401 55 0 6 0 0 0 0 40 60 0 0 5020 1370 0 390 12 2.02 1.76 2.22 12 0 1240 0 73 0 0 1240 0 0 0 0 0 0 0 0 0 0 0 0
20230509 23:42:32.501 55 0 5 0 0 0 0 40 60 0 0 4740 1420 0 390 12 2.02 1.76 2.22 12 0 780 0 46 0 0 780 0 0 0 0 0 0 0 0 0 0 0 0
20230509 23:42:32.601 56 0 4 0 0 0 0 40 60 0 0 4490 1390 0 390 12 2.02 1.76 2.22 12 0 650 0 38 0 0 650 0 0 0 0 0 0 0 0 0 0 0 0
20230509 23:42:32.701 57 0 4 0 0 0 0 39 61 0 0 5130 2410 90 387 12 2.02 1.76 2.22 12 0 700 0 41 0 0 700 0 0 0 0 0 0 0 0 0 0 0 0
20230509 23:42:32.801 52 0 8 0 0 0 0 40 60 0 0 4930 1410 0 387 12 2.02 1.76 2.22 12 0 710 0 42 0 0 710 0 10 0 0 0 0 0 0 0 0 0 0
20230509 23:42:32.901 47 0 13 0 0 0 0 40 60 0 0 4590 1560 0 387 12 2.02 1.76 2.22 12 0 760 0 45 0 0 760 0 0 0 0 0 0 0 0 0 0 0 0
20230509 23:42:33.001 49 0 11 0 0 0 0 40 60 0 0 4410 1420 0 387 12 2.02 1.76 2.22 12 0 630 0 37 0 0 630 0 0 0 0 0 0 0 0 0 0 0 0
20230509 23:42:33.101 55 0 5 0 0 0 0 40 60 0 0 4510 1440 0 387 12 2.82 1.93 2.28 12 0 560 0 33 0 0 560 0 0 0 0 0 0 0 0 0 0 0 0
20230509 23:42:33.201 55 0 5 0 0 0 0 40 60 0 0 4500 1350 0 387 12 2.82 1.93 2.28 12 0 950 0 56 0 0 950 0 0 0 0 0 0 0 0 0 0 0 0
20230509 23:42:33.301 53 0 8 0 0 0 0 40 60 0 0 4730 1660 0 387 12 2.82 1.93 2.28 12 0 670 0 39 0 0 670 0 0 0 0 0 0 0 0 0 0 0 0
20230509 23:42:33.401 42 0 18 0 0 0 0 40 60 0 0 4490 2660 0 387 12 2.82 1.93 2.28 12 0 530 0 31 0 0 530 0 0 0 0 0 0 0 0 0 0 0 0
20230509 23:42:33.501 39 0 21 0 0 0 0 40 60 0 0 4440 1320 0 387 12 2.82 1.93 2.28 12 0 500 0 29 0 0 500 0 0 0 0 0 0 0 0 0 0 0 0
20230509 23:42:33.601 45 0 16 0 0 0 0 40 60 0 0 4560 1320 0 387 12 2.82 1.93 2.28 13 0 820 0 48 0 0 820 0 0 0 0 0 0 0 0 0 0 0 0
20230509 23:42:33.701 39 0 21 0 0 0 0 40 60 0 0 4800 1370 0 387 12 2.82 1.93 2.28 12 0 800 0 47 0 0 800 0 0 0 0 0 0 0 0 0 0 0 0
20230509 23:42:33.801 50 0 10 0 0 0 0 40 60 0 0 4380 1300 0 387 12 2.82 1.93 2.28 12 0 650 0 38 0 0 650 0 0 0 0 0 0 0 0 0 0 0 0
20230509 23:42:33.901 47 0 14 0 0 0 0 40 60 0 0 4630 1550 0 387 12 2.82 1.93 2.28 12 0 830 0 49 0 0 830 0 0 0 0 0 0 0 0 0 0 0 0
20230509 23:42:34.001 46 0 14 0 0 0 0 40 60 0 0 4450 1450 0 387 12 2.82 1.93 2.28 12 0 740 0 43 0 0 740 0 0 0 0 0 0 0 0 0 0 0 0
20230509 23:42:34.101 41 0 20 1 0 0 0 38 61 0 0 5480 2250 0 387 12 2.82 1.93 2.28 12 1 940 0 55 0 0 940 0 0 0 0 650 650 0 208960 208960 0 20 20
20230509 23:42:34.201 42 0 19 2 0 0 0 38 60 0 0 5270 2080 0 387 12 2.82 1.93 2.28 12 1 780 0 46 0 0 780 0 0 0 0 560 560 0 282680 282680 0 20 20
20230509 23:42:34.301 50 0 11 2 0 0 0 37 61 0 0 5420 2370 0 387 12 2.82 1.93 2.28 12 1 740 0 43 0 0 740 0 0 0 0 710 710 0 312200 312200 0 0 0
20230509 23:42:34.401 49 0 11 2 0 0 0 38 61 0 0 5610 2350 10 388 12 2.82 1.93 2.28 12 1 740 0 43 0 0 740 0 0 0 0 1020 1020 0 306560 306560 0 30 30
20230509 23:42:34.501 52 0 9 2 0 0 0 38 61 0 0 5540 2320 0 388 12 2.82 1.93 2.28 12 1 640 0 38 0 0 640 0 0 0 0 1020 1020 0 302160 302160 0 20 20
20230509 23:42:34.601 50 0 11 1 0 0 0 38 61 0 0 5990 2310 0 388 12 2.82 1.93 2.28 12 1 730 0 43 0 0 730 0 0 0 0 1450 1450 0 306640 306640 0 310 310
20230509 23:42:34.701 48 0 13 2 0 0 0 37 61 0 0 5790 2410 0 388 12 2.82 1.93 2.28 12 1 830 0 49 0 0 830 0 0 0 0 910 910 0 308200 308200 0 40 40
20230509 23:42:34.801 49 0 12 0 0 0 0 39 61 0 0 5450 2070 0 388 12 2.82 1.93 2.28 12 1 850 0 50 0 0 850 0 10 0 0 670 670 0 309080 309080 0 20 20
20230509 23:42:34.901 51 0 10 2 0 0 0 37 61 0 0 5170 1990 0 388 12 2.82 1.93 2.28 12 1 740 0 43 0 0 740 0 0 0 0 520 520 0 307280 307280 0 10 10
20230509 23:42:35.001 50 0 11 0 0 0 0 39 61 0 0 4970 2180 0 388 12 2.82 1.93 2.28 12 1 480 0 28 0 0 480 0 0 0 0 640 640 0 307760 307760 0 10 10
20230509 23:42:35.101 50 0 10 2 0 0 0 37 60 0 0 5360 2140 0 388 12 2.82 1.93 2.28 12 1 690 0 40 0 0 690 0 0 0 0 660 660 0 308640 308640 0 20 20
20230509 23:42:35.201 54 0 7 0 0 0 0 39 61 0 0 5160 1920 0 388 12 2.82 1.93 2.28 12 1 750 0 44 0 0 750 0 0 0 0 640 640 0 298840 298840 0 30 30
20230509 23:42:35.301 50 0 10 2 0 0 0 38 61 0 0 5500 2300 0 388 12 2.82 1.93 2.28 13 0 880 0 52 0 0 880 0 0 0 0 580 580 0 319960 319960 0 20 20
20230509 23:42:35.401 52 0 9 1 0 0 0 39 60 0 0 5110 2370 0 388 12 2.82 1.93 2.28 12 1 470 0 28 0 0 470 0 0 0 0 700 700 0 306000 306000 0 20 20
20230509 23:42:35.501 41 0 10 2 0 0 0 48 50 0 0 4750 2750 0 388 12 2.82 1.93 2.28 12 1 630 10 37 1 0 630 0 0 0 10 580 590 40 309760 309800 0 0 0
20230509 23:42:35.601 50 0 10 0 0 0 0 39 60 0 0 5330 2540 0 388 12 2.82 1.93 2.28 12 1 960 0 56 0 0 950 0 0 0 0 620 620 0 307440 307440 0 50 50
20230509 23:42:35.701 52 0 10 2 0 0 0 37 61 0 0 5480 2000 0 388 12 2.82 1.93 2.28 12 1 760 0 45 0 0 760 0 0 0 0 640 640 0 296640 296640 0 10 10
20230509 23:42:35.801 51 0 10 0 0 0 0 39 61 0 0 5190 1840 0 388 12 2.82 1.93 2.28 12 1 810 0 47 0 0 810 0 0 0 0 650 650 0 311040 311040 0 30 30
20230509 23:42:35.901 54 0 6 2 0 0 0 36 61 0 0 4770 1970 0 388 12 2.82 1.93 2.28 12 1 490 0 29 0 0 490 0 0 0 0 420 420 0 307440 307440 0 10 10
20230509 23:42:36.001 54 0 7 0 0 0 0 39 60 0 0 5180 1970 0 388 12 2.82 1.93 2.28 12 1 830 10 49 1 0 830 0 0 0 0 500 500 0 306800 306800 0 30 30
20230509 23:42:36.101 56 0 5 2 0 0 0 37 61 0 0 5330 1890 0 388 12 2.82 1.93 2.28 12 1 590 0 35 0 0 590 0 0 0 0 510 510 0 306920 306920 0 20 20
20230509 23:42:36.201 57 0 4 1 0 0 0 39 60 0 0 5050 1680 0 388 13 2.82 1.93 2.28 12 1 830 0 49 0 0 820 0 0 0 0 410 410 0 318920 318920 0 20 20
20230509 23:42:36.301 55 0 6 0 0 0 0 40 60 0 0 5110 2040 0 388 12 2.82 1.93 2.28 12 1 770 0 45 0 0 770 0 0 0 0 400 400 0 310360 310360 0 20 20
20230509 23:42:36.401 53 0 8 0 0 0 0 39 61 0 0 4680 1570 0 388 12 2.82 1.93 2.28 12 1 650 0 38 0 0 650 0 0 0 0 280 280 0 241000 241000 0 10 10
20230509 23:42:36.501 50 0 11 0 0 0 0 39 61 0 0 4730 1770 0 388 12 2.82 1.93 2.28 12 1 520 0 30 0 0 520 0 0 0 0 370 370 0 323640 323640 0 10 10
20230509 23:42:36.601 55 0 6 0 0 0 0 39 60 0 0 5410 1680 0 388 12 2.82 1.93 2.28 12 1 940 0 55 0 0 940 0 0 0 0 430 430 0 333840 333840 0 50 50
20230509 23:42:36.701 0 0 0 100 0 0 0 0 0 0 0 5440 2200 0 388 12 2.82 1.93 2.28 13 0 830 10 50 1 0 810 0 0 0 0 570 570 0 313360 313360 0 20 20
20230509 23:42:36.801 50 0 10 4 0 0 0 34 61 0 0 5460 2190 0 388 12 2.82 1.93 2.28 12 1 790 0 46 0 0 790 0 0 0 0 920 920 0 310600 310600 0 10 10
20230509 23:42:36.901 51 0 9 5 0 0 0 35 60 0 0 5250 2240 0 388 12 2.82 1.93 2.28 12 1 620 0 36 0 0 620 0 10 0 0 780 780 0 311160 311160 0 40 40
20230509 23:42:37.001 50 0 10 4 0 0 0 35 61 0 0 5180 2390 0 388 12 2.82 1.93 2.28 12 1 380 0 22 0 0 380 0 0 0 0 880 880 0 309160 309160 0 30 30
20230509 23:42:37.101 54 0 6 4 0 0 0 34 61 0 0 5710 2550 0 388 12 2.82 1.93 2.28 12 1 740 0 43 0 0 740 0 0 0 0 1130 1130 0 309080 309080 0 30 30
20230509 23:42:37.201 55 0 5 5 0 0 0 35 60 0 0 5690 2220 0 388 12 2.82 1.93 2.28 12 1 940 0 55 0 0 940 0 0 0 0 950 950 0 306320 306320 0 20 20
20230509 23:42:37.301 52 0 5 6 0 0 0 37 57 0 0 5530 5110 0 388 12 2.82 1.93 2.28 12 3 840 0 49 0 0 840 0 0 0 0 780 780 0 306640 306640 0 270 270
20230509 23:42:37.401 55 0 6 1 0 0 0 39 61 0 0 5180 2250 0 388 12 2.82 1.93 2.28 12 1 560 0 33 0 0 560 0 0 0 0 830 830 0 309040 309040 0 20 20
20230509 23:42:37.501 55 0 6 0 0 0 0 39 61 0 0 5760 2480 0 388 12 2.82 1.93 2.28 12 1 680 0 40 0 0 680 0 0 0 0 1060 1060 0 281600 281600 0 20 20
20230509 23:42:37.601 53 0 8 0 0 0 0 39 61 0 0 5160 1920 0 388 12 2.82 1.93 2.28 12 1 690 0 40 0 0 690 0 0 0 0 710 710 0 296920 296920 0 40 40
20230509 23:42:37.701 54 0 7 1 0 0 0 39 61 0 0 5680 2280 0 388 12 2.82 1.93 2.28 12 1 1000 0 59 0 0 1000 0 0 0 0 780 780 0 295680 295680 0 20 20
20230509 23:42:37.801 50 0 10 1 0 0 0 39 60 0 0 5540 2280 0 388 12 2.82 1.93 2.28 12 1 770 0 45 0 0 770 0 0 0 0 1060 1060 0 291080 291080 0 40 40
20230509 23:42:37.901 46 0 15 0 0 0 0 38 61 0 0 5500 2380 0 388 13 2.82 1.93 2.28 12 1 630 0 37 0 0 630 0 0 0 0 870 870 0 297680 297680 0 20 20
20230509 23:42:38.001 53 0 8 0 0 0 0 39 61 0 0 5170 1990 0 388 12 2.82 1.93 2.28 12 1 730 0 43 0 0 730 0 0 0 0 720 720 0 291840 291840 0 20 20
20230509 23:42:38.101 57 0 4 0 0 0 0 38 61 0 0 5580 2240 0 388 12 3.64 2.12 2.34 12 1 580 0 34 0 0 580 0 0 0 0 810 810 0 289960 289960 0 20 20
20230509 23:42:38.201 50 0 10 0 0 0 0 39 60 0 0 5450 2010 0 388 12 3.64 2.12 2.34 12 1 690 0 40 0 0 690 0 0 0 0 1000 1000 0 290520 290520 0 110 110
20230509 23:42:38.301 53 0 8 0 0 0 0 38 61 0 0 6320 2900 0 388 12 3.64 2.12 2.34 12 1 870 0 51 0 0 870 0 0 0 0 1260 1260 0 287080 287080 0 10 10
20230509 23:42:38.401 54 0 7 0 0 0 0 39 61 0 0 5580 2040 0 388 12 3.64 2.12 2.34 12 1 850 0 50 0 0 850 0 0 0 0 840 840 0 288800 288800 0 30 30
20230509 23:42:38.501 51 0 10 0 0 0 0 39 61 0 0 5360 1850 0 388 13 3.64 2.12 2.34 12 1 710 0 42 0 0 710 0 0 0 0 590 590 0 301040 301040 0 30 30
20230509 23:42:38.601 53 0 8 0 0 0 0 39 61 0 0 4950 1750 0 388 12 3.64 2.12 2.34 12 1 600 0 35 0 0 600 0 0 0 0 410 410 0 290480 290480 0 10 10
20230509 23:42:38.701 51 0 10 0 0 0 0 39 60 0 0 5050 1630 0 388 12 3.64 2.12 2.34 12 1 720 0 42 0 0 720 0 0 0 0 300 300 0 293160 293160 0 30 30
20230509 23:42:38.801 53 0 8 0 0 0 0 39 61 0 0 5010 1690 0 388 12 3.64 2.12 2.34 12 1 890 0 52 0 0 890 0 0 0 0 340 340 0 298760 298760 0 0 0
20230509 23:42:38.901 52 0 8 0 0 0 0 39 60 0 0 4990 1770 0 388 12 3.64 2.12 2.34 12 1 630 0 37 0 0 630 0 10 0 0 330 330 0 298160 298160 0 10 10
20230509 23:42:39.001 51 0 10 2 0 0 0 37 61 0 0 4670 1880 0 388 12 3.64 2.12 2.34 12 1 530 10 31 1 0 520 0 0 0 0 370 370 0 301200 301200 0 30 30
20230509 23:42:39.101 51 0 9 2 0 0 0 37 61 0 0 4610 1890 0 388 12 3.64 2.12 2.34 12 1 450 0 26 0 0 440 0 0 0 0 410 410 0 299400 299400 0 10 10
20230509 23:42:39.201 48 0 12 2 0 0 0 37 61 0 0 4660 1640 0 388 12 3.64 2.12 2.34 12 1 550 0 32 0 0 550 0 0 0 0 350 350 0 286720 286720 0 30 30
20230509 23:42:39.301 49 0 12 1 0 0 0 38 60 0 0 5280 1940 0 388 12 3.64 2.12 2.34 12 1 910 0 53 0 0 910 0 0 0 0 330 330 0 303680 303680 0 0 0
20230509 23:42:39.401 51 0 10 1 0 0 0 38 61 0 0 4930 1840 0 388 12 3.64 2.12 2.34 12 1 740 0 43 0 0 740 0 0 0 0 320 320 0 297480 297480 0 20 20
20230509 23:42:39.501 48 0 13 3 0 0 0 36 61 0 0 5370 2190 0 388 12 3.64 2.12 2.34 12 1 900 20 54 2 0 880 0 0 0 0 370 370 0 299480 299480 0 10 10
20230509 23:42:39.601 52 0 11 3 0 0 0 34 63 0 0 5560 3130 30 388 12 3.64 2.12 2.34 12 1 660 50 42 8 0 580 0 0 0 0 350 350 0 299280 299280 0 20 20
20230509 23:42:39.701 48 0 10 3 0 0 0 38 59 0 0 5960 3360 0 387 12 3.64 2.12 2.34 11 1 980 60 62 8 0 890 0 0 0 0 480 480 0 296240 296240 0 30 30
20230509 23:42:39.801 46 0 10 4 0 0 0 41 56 0 0 5490 3070 0 387 11 3.64 2.12 2.34 11 1 740 50 47 6 0 650 0 0 0 0 350 350 0 299440 299440 0 10 10
20230509 23:42:39.901 48 0 8 2 0 0 0 42 56 0 0 5150 2820 0 387 11 3.64 2.12 2.34 11 1 800 40 49 5 0 730 0 0 0 0 320 320 0 288680 288680 0 10 10
20230509 23:42:40.001 49 0 7 2 0 0 0 43 56 0 0 4730 2330 0 387 11 3.64 2.12 2.34 11 1 760 30 47 3 0 700 0 0 0 0 280 280 0 286680 286680 0 10 10
20230509 23:42:40.101 43 0 3 2 0 1 0 52 46 0 0 4210 1970 0 387 3 3.64 2.12 2.34 3 1 720 10 43 1 0 700 0 0 0 0 270 270 0 272680 272680 0 10 10
20230509 23:42:40.201 44 0 10 0 0 0 0 45 54 0 0 4630 2340 0 387 11 3.64 2.12 2.34 11 1 810 10 48 1 0 800 0 0 0 10 310 320 40 286760 286800 0 20 20
20230509 23:42:40.301 40 0 15 1 0 0 0 44 56 0 0 5190 2510 0 387 11 3.64 2.12 2.34 12 0 870 0 51 0 0 870 0 0 0 0 450 450 0 325440 325440 0 30 30
20230509 23:42:40.401 48 0 8 0 0 0 0 44 56 0 0 4750 1800 0 387 11 3.64 2.12 2.34 11 1 840 0 49 0 0 840 0 0 0 0 320 320 0 301320 301320 0 20 20
20230509 23:42:40.501 50 0 6 0 0 0 0 44 56 0 0 4740 1840 0 387 11 3.64 2.12 2.34 11 1 720 10 42 1 0 720 0 0 0 0 270 270 0 292080 292080 0 0 0
20230509 23:42:40.601 51 0 4 0 0 0 0 44 56 0 0 4580 1710 0 387 11 3.64 2.12 2.34 11 1 750 0 44 0 0 750 0 0 0 0 320 320 0 289960 289960 0 0 0
20230509 23:42:40.701 47 0 8 1 0 0 0 44 56 0 0 4710 1690 0 387 11 3.64 2.12 2.34 11 1 720 10 42 1 0 700 0 0 0 0 330 330 0 293120 293120 0 10 10
20230509 23:42:40.801 50 0 6 0 0 0 0 44 56 0 0 4400 1570 0 387 11 3.64 2.12 2.34 11 1 710 0 42 0 0 710 0 0 0 0 290 290 0 286840 286840 0 10 10
20230509 23:42:40.901 51 0 5 2 0 0 0 43 55 0 0 4760 1920 0 387 11 3.64 2.12 2.34 11 1 620 0 36 0 0 620 0 0 0 0 420 420 0 301720 301720 0 20 20
20230509 23:42:41.001 48 0 8 1 0 0 0 43 56 0 0 4630 1900 0 387 11 3.64 2.12 2.34 11 1 730 10 43 1 0 730 0 10 0 0 350 350 0 294880 294880 0 10 10
20230509 23:42:41.101 49 0 6 1 0 0 0 45 55 0 0 4410 1830 0 386 10 3.64 2.12 2.34 10 1 400 0 23 0 0 400 0 0 0 0 380 380 0 293920 293920 0 0 0
20230509 23:42:41.201 43 0 7 1 0 0 0 49 50 0 0 4490 1780 0 386 10 3.64 2.12 2.34 10 1 820 0 48 0 0 810 0 0 0 0 340 340 0 295720 295720 0 10 10
20230509 23:42:41.301 44 0 7 0 0 0 0 48 51 0 0 4740 1880 0 386 10 3.64 2.12 2.34 10 1 850 0 50 0 0 850 0 0 0 0 320 320 0 296840 296840 0 30 30
20230509 23:42:41.401 41 0 9 1 0 0 0 49 50 0 0 4400 1630 0 386 10 3.64 2.12 2.34 10 1 830 0 49 0 0 830 0 0 0 0 310 310 0 290280 290280 0 20 20
20230509 23:42:41.501 43 0 8 1 0 0 0 49 51 0 0 4560 1880 0 386 10 3.64 2.12 2.34 10 1 710 0 42 0 0 710 0 0 0 0 430 430 0 300040 300040 0 10 10
20230509 23:42:41.601 46 0 4 0 0 0 0 49 50 0 0 4550 1800 0 386 11 3.64 2.12 2.34 10 1 830 0 49 0 0 830 0 0 0 0 530 530 0 297000 297000 0 20 20
20230509 23:42:41.701 0 0 0 100 0 0 0 0 0 0 0 4720 1670 0 386 10 3.64 2.12 2.34 10 1 850 0 50 0 0 850 0 0 0 0 310 310 0 293520 293520 0 0 0
20230509 23:42:41.801 44 0 7 0 0 0 0 49 50 0 0 3880 1560 0 386 10 3.64 2.12 2.34 10 1 430 0 25 0 0 430 0 0 0 0 280 280 0 293280 293280 0 30 30
20230509 23:42:41.901 45 0 6 0 0 0 0 49 51 0 0 4150 1780 0 386 10 3.64 2.12 2.34 11 0 570 0 33 0 0 570 0 0 0 0 290 290 0 292840 292840 0 0 0
20230509 23:42:42.001 38 0 8 1 0 1 0 53 46 0 0 4450 1860 0 384 8 3.64 2.12 2.34 8 1 910 0 53 0 0 910 0 0 0 0 270 270 0 296920 296920 0 0 0
20230509 23:42:42.101 34 0 5 1 0 0 0 60 39 0 0 4400 1880 0 383 7 3.64 2.12 2.34 7 1 940 10 56 1 0 930 0 0 0 0 280 280 0 297000 297000 0 0 0
20230509 23:42:42.201 28 0 7 1 0 0 0 64 35 0 0 3560 1630 0 383 7 3.64 2.12 2.34 7 1 740 0 43 0 0 740 0 0 0 0 260 260 0 294400 294400 0 0 0
20230509 23:42:42.301 21 0 3 2 0 0 0 74 24 0 0 3650 8530 0 383 7 3.64 2.12 2.34 8 0 1200 0 70 0 0 1200 0 0 0 0 340 340 0 293720 293720 0 270 270
20230509 23:42:42.401 26 0 10 0 0 0 0 63 36 0 0 3610 1650 0 383 7 3.64 2.12 2.34 7 1 660 0 39 0 0 660 0 0 0 0 270 270 0 309760 309760 0 10 10
20230509 23:42:42.501 28 0 8 0 0 0 0 64 36 0 0 4040 3690 0 383 7 3.64 2.12 2.34 7 1 770 100 50 11 0 660 0 0 0 0 310 310 0 293280 293280 0 10 10
20230509 23:42:42.601 29 0 7 0 0 0 0 64 36 0 0 3890 3380 0 383 7 3.64 2.12 2.34 8 1 840 60 55 8 0 720 0 0 0 0 290 290 0 281760 281760 0 10 10
20230509 23:42:42.701 26 0 7 0 0 0 0 67 32 0 0 3580 2160 0 382 6 3.64 2.12 2.34 6 1 520 30 31 3 0 470 0 0 0 0 310 310 0 317440 317440 0 0 0
20230509 23:42:42.801 24 0 7 0 0 0 0 69 31 0 0 3260 1760 0 382 6 3.64 2.12 2.34 7 0 920 10 55 1 0 910 0 0 0 0 260 260 0 285440 285440 0 120 120
20230509 23:42:42.901 20 0 9 2 0 0 0 69 29 0 0 3680 2370 0 381 5 3.64 2.12 2.34 5 1 740 20 45 3 0 690 0 0 0 0 360 360 0 295480 295480 0 0 0
20230509 23:42:43.001 19 0 6 1 0 0 0 74 25 0 0 3120 1570 0 381 5 3.64 2.12 2.34 5 1 1010 10 59 1 0 1000 0 10 0 0 260 260 0 305920 305920 0 10 10
20230509 23:42:43.101 23 0 3 1 0 0 0 74 26 0 0 2900 1610 0 381 6 3.83 2.18 2.36 5 1 580 10 34 1 0 560 0 0 0 0 280 280 0 294400 294400 0 10 10
20230509 23:42:43.201 18 0 8 2 0 0 0 71 27 0 0 4420 1860 20 383 5 3.83 2.18 2.36 5 1 770 10 45 1 0 770 0 0 0 0 260 260 0 290560 290560 0 0 0
20230509 23:42:43.301 20 0 6 1 0 0 0 73 26 0 0 3200 1870 0 383 5 3.83 2.18 2.36 5 1 600 0 35 0 0 600 0 0 0 0 270 270 0 286520 286520 0 0 0
20230509 23:42:43.401 23 0 3 1 0 0 0 74 26 0 0 3170 1870 0 383 5 3.83 2.18 2.36 5 1 760 20 54 12 0 740 0 0 0 0 300 300 0 305960 305960 0 0 0
20230509 23:42:43.501 24 0 2 0 0 0 0 74 26 0 0 3060 1710 0 383 5 3.83 2.18 2.36 5 1 690 0 40 0 0 690 0 0 0 0 260 260 0 294400 294400 0 0 0
20230509 23:42:43.601 25 0 2 1 0 0 0 73 26 0 0 3230 1580 0 383 5 3.83 2.18 2.36 5 1 1070 20 63 6 0 1060 0 0 0 0 280 280 0 293240 293240 0 0 0
20230509 23:42:43.701 24 0 1 0 0 0 0 74 26 0 0 3190 1690 0 383 5 3.83 2.18 2.36 5 1 840 0 49 0 0 840 0 0 0 0 260 260 0 292680 292680 0 0 0
20230509 23:42:43.801 23 0 3 0 0 0 0 74 26 0 0 2760 1520 0 383 5 3.83 2.18 2.36 5 1 630 10 37 1 0 620 0 0 0 0 250 250 0 296880 296880 0 0 0
20230509 23:42:43.901 22 0 3 2 0 0 0 73 25 0 0 2900 1630 0 382 4 3.83 2.18 2.36 4 1 520 20 31 2 0 510 0 0 0 0 240 240 0 246240 246240 0 0 0
20230509 23:42:44.001 18 0 2 0 0 0 0 79 20 0 0 2770 1580 0 382 4 3.83 2.18 2.36 4 1 760 0 45 0 0 760 0 0 0 0 280 280 0 323320 323320 0 0 0
20230509 23:42:44.101 20 0 2 0 0 0 0 78 21 0 0 2810 1640 0 382 4 3.83 2.18 2.36 5 1 730 20 44 2 0 720 0 0 0 0 270 270 0 314880 314880 0 0 0
20230509 23:42:44.201 18 0 2 0 0 0 0 78 21 0 0 2720 1500 0 382 4 3.83 2.18 2.36 4 1 590 0 35 0 0 590 0 0 0 0 260 260 0 302080 302080 0 0 0
20230509 23:42:44.301 20 0 2 0 0 0 0 79 21 0 0 3040 2130 0 380 4 3.83 2.18 2.36 4 1 910 30 54 4 0 890 0 0 0 0 250 250 0 295680 295680 0 10 10
20230509 23:42:44.401 18 0 3 2 0 1 0 77 21 0 0 3690 2810 0 380 4 3.83 2.18 2.36 4 1 870 50 55 6 0 800 0 0 0 0 250 250 0 288400 288400 0 0 0
20230509 23:42:44.501 18 0 3 0 0 0 0 78 21 0 0 3020 3010 0 380 4 3.83 2.18 2.36 4 1 800 60 52 7 0 670 0 0 0 0 290 290 0 311160 311160 0 0 0
20230509 23:42:44.601 18 0 1 0 0 0 0 81 19 0 0 3010 2570 0 379 3 3.83 2.18 2.36 3 1 930 40 57 5 0 830 0 0 0 0 250 250 0 282800 282800 0 0 0
20230509 23:42:44.701 14 0 2 0 0 0 0 84 16 0 0 2640 2040 0 379 3 3.83 2.18 2.36 3 1 540 20 33 2 0 500 0 0 0 0 270 270 0 299880 299880 0 0 0
20230509 23:42:44.801 14 0 2 0 0 0 0 84 16 0 0 2150 1460 0 379 3 3.83 2.18 2.36 3 1 500 0 29 0 0 490 0 0 0 0 270 270 0 299560 299560 0 10 10
20230509 23:42:44.901 12 0 4 0 0 0 0 84 16 0 0 2970 1610 0 379 3 3.83 2.18 2.36 3 1 580 0 37 0 0 580 0 0 0 0 600 600 0 292120 292120 0 0 0
20230509 23:42:45.001 12 0 3 0 0 0 0 83 16 0 0 2540 1750 0 379 4 3.83 2.18 2.36 3 1 750 10 45 1 0 740 0 0 0 0 260 260 0 294240 294240 0 0 0
20230509 23:42:45.101 12 0 1 1 0 0 0 86 13 0 0 2260 1750 0 378 2 3.83 2.18 2.36 2 1 650 10 39 1 0 640 0 10 0 0 250 250 0 295560 295560 0 0 0
20230509 23:42:45.201 9 0 2 0 0 0 0 89 11 0 0 2640 2430 0 378 2 3.83 2.18 2.36 2 1 1050 70 64 6 0 1000 0 0 0 0 250 250 0 289280 289280 0 0 0
20230509 23:42:45.301 10 0 1 0 0 0 0 88 12 0 0 2460 3200 0 378 2 3.83 2.18 2.36 2 1 630 50 41 6 0 540 0 0 0 0 270 270 0 300840 300840 0 0 0
20230509 23:42:45.401 10 0 1 0 0 0 0 88 11 0 0 2430 2860 0 378 2 3.83 2.18 2.36 2 1 860 60 55 7 0 740 0 0 0 0 250 250 0 296960 296960 0 10 10
20230509 23:42:45.501 10 0 2 1 0 0 0 88 11 0 0 2750 3120 0 378 2 3.83 2.18 2.36 2 1 990 70 63 9 0 870 0 0 0 0 250 250 0 285440 285440 0 0 0
20230509 23:42:45.601 10 0 2 0 0 0 0 89 11 0 0 2390 2730 0 378 2 3.83 2.18 2.36 2 1 770 50 49 6 0 650 0 0 0 0 300 300 0 308720 308720 0 0 0
20230509 23:42:45.701 6 0 4 2 0 0 0 87 11 0 0 2600 2720 0 378 2 3.83 2.18 2.36 2 1 760 50 48 6 0 660 0 0 0 0 250 250 0 282880 282880 0 0 0
20230509 23:42:45.801 13 0 3 4 0 0 0 80 16 0 0 4090 2530 0 378 2 3.83 2.18 2.36 2 1 770 20 47 2 0 730 0 0 0 0 250 250 0 288000 288000 0 10 10
20230509 23:42:45.901 10 0 1 5 0 0 0 85 11 0 0 2590 1810 0 378 2 3.83 2.18 2.36 2 1 860 10 51 1 0 830 0 0 0 0 250 250 0 294160 294160 0 0 0
20230509 23:42:46.001 8 0 2 4 0 0 0 84 11 0 0 2220 1640 0 378 4 3.83 2.18 2.36 2 1 760 10 45 1 0 760 0 0 0 0 250 250 0 289280 289280 0 0 0
20230509 23:42:46.101 6 0 4 4 0 0 0 86 10 0 0 2410 2620 0 378 2 3.83 2.18 2.36 2 1 640 40 40 5 0 580 0 0 0 0 260 260 0 299520 299520 0 0 0
20230509 23:42:46.201 10 0 2 1 0 0 0 88 11 0 0 2690 3040 0 378 2 3.83 2.18 2.36 2 1 960 60 61 7 0 840 0 0 0 0 250 250 0 295680 295680 0 0 0
20230509 23:42:46.301 10 0 0 0 0 0 0 89 11 0 0 2620 2120 0 378 3 3.83 2.18 2.36 3 0 930 10 55 1 0 880 0 0 0 0 260 260 0 302080 302080 0 0 0
20230509 23:42:46.401 9 0 1 2 0 0 0 88 10 0 0 2510 1480 0 377 2 3.83 2.18 2.36 1 1 890 0 52 0 0 890 0 0 0 0 250 250 0 302080 302080 0 0 0
20230509 23:42:46.501 0 0 0 100 0 0 0 0 0 0 0 2410 3130 0 377 2 3.83 2.18 2.36 1 1 880 40 54 5 0 820 0 0 0 10 250 260 40 284160 284200 0 0 0
20230509 23:42:46.601 4 0 2 1 0 0 0 94 6 0 0 2010 3080 0 377 1 3.83 2.18 2.36 1 1 740 60 48 7 0 630 0 0 0 0 250 250 0 288040 288040 0 0 0
20230509 23:42:46.701 0 0 0 100 0 0 0 0 0 0 0 2260 3150 0 377 1 3.83 2.18 2.36 1 1 730 60 47 7 0 610 0 0 0 0 260 260 0 309760 309760 0 0 0
20230509 23:42:46.801 5 0 1 1 0 0 0 94 5 0 0 1710 1760 0 377 1 3.83 2.18 2.36 1 1 690 10 41 1 0 640 0 0 0 0 260 260 0 298240 298240 0 0 0
20230509 23:42:46.901 0 0 0 100 0 0 0 0 0 0 0 1980 2180 0 376 1 3.83 2.18 2.36 1 1 690 20 40 4 0 680 0 0 0 0 250 250 0 289280 289280 0 0 0
20230509 23:42:47.001 1 0 5 4 0 0 0 91 6 0 0 2900 3080 0 376 1 3.83 2.18 2.36 1 1 890 50 56 6 0 810 0 0 0 0 250 250 0 296960 296960 0 0 0
20230509 23:42:47.101 1 0 6 2 0 0 0 90 7 0 0 3040 3280 0 376 1 3.83 2.18 2.36 1 1 1020 60 64 7 0 900 0 10 0 0 260 260 0 302080 302080 0 0 0
20230509 23:42:47.201 0 0 5 0 0 0 0 95 5 0 0 2440 3140 0 376 1 3.83 2.18 2.36 1 1 720 60 47 7 0 600 0 0 0 0 250 250 0 295720 295720 0 0 0
20230509 23:42:47.301 1 0 3 4 0 0 0 92 4 0 0 2230 14240 0 376 1 3.83 2.18 2.36 1 3 710 0 42 0 0 680 0 0 0 0 280 280 0 294000 294000 0 200 200
20230509 23:42:47.401 0 0 6 2 0 0 0 92 6 0 0 2380 2010 0 376 1 3.83 2.18 2.36 1 1 610 0 36 0 0 610 0 0 0 0 280 280 0 291920 291920 0 0 0
20230509 23:42:47.501 0 0 6 0 0 0 0 94 6 0 0 2330 1810 0 376 1 3.83 2.18 2.36 1 1 510 0 30 0 0 510 0 0 0 0 270 270 0 295680 295680 0 0 0
20230509 23:42:47.601 0 0 5 3 0 0 0 92 5 0 0 2530 1900 0 376 0 3.83 2.18 2.36 0 1 630 10 37 1 0 630 0 0 0 0 270 270 0 311040 311040 0 0 0
20230509 23:42:47.701 1 0 1 1 0 0 0 97 2 0 0 2340 2720 0 376 2 3.83 2.18 2.36 1 1 1050 50 62 6 0 1010 0 0 0 0 200 200 0 232960 232960 0 0 0
