Date Time [CPU]User% [CPU]Nice% [CPU]Sys% [CPU]Wait% [CPU]Irq% [CPU]Soft% [CPU]Steal% [CPU]Idle% [CPU]Totl% [CPU]Guest% [CPU]GuestN% [CPU]Intrpt/sec [CPU]Ctx/sec [CPU]Proc/sec [CPU]ProcQue [CPU]ProcRun [CPU]L-Avg1 [CPU]L-Avg5 [CPU]L-Avg15 [CPU]RunTot [CPU]BlkTot [NET]RxPktTot [NET]TxPktTot [NET]RxKBTot [NET]TxKBTot [NET]RxCmpTot [NET]RxMltTot [NET]TxCmpTot [NET]RxErrsTot [NET]TxErrsTot [DSK]ReadTot [DSK]WriteTot [DSK]OpsTot [DSK]ReadKBTot [DSK]WriteKBTot [DSK]KbTot [DSK]ReadMrgTot [DSK]WriteMrgTot [DSK]MrgTot
20230510 00:02:19.001 10 0 0 0 0 0 0 90 10 0 0 2080 1560 0 380 2 2.05 2.79 3.23 2 0 670 10 39 1 0 670 0 0 0 0 0 0 0 0 0 0 0 0
20230510 00:02:19.101 10 0 1 0 0 0 0 90 10 0 0 2400 1990 0 380 2 2.04 2.78 3.22 2 0 830 10 50 1 0 800 0 0 0 0 0 0 0 0 0 0 0 0
20230510 00:02:19.201 10 0 0 0 0 0 0 89 11 0 0 1750 1260 0 380 2 2.04 2.78 3.22 2 0 480 0 28 0 0 480 0 0 0 0 0 0 0 0 0 0 0 0
20230510 00:02:19.301 10 0 2 0 0 0 0 88 12 0 0 3420 2370 120 383 2 2.04 2.78 3.22 2 0 900 0 53 0 0 900 0 10 0 0 0 0 0 0 0 0 0 0
20230510 00:02:19.401 9 0 1 0 0 0 0 90 10 0 0 2170 1540 0 383 2 2.04 2.78 3.22 2 0 480 0 28 0 0 480 0 0 0 0 0 0 0 0 0 0 0 0
20230510 00:02:19.501 10 0 1 0 0 0 0 89 11 0 0 1980 1440 0 383 2 2.04 2.78 3.22 2 0 550 0 32 0 0 550 0 0 0 0 0 0 0 0 0 0 0 0
20230510 00:02:19.601 9 0 1 0 0 0 0 90 10 0 0 1640 1320 0 383 2 2.04 2.78 3.22 2 0 430 0 25 0 0 430 0 0 0 0 0 0 0 0 0 0 0 0
20230510 00:02:19.701 9 0 1 0 0 0 0 89 11 0 0 1830 1230 0 383 2 2.04 2.78 3.22 2 0 570 0 33 0 0 570 0 0 0 0 0 0 0 0 0 0 0 0
20230510 00:02:19.801 9 0 1 0 0 0 0 90 10 0 0 2240 1280 0 383 2 2.04 2.78 3.22 2 0 890 0 52 0 0 890 0 0 0 0 0 0 0 0 0 0 0 0
20230510 00:02:19.901 9 0 1 0 0 0 0 90 10 0 0 2000 1280 0 383 2 2.04 2.78 3.22 2 0 920 0 54 0 0 920 0 0 0 0 0 0 0 0 0 0 0 0
20230510 00:02:20.001 8 0 2 0 0 0 0 90 10 0 0 2120 1660 0 383 2 2.04 2.78 3.22 2 0 780 0 46 0 0 770 0 0 0 0 0 0 0 0 0 0 0 0
20230510 00:02:20.101 10 0 1 0 0 1 0 87 13 0 0 3060 2660 30 383 2 2.04 2.78 3.22 2 0 670 40 40 5 0 660 0 0 0 0 20 20 0 560 560 0 120 120
20230510 00:02:20.201 10 0 0 0 0 0 0 90 10 0 0 2480 1890 0 383 2 2.04 2.78 3.22 2 0 610 40 40 3 0 550 0 0 0 0 0 0 0 0 0 0 0 0
20230510 00:02:20.301 10 0 1 0 0 1 0 88 12 0 0 2530 2400 90 380 2 2.04 2.78 3.22 2 0 630 0 37 0 0 630 0 0 0 0 0 0 0 0 0 0 0 0
20230510 00:02:20.401 9 0 1 0 0 0 0 89 11 0 0 2800 1820 0 380 2 2.04 2.78 3.22 2 0 900 30 53 3 0 880 0 0 0 0 0 0 0 0 0 0 0 0
20230510 00:02:20.501 9 0 1 0 0 1 0 89 11 0 0 2040 1450 0 380 2 2.04 2.78 3.22 2 0 780 10 46 1 0 760 0 0 0 0 0 0 0 0 0 0 0 0
20230510 00:02:20.601 8 0 1 0 0 1 0 89 11 0 0 2030 1360 0 380 2 2.04 2.78 3.22 2 0 590 10 35 1 0 590 0 0 0 0 0 0 0 0 0 0 0 0
20230510 00:02:20.701 9 0 1 0 0 0 0 90 10 0 0 1820 1290 0 380 2 2.04 2.78 3.22 2 0 570 0 33 0 0 560 0 0 0 0 0 0 0 0 0 0 0 0
20230510 00:02:20.801 10 0 0 0 0 0 0 90 10 0 0 1950 1310 0 380 2 2.04 2.78 3.22 2 0 610 0 36 0 0 610 0 0 0 0 0 0 0 0 0 0 0 0
20230510 00:02:20.901 9 0 0 0 0 0 0 90 10 0 0 2200 1330 0 380 2 2.04 2.78 3.22 2 0 920 0 54 0 0 920 0 0 0 0 0 0 0 0 0 0 0 0
20230510 00:02:21.001 9 0 2 0 0 0 0 90 10 0 0 1790 1370 0 380 2 2.04 2.78 3.22 2 0 480 0 28 0 0 480 0 0 0 0 0 0 0 0 0 0 0 0
20230510 00:02:21.101 10 0 1 0 0 0 0 89 11 0 0 2120 1750 0 380 2 2.04 2.78 3.22 2 0 880 10 52 1 0 880 0 0 0 0 0 0 0 0 0 0 0 0
20230510 00:02:21.201 9 0 1 0 0 0 0 90 10 0 0 2220 1280 0 380 2 2.04 2.78 3.22 2 0 880 0 52 0 0 870 0 0 0 0 0 0 0 0 0 0 0 0
20230510 00:02:21.301 10 0 0 0 0 0 0 89 11 0 0 1950 1290 0 380 2 2.04 2.78 3.22 2 0 620 0 36 0 0 620 0 10 0 0 0 0 0 0 0 0 0 0
20230510 00:02:21.401 9 0 1 0 0 0 0 90 10 0 0 1700 1280 0 380 2 2.04 2.78 3.22 2 0 440 0 26 0 0 440 0 0 0 0 0 0 0 0 0 0 0 0
20230510 00:02:21.501 8 0 2 0 0 0 0 89 11 0 0 1860 1250 0 380 2 2.04 2.78 3.22 2 0 680 0 40 0 0 680 0 0 0 0 0 0 0 0 0 0 0 0
20230510 00:02:21.601 9 0 1 0 0 0 0 90 10 0 0 1890 1300 0 380 2 2.04 2.78 3.22 2 0 500 0 29 0 0 500 0 0 0 0 0 0 0 0 0 0 0 0
20230510 00:02:21.701 10 0 1 0 0 0 0 90 10 0 0 1820 1130 0 380 2 2.04 2.78 3.22 2 0 650 0 38 0 0 650 0 0 0 0 0 0 0 0 0 0 0 0
20230510 00:02:21.801 9 0 1 0 0 0 0 89 11 0 0 1970 1280 0 380 2 2.04 2.78 3.22 2 0 690 0 40 0 0 690 0 0 0 0 0 0 0 0 0 0 0 0
20230510 00:02:21.901 9 0 1 0 0 0 0 90 10 0 0 1680 1170 0 380 2 2.04 2.78 3.22 2 0 600 10 35 1 0 590 0 0 0 0 0 0 0 0 0 0 0 0
20230510 00:02:22.001 9 0 2 0 0 0 0 89 11 0 0 2570 1280 0 380 2 2.04 2.78 3.22 2 0 1070 0 63 0 0 1070 0 0 0 0 0 0 0 0 0 0 0 0
20230510 00:02:22.101 9 0 1 0 0 1 0 89 11 0 0 2030 1470 0 380 2 2.04 2.78 3.22 2 0 760 0 45 0 0 760 0 0 0 0 0 0 0 0 0 0 0 0
20230510 00:02:22.201 8 0 2 0 0 0 0 90 10 0 0 1810 1340 0 380 2 2.04 2.78 3.22 2 0 560 10 33 1 0 550 0 0 0 0 0 0 0 0 0 0 0 0
20230510 00:02:22.301 8 0 2 0 0 1 0 89 11 0 0 1810 1220 0 380 2 2.04 2.78 3.22 2 0 620 0 36 0 0 620 0 0 0 0 0 0 0 0 0 0 0 0
20230510 00:02:22.401 9 0 1 0 0 0 0 90 10 0 0 1880 1240 0 380 2 2.04 2.78 3.22 2 0 660 0 39 0 0 660 0 0 0 0 0 0 0 0 0 0 0 0
20230510 00:02:22.501 9 0 1 0 0 0 0 89 11 0 0 1880 1210 0 380 2 2.04 2.78 3.22 2 0 660 0 39 0 0 660 0 0 0 0 0 0 0 0 0 0 0 0
20230510 00:02:22.601 9 0 1 0 0 0 0 90 10 0 0 1830 1300 0 380 2 2.04 2.78 3.22 2 0 600 0 35 0 0 600 0 0 0 0 0 0 0 0 0 0 0 0
20230510 00:02:22.701 10 0 1 0 0 0 0 90 10 0 0 1540 1200 0 380 2 2.04 2.78 3.22 2 0 430 0 25 0 0 430 0 0 0 0 0 0 0 0 0 0 0 0
20230510 00:02:22.801 9 0 1 0 0 0 0 90 10 0 0 1960 1340 0 380 2 2.04 2.78 3.22 2 0 710 0 42 0 0 710 0 0 0 0 0 0 0 0 0 0 0 0
20230510 00:02:22.901 9 0 1 0 0 0 0 90 10 0 0 2040 1180 0 380 2 2.04 2.78 3.22 2 0 790 0 46 0 0 790 0 0 0 0 0 0 0 0 0 0 0 0
20230510 00:02:23.001 9 0 2 0 0 0 0 89 11 0 0 1820 1440 0 380 2 2.04 2.78 3.22 2 0 440 0 26 0 0 440 0 0 0 0 0 0 0 0 0 0 0 0
20230510 00:02:23.101 9 0 2 0 0 0 0 90 10 0 0 1910 1420 0 380 2 2.04 2.78 3.22 2 0 670 0 39 0 0 670 0 0 0 0 0 0 0 0 0 0 0 0
20230510 00:02:23.201 10 0 0 0 0 2 0 88 12 0 0 1680 1290 0 380 2 2.04 2.78 3.22 2 0 350 0 21 0 0 350 0 0 0 0 0 0 0 0 0 0 0 0
20230510 00:02:23.301 10 0 0 0 0 0 0 90 10 0 0 1820 1280 0 380 2 2.04 2.78 3.22 2 0 590 0 35 0 0 590 0 10 0 0 0 0 0 0 0 0 0 0
20230510 00:02:23.401 8 0 2 0 0 0 0 90 10 0 0 2100 1660 0 380 2 2.04 2.78 3.22 2 0 670 0 39 0 0 670 0 0 0 0 0 0 0 0 0 0 0 0
20230510 00:02:23.501 9 0 0 0 0 1 0 89 11 0 0 1880 1300 0 380 2 2.04 2.78 3.22 2 0 690 0 40 0 0 690 0 0 0 0 0 0 0 0 0 0 0 0
20230510 00:02:23.601 9 0 0 0 0 2 0 88 12 0 0 2170 1300 0 380 2 2.04 2.78 3.22 2 0 820 0 48 0 0 820 0 0 0 0 0 0 0 0 0 0 0 0
20230510 00:02:23.701 10 0 0 0 0 0 0 89 11 0 0 1740 1100 0 380 2 2.04 2.78 3.22 2 0 590 0 35 0 0 590 0 0 0 0 0 0 0 0 0 0 0 0
20230510 00:02:23.801 10 0 0 0 0 2 0 88 12 0 0 2120 1440 10 381 3 2.04 2.78 3.22 3 0 740 0 43 0 0 740 0 0 0 0 0 0 0 0 0 0 0 0
20230510 00:02:23.901 13 0 1 0 0 1 0 85 15 0 0 4290 5060 40 382 3 2.04 2.78 3.22 3 0 1400 960 194 63 0 460 0 0 0 0 0 0 0 0 0 0 0 0
20230510 00:02:24.001 15 0 0 0 0 3 0 82 18 0 0 2620 1610 20 382 3 2.04 2.78 3.22 3 0 810 0 47 0 0 810 0 0 0 0 0 0 0 0 0 0 0 0
20230510 00:02:24.101 13 0 1 0 0 3 0 82 18 0 0 2740 2560 40 385 3 2.12 2.78 3.22 2 1 610 0 36 0 0 610 0 0 0 0 380 380 0 4240 4240 0 680 680
20230510 00:02:24.201 9 0 1 0 0 2 0 87 13 0 0 3610 2850 110 380 2 2.12 2.78 3.22 2 0 490 0 29 0 0 490 0 0 0 0 10 10 0 80 80 0 0 0
20230510 00:02:24.301 11 0 2 0 0 2 0 84 16 0 0 3190 2380 120 383 2 2.12 2.78 3.22 2 0 630 0 37 0 0 630 0 0 0 0 0 0 0 0 0 0 0 0
20230510 00:02:24.401 10 0 0 0 0 0 0 90 10 0 0 2300 1400 0 383 2 2.12 2.78 3.22 2 0 950 0 56 0 0 950 0 0 0 0 0 0 0 0 0 0 0 0
20230510 00:02:24.501 10 0 0 0 0 0 0 89 11 0 0 1830 1250 0 383 2 2.12 2.78 3.22 2 0 590 0 35 0 0 590 0 0 0 0 0 0 0 0 0 0 0 0
20230510 00:02:24.601 9 0 0 0 0 0 0 90 10 0 0 1840 1280 0 383 2 2.12 2.78 3.22 2 0 560 0 33 0 0 560 0 0 0 0 0 0 0 0 0 0 0 0
20230510 00:02:24.701 10 0 0 0 0 0 0 89 11 0 0 1600 1240 0 383 2 2.12 2.78 3.22 2 0 460 0 27 0 0 460 0 0 0 0 0 0 0 0 0 0 0 0
20230510 00:02:24.801 10 0 0 0 0 0 0 90 10 0 0 2020 1380 0 383 2 2.12 2.78 3.22 2 0 740 0 43 0 0 740 0 0 0 0 0 0 0 0 0 0 0 0
20230510 00:02:24.901 10 0 0 0 0 0 0 90 10 0 0 1820 1160 0 383 2 2.12 2.78 3.22 2 0 750 0 44 0 0 750 0 0 0 0 0 0 0 0 0 0 0 0
20230510 00:02:25.001 10 0 0 0 0 0 0 89 11 0 0 2030 1600 0 383 2 2.12 2.78 3.22 2 0 740 10 44 1 0 730 0 0 0 0 0 0 0 0 0 0 0 0
20230510 00:02:25.101 10 0 0 0 0 0 0 90 10 0 0 2220 1910 0 383 2 2.12 2.78 3.22 2 0 860 10 51 1 0 850 0 0 0 0 0 0 0 0 0 0 0 0
20230510 00:02:25.201 10 0 0 0 0 0 0 90 10 0 0 1980 1320 0 383 2 2.12 2.78 3.22 2 0 690 0 40 0 0 690 0 0 0 0 0 0 0 0 0 0 0 0
20230510 00:02:25.301 10 0 1 0 0 0 0 89 11 0 0 2140 2180 90 380 2 2.12 2.78 3.22 2 0 490 0 29 0 0 490 0 0 0 0 0 0 0 0 0 0 0 0
20230510 00:02:25.401 10 0 0 0 0 0 0 90 10 0 0 2670 1420 0 380 2 2.12 2.78 3.22 2 0 630 0 37 0 0 630 0 10 0 0 0 0 0 0 0 0 0 0
20230510 00:02:25.501 10 0 0 0 0 0 0 90 10 0 0 1670 1180 0 380 2 2.12 2.78 3.22 2 0 540 0 32 0 0 540 0 0 0 0 0 0 0 0 0 0 0 0
20230510 00:02:25.601 10 0 0 0 0 0 0 90 10 0 0 1900 1400 0 380 2 2.12 2.78 3.22 2 0 590 10 35 1 0 590 0 0 0 0 0 0 0 0 0 0 0 0
20230510 00:02:25.701 10 0 0 0 0 0 0 90 10 0 0 1820 1120 0 380 2 2.12 2.78 3.22 2 0 760 0 45 0 0 750 0 0 0 0 0 0 0 0 0 0 0 0
20230510 00:02:25.801 10 0 0 0 0 0 0 90 10 0 0 2030 1340 0 380 2 2.12 2.78 3.22 2 0 710 0 42 0 0 710 0 0 0 0 0 0 0 0 0 0 0 0
20230510 00:02:25.901 10 0 0 0 0 0 0 89 11 0 0 1610 1180 0 380 2 2.12 2.78 3.22 2 0 600 0 35 0 0 600 0 0 0 0 0 0 0 0 0 0 0 0
20230510 00:02:26.001 10 0 1 0 0 0 0 90 10 0 0 2410 1440 0 380 2 2.12 2.78 3.22 2 0 970 0 57 0 0 970 0 0 0 0 0 0 0 0 0 0 0 0
20230510 00:02:26.101 10 0 0 0 0 0 0 90 10 0 0 2160 1610 0 380 2 2.12 2.78 3.22 2 0 810 10 50 1 0 810 0 0 0 0 0 0 0 0 0 0 0 0
20230510 00:02:26.201 10 0 0 0 0 1 0 89 11 0 0 1650 1420 0 380 2 2.12 2.78 3.22 2 0 340 0 20 0 0 340 0 0 0 0 0 0 0 0 0 0 0 0
20230510 00:02:26.301 10 0 0 0 0 0 0 90 10 0 0 1800 1160 0 380 2 2.12 2.78 3.22 2 0 750 0 44 0 0 740 0 0 0 0 0 0 0 0 0 0 0 0
20230510 00:02:26.401 10 0 0 0 0 0 0 90 10 0 0 1960 1320 0 380 2 2.12 2.78 3.22 2 0 710 0 42 0 0 710 0 0 0 0 0 0 0 0 0 0 0 0
20230510 00:02:26.501 10 0 0 0 0 0 0 90 10 0 0 2020 1220 0 380 2 2.12 2.78 3.22 2 0 880 0 52 0 0 880 0 0 0 0 0 0 0 0 0 0 0 0
20230510 00:02:26.601 10 0 0 0 0 1 0 88 12 0 0 2010 1360 0 380 2 2.12 2.78 3.22 2 0 800 0 47 0 0 800 0 0 0 0 0 0 0 0 0 0 0 0
20230510 00:02:26.701 9 0 0 0 0 0 0 90 10 0 0 1950 1400 0 380 2 2.12 2.78 3.22 2 0 880 0 57 0 0 880 0 0 0 0 0 0 0 0 0 0 0 0
20230510 00:02:26.801 10 0 0 0 0 0 0 90 10 0 0 1880 1440 0 380 2 2.12 2.78 3.22 2 0 560 0 33 0 0 560 0 0 0 0 0 0 0 0 0 0 0 0
20230510 00:02:26.901 10 0 0 0 0 0 0 90 10 0 0 1840 1080 0 380 2 2.12 2.78 3.22 2 0 690 0 40 0 0 690 0 0 0 0 0 0 0 0 0 0 0 0
20230510 00:02:27.001 10 0 0 0 0 0 0 89 11 0 0 1730 1340 0 380 2 2.12 2.78 3.22 2 0 500 0 29 0 0 500 0 0 0 0 0 0 0 0 0 0 0 0
20230510 00:02:27.101 10 0 0 0 0 0 0 90 10 0 0 2130 1520 0 380 2 2.12 2.78 3.22 2 0 870 0 51 0 0 870 0 0 0 0 0 0 0 0 0 0 0 0
20230510 00:02:27.201 10 0 0 0 0 1 0 89 11 0 0 2100 1360 0 380 2 2.12 2.78 3.22 2 0 750 0 44 0 0 750 0 0 0 0 0 0 0 0 0 0 0 0
20230510 00:02:27.301 10 0 0 0 0 0 0 90 10 0 0 1730 1200 0 380 2 2.12 2.78 3.22 2 0 590 0 35 0 0 590 0 0 0 0 0 0 0 0 0 0 0 0
20230510 00:02:27.401 10 0 0 0 0 1 0 89 11 0 0 1580 1580 0 380 2 2.12 2.78 3.22 2 0 300 0 18 0 0 300 0 10 0 0 0 0 0 0 0 0 0 0
20230510 00:02:27.501 10 0 0 0 0 1 0 88 12 0 0 1490 1260 0 380 2 2.12 2.78 3.22 2 0 320 0 19 0 0 320 0 0 0 0 0 0 0 0 0 0 0 0
20230510 00:02:27.601 10 0 0 0 0 2 0 88 12 0 0 2120 1300 0 380 2 2.12 2.78 3.22 2 0 850 0 50 0 0 850 0 0 0 0 0 0 0 0 0 0 0 0
20230510 00:02:27.701 10 0 0 0 0 1 0 89 11 0 0 1940 1160 0 380 2 2.12 2.78 3.22 2 0 770 0 45 0 0 770 0 0 0 0 0 0 0 0 0 0 0 0
20230510 00:02:27.801 10 0 0 0 0 2 0 87 13 0 0 1990 1350 0 380 2 2.12 2.78 3.22 2 0 530 0 31 0 0 530 0 0 0 0 0 0 0 0 0 0 0 0
20230510 00:02:27.901 10 0 0 0 0 0 0 90 10 0 0 1760 1180 0 380 2 2.12 2.78 3.22 2 0 680 0 40 0 0 680 0 0 0 0 0 0 0 0 0 0 0 0
20230510 00:02:28.001 10 0 0 0 0 0 0 89 11 0 0 1890 1300 0 380 2 2.12 2.78 3.22 2 0 690 0 40 0 0 690 0 0 0 0 0 0 0 0 0 0 0 0
20230510 00:02:28.101 10 0 1 0 0 0 0 90 10 0 0 1900 1440 0 380 2 2.12 2.78 3.22 2 0 640 0 37 0 0 640 0 0 0 0 0 0 0 0 0 0 0 0
20230510 00:02:28.201 10 0 0 0 0 0 0 90 10 0 0 1980 1260 0 380 2 2.12 2.78 3.22 2 0 690 0 40 0 0 690 0 0 0 0 0 0 0 0 0 0 0 0
20230510 00:02:28.301 10 0 0 0 0 0 0 90 10 0 0 1720 1340 0 380 2 2.12 2.78 3.22 2 0 680 0 40 0 0 680 0 0 0 0 0 0 0 0 0 0 0 0
20230510 00:02:28.401 10 0 0 0 0 0 0 90 10 0 0 2240 1400 0 380 2 2.12 2.78 3.22 2 0 940 0 55 0 0 940 0 0 0 0 0 0 0 0 0 0 0 0
20230510 00:02:28.501 10 0 0 0 0 0 0 90 10 0 0 2240 1420 0 380 2 2.12 2.78 3.22 2 0 690 0 40 0 0 690 0 0 0 0 0 0 0 0 0 0 0 0
20230510 00:02:28.601 10 0 0 0 0 1 0 89 11 0 0 1900 1220 0 380 2 2.12 2.78 3.22 2 0 520 0 30 0 0 520 0 0 0 0 0 0 0 0 0 0 0 0
20230510 00:02:28.701 10 0 0 0 0 0 0 89 11 0 0 1830 1260 0 380 2 2.12 2.78 3.22 2 0 610 0 36 0 0 610 0 0 0 0 0 0 0 0 0 0 0 0
20230510 00:02:28.801 10 0 0 0 0 0 0 90 10 0 0 1860 1360 0 380 2 2.12 2.78 3.22 2 0 700 0 41 0 0 700 0 0 0 0 0 0 0 0 0 0 0 0
20230510 00:02:28.901 10 0 0 0 0 0 0 90 10 0 0 1960 1300 0 380 2 2.12 2.78 3.22 2 0 880 0 52 0 0 880 0 0 0 0 0 0 0 0 0 0 0 0
20230510 00:02:29.001 10 0 0 0 0 0 0 90 10 0 0 1750 1450 0 380 2 2.12 2.78 3.22 2 0 550 0 32 0 0 550 0 0 0 0 0 0 0 0 0 0 0 0
20230510 00:02:29.101 10 0 1 0 0 1 0 88 12 0 0 2340 1550 0 380 2 2.11 2.77 3.21 2 0 1000 0 59 0 0 1000 0 0 0 0 0 0 0 0 0 0 0 0
20230510 00:02:29.201 10 0 0 0 0 0 0 90 10 0 0 2230 1240 0 380 2 2.11 2.77 3.21 2 0 920 0 54 0 0 920 0 0 0 0 0 0 0 0 0 0 0 0
20230510 00:02:29.301 10 0 0 0 0 0 0 90 10 0 0 1580 1180 0 380 2 2.11 2.77 3.21 2 0 490 0 29 0 0 490 0 0 0 0 0 0 0 0 0 0 0 0
20230510 00:02:29.401 10 0 1 0 0 0 0 89 11 0 0 1760 1200 0 380 2 2.11 2.77 3.21 2 0 590 0 35 0 0 590 0 10 0 0 0 0 0 0 0 0 0 0
20230510 00:02:29.501 9 0 0 0 0 1 0 90 10 0 0 2030 1240 0 380 2 2.11 2.77 3.21 2 0 640 0 38 0 0 640 0 0 0 0 0 0 0 0 0 0 0 0
20230510 00:02:29.601 10 0 0 0 0 0 0 90 10 0 0 1890 1220 0 380 2 2.11 2.77 3.21 2 0 740 0 43 0 0 740 0 0 0 0 0 0 0 0 0 0 0 0
20230510 00:02:29.701 10 0 0 0 0 0 0 90 10 0 0 1910 1140 0 380 2 2.11 2.77 3.21 2 0 730 0 43 0 0 730 0 0 0 0 0 0 0 0 0 0 0 0
20230510 00:02:29.801 10 0 0 0 0 1 0 88 12 0 0 2020 1260 0 380 2 2.11 2.77 3.21 2 0 640 0 37 0 0 640 0 0 0 0 0 0 0 0 0 0 0 0
20230510 00:02:29.901 10 0 0 0 0 0 0 90 10 0 0 1870 1200 0 380 2 2.11 2.77 3.21 2 0 710 0 42 0 0 710 0 0 0 0 0 0 0 0 0 0 0 0
20230510 00:02:30.001 10 0 1 0 0 0 0 89 11 0 0 2210 1670 0 380 2 2.11 2.77 3.21 2 0 920 10 54 1 0 910 0 0 0 0 40 40 0 1040 1040 0 220 220
20230510 00:02:30.101 10 0 0 0 0 0 0 89 11 0 0 1780 1780 0 380 2 2.11 2.77 3.21 2 0 410 20 25 2 0 390 0 0 0 0 0 0 0 0 0 0 0 0
20230510 00:02:30.201 10 0 0 0 0 0 0 90 10 0 0 1770 1220 0 380 2 2.11 2.77 3.21 2 0 620 0 36 0 0 620 0 0 0 0 0 0 0 0 0 0 0 0
20230510 00:02:30.301 10 0 0 0 0 0 0 90 10 0 0 1770 1220 0 380 2 2.11 2.77 3.21 2 0 640 0 37 0 0 640 0 0 0 0 0 0 0 0 0 0 0 0
20230510 00:02:30.401 9 0 2 0 0 0 0 89 11 0 0 1990 1230 0 380 2 2.11 2.77 3.21 2 0 740 0 43 0 0 740 0 0 0 0 0 0 0 0 0 0 0 0
20230510 00:02:30.501 8 0 2 0 0 0 0 90 10 0 0 1880 1160 0 380 2 2.11 2.77 3.21 2 0 630 0 37 0 0 630 0 0 0 0 0 0 0 0 0 0 0 0
20230510 00:02:30.601 10 0 0 0 0 1 0 88 12 0 0 1830 1360 0 380 2 2.11 2.77 3.21 2 0 560 10 33 1 0 560 0 0 0 0 0 0 0 0 0 0 0 0
20230510 00:02:30.701 9 0 2 0 0 0 0 90 10 0 0 1890 1200 0 380 2 2.11 2.77 3.21 2 0 680 0 40 0 0 680 0 0 0 0 0 0 0 0 0 0 0 0
20230510 00:02:30.801 9 0 0 0 0 0 0 90 10 0 0 2170 1280 0 380 2 2.11 2.77 3.21 2 0 890 0 52 0 0 880 0 0 0 0 0 0 0 0 0 0 0 0
20230510 00:02:30.901 10 0 0 0 0 0 0 90 10 0 0 1740 1180 0 380 2 2.11 2.77 3.21 2 0 640 0 38 0 0 640 0 0 0 0 0 0 0 0 0 0 0 0
20230510 00:02:31.001 10 0 0 0 0 0 0 90 10 0 0 1730 1340 0 380 2 2.11 2.77 3.21 2 0 580 0 34 0 0 580 0 0 0 0 0 0 0 0 0 0 0 0
20230510 00:02:31.101 6 0 5 0 0 0 0 90 10 0 0 2020 1730 0 380 2 2.11 2.77 3.21 2 0 580 10 34 1 0 580 0 0 0 0 0 0 0 0 0 0 0 0
20230510 00:02:31.201 8 0 3 0 0 0 0 90 10 0 0 1920 1300 0 380 2 2.11 2.77 3.21 2 0 690 0 40 0 0 680 0 0 0 0 0 0 0 0 0 0 0 0
20230510 00:02:31.301 9 0 0 0 0 1 0 89 11 0 0 1600 1320 0 380 2 2.11 2.77 3.21 2 0 450 0 26 0 0 450 0 0 0 0 0 0 0 0 0 0 0 0
20230510 00:02:31.401 7 0 2 0 0 1 0 89 11 0 0 2030 1560 0 380 2 2.11 2.77 3.21 2 0 630 0 37 0 0 630 0 10 0 0 0 0 0 0 0 0 0 0
20230510 00:02:31.501 10 0 0 0 0 0 0 89 11 0 0 1700 1360 0 380 2 2.11 2.77 3.21 2 0 500 0 29 0 0 500 0 0 0 0 0 0 0 0 0 0 0 0
20230510 00:02:31.601 10 0 0 0 0 0 0 89 11 0 0 2130 1420 0 380 2 2.11 2.77 3.21 2 0 900 0 53 0 0 900 0 0 0 0 0 0 0 0 0 0 0 0
20230510 00:02:31.701 10 0 0 0 0 0 0 90 10 0 0 1840 1180 0 380 2 2.11 2.77 3.21 2 0 620 0 36 0 0 620 0 0 0 0 0 0 0 0 0 0 0 0
20230510 00:02:31.801 10 0 0 0 0 0 0 90 10 0 0 1760 1260 0 380 2 2.11 2.77 3.21 2 0 580 0 34 0 0 580 0 0 0 0 0 0 0 0 0 0 0 0
20230510 00:02:31.901 5 0 5 0 0 1 0 89 11 0 0 1880 1260 0 380 2 2.11 2.77 3.21 2 0 730 0 43 0 0 730 0 0 0 0 0 0 0 0 0 0 0 0
20230510 00:02:32.001 7 0 4 0 0 0 0 90 10 0 0 2160 1360 0 380 2 2.11 2.77 3.21 2 0 940 0 55 0 0 940 0 0 0 0 0 0 0 0 0 0 0 0
20230510 00:02:32.101 7 0 3 0 0 0 0 89 11 0 0 2120 1640 0 380 2 2.11 2.77 3.21 2 0 810 0 47 0 0 810 0 0 0 0 0 0 0 0 0 0 0 0
20230510 00:02:32.201 10 0 0 0 0 0 0 90 10 0 0 2140 1280 0 380 2 2.11 2.77 3.21 2 0 960 0 56 0 0 960 0 0 0 0 0 0 0 0 0 0 0 0
20230510 00:02:32.301 10 0 0 0 0 0 0 90 10 0 0 2080 1260 0 380 2 2.11 2.77 3.21 2 0 920 0 54 0 0 920 0 0 0 0 0 0 0 0 0 0 0 0
20230510 00:02:32.401 8 0 2 0 0 0 0 90 10 0 0 2260 1340 0 380 2 2.11 2.77 3.21 2 0 1010 0 59 0 0 1010 0 0 0 0 0 0 0 0 0 0 0 0
20230510 00:02:32.501 7 0 3 0 0 0 0 89 11 0 0 1940 1300 0 380 2 2.11 2.77 3.21 2 0 720 0 42 0 0 720 0 0 0 0 0 0 0 0 0 0 0 0
20230510 00:02:32.601 8 0 2 0 0 0 0 90 10 0 0 1980 1350 0 380 2 2.11 2.77 3.21 2 0 610 0 36 0 0 610 0 0 0 0 0 0 0 0 0 0 0 0
20230510 00:02:32.701 7 0 3 0 0 0 0 90 10 0 0 1930 1240 0 380 2 2.11 2.77 3.21 2 0 740 0 43 0 0 740 0 0 0 0 0 0 0 0 0 0 0 0
20230510 00:02:32.801 8 0 2 0 0 0 0 90 10 0 0 2000 1240 0 380 2 2.11 2.77 3.21 2 0 840 0 49 0 0 840 0 0 0 0 0 0 0 0 0 0 0 0
20230510 00:02:32.901 9 0 1 0 0 0 0 90 10 0 0 1900 1100 0 380 2 2.11 2.77 3.21 2 0 850 0 50 0 0 850 0 0 0 0 0 0 0 0 0 0 0 0
20230510 00:02:33.001 10 0 0 0 0 0 0 90 10 0 0 1760 1300 0 380 2 2.11 2.77 3.21 2 0 610 0 36 0 0 610 0 0 0 0 0 0 0 0 0 0 0 0
20230510 00:02:33.101 10 0 0 0 0 0 0 90 10 0 0 1970 1370 0 380 2 2.11 2.77 3.21 2 0 670 0 39 0 0 670 0 0 0 0 0 0 0 0 0 0 0 0
20230510 00:02:33.201 6 0 4 0 0 0 0 89 11 0 0 1750 1340 0 380 2 2.11 2.77 3.21 2 0 520 0 30 0 0 520 0 0 0 0 0 0 0 0 0 0 0 0
20230510 00:02:33.301 9 0 1 0 0 0 0 90 10 0 0 2020 1120 0 380 2 2.11 2.77 3.21 2 0 800 0 47 0 0 800 0 0 0 0 0 0 0 0 0 0 0 0
20230510 00:02:33.401 7 0 3 0 0 0 0 90 10 0 0 1950 1300 0 380 2 2.11 2.77 3.21 2 0 700 0 41 0 0 700 0 0 0 0 0 0 0 0 0 0 0 0
20230510 00:02:33.501 10 0 1 0 0 0 0 89 11 0 0 1920 1140 0 380 2 2.11 2.77 3.21 2 0 720 0 42 0 0 720 0 10 0 0 0 0 0 0 0 0 0 0
20230510 00:02:33.601 10 0 0 0 0 1 0 89 11 0 0 1720 1200 0 380 2 2.11 2.77 3.21 2 0 510 0 30 0 0 510 0 0 0 0 0 0 0 0 0 0 0 0
20230510 00:02:33.701 9 0 2 0 0 0 0 90 10 0 0 1980 1140 0 380 2 2.11 2.77 3.21 2 0 690 0 40 0 0 690 0 0 0 0 0 0 0 0 0 0 0 0
20230510 00:02:33.801 10 0 0 0 0 0 0 89 11 0 0 1970 1380 0 380 2 2.11 2.77 3.21 2 0 760 0 45 0 0 760 0 0 0 0 0 0 0 0 0 0 0 0
20230510 00:02:33.901 10 0 0 0 0 1 0 89 11 0 0 2100 1240 0 380 2 2.11 2.77 3.21 2 0 780 0 46 0 0 780 0 0 0 0 0 0 0 0 0 0 0 0
20230510 00:02:34.001 10 0 0 0 0 0 0 90 10 0 0 2210 1400 0 380 2 2.11 2.77 3.21 2 0 990 0 58 0 0 990 0 0 0 0 0 0 0 0 0 0 0 0
20230510 00:02:34.101 10 0 0 0 0 0 0 90 10 0 0 1980 1380 0 380 2 2.10 2.76 3.20 2 0 650 0 38 0 0 650 0 0 0 0 160 160 0 2000 2000 0 340 340
20230510 00:02:34.201 10 0 0 0 0 0 0 89 11 0 0 2260 1460 0 380 2 2.10 2.76 3.20 2 0 940 0 55 0 0 940 0 0 0 0 0 0 0 0 0 0 0 0
20230510 00:02:34.301 10 0 1 0 0 0 0 90 10 0 0 2120 1260 0 380 2 2.10 2.76 3.20 2 0 850 0 50 0 0 850 0 0 0 0 0 0 0 0 0 0 0 0
20230510 00:02:34.401 8 0 3 0 0 0 0 90 10 0 0 1980 1200 0 380 2 2.10 2.76 3.20 2 0 800 0 47 0 0 800 0 0 0 0 0 0 0 0 0 0 0 0
20230510 00:02:34.501 7 0 3 0 0 0 0 90 10 0 0 2110 1160 0 380 2 2.10 2.76 3.20 2 0 970 0 57 0 0 970 0 0 0 0 0 0 0 0 0 0 0 0
20230510 00:02:34.601 8 0 2 0 0 1 0 89 11 0 0 2090 1220 0 380 2 2.10 2.76 3.20 2 0 900 0 53 0 0 900 0 0 0 0 0 0 0 0 0 0 0 0
20230510 00:02:34.701 9 0 1 0 0 1 0 89 11 0 0 1700 1260 0 380 2 2.10 2.76 3.20 2 0 390 0 23 0 0 390 0 0 0 0 0 0 0 0 0 0 0 0
20230510 00:02:34.801 10 0 0 0 0 0 0 90 10 0 0 2510 1300 0 380 2 2.10 2.76 3.20 2 0 1160 0 68 0 0 1160 0 0 0 0 0 0 0 0 0 0 0 0
20230510 00:02:34.901 10 0 0 0 0 0 0 90 10 0 0 2080 1280 0 380 2 2.10 2.76 3.20 2 0 850 0 50 0 0 850 0 0 0 0 0 0 0 0 0 0 0 0
20230510 00:02:35.001 10 0 0 0 0 0 0 90 10 0 0 1770 1470 0 380 2 2.10 2.76 3.20 2 0 470 10 28 1 0 460 0 0 0 0 0 0 0 0 0 0 0 0
20230510 00:02:35.101 10 0 1 0 0 0 0 89 11 0 0 2380 1780 0 380 2 2.10 2.76 3.20 2 0 880 10 52 1 0 870 0 0 0 0 20 20 0 120 120 0 10 10
20230510 00:02:35.201 10 0 0 0 0 0 0 89 11 0 0 1820 1340 0 380 2 2.10 2.76 3.20 2 0 600 0 35 0 0 600 0 0 0 0 0 0 0 0 0 0 0 0
20230510 00:02:35.301 9 0 1 0 0 0 0 90 10 0 0 1800 1160 0 380 2 2.10 2.76 3.20 2 0 550 0 32 0 0 550 0 0 0 0 0 0 0 0 0 0 0 0
20230510 00:02:35.401 7 0 3 0 0 1 0 89 11 0 0 2230 1800 0 380 2 2.10 2.76 3.20 2 0 760 0 45 0 0 760 0 0 0 0 20 20 0 120 120 0 10 10
20230510 00:02:35.501 8 0 2 0 0 0 0 90 10 0 0 1980 1340 0 380 2 2.10 2.76 3.20 2 0 720 0 42 0 0 720 0 10 0 0 0 0 0 0 0 0 0 0
20230510 00:02:35.601 7 0 2 0 0 0 0 90 10 0 0 2380 1440 0 380 2 2.10 2.76 3.20 2 0 1010 10 59 1 0 1010 0 0 0 0 0 0 0 0 0 0 0 0
20230510 00:02:35.701 9 0 2 0 0 0 0 90 10 0 0 2330 1220 0 380 2 2.10 2.76 3.20 2 0 900 0 53 0 0 890 0 0 0 0 0 0 0 0 0 0 0 0
20230510 00:02:35.801 7 0 2 0 0 0 0 90 10 0 0 2060 1280 0 380 2 2.10 2.76 3.20 2 0 840 0 49 0 0 840 0 0 0 0 0 0 0 0 0 0 0 0
20230510 00:02:35.901 8 0 1 0 0 1 0 89 11 0 0 2090 1140 0 380 2 2.10 2.76 3.20 2 0 750 0 44 0 0 750 0 0 0 0 0 0 0 0 0 0 0 0
20230510 00:02:36.001 10 0 0 0 0 0 0 90 10 0 0 2090 1360 0 380 2 2.10 2.76 3.20 2 0 830 0 49 0 0 830 0 0 0 0 0 0 0 0 0 0 0 0
20230510 00:02:36.101 10 0 0 0 0 0 0 90 10 0 0 2470 1540 0 380 2 2.10 2.76 3.20 2 0 790 10 46 1 0 790 0 0 0 0 0 0 0 0 0 0 0 0
20230510 00:02:36.201 9 0 1 0 0 1 0 89 11 0 0 2120 1350 0 380 2 2.10 2.76 3.20 2 0 820 0 48 0 0 810 0 0 0 0 0 0 0 0 0 0 0 0
20230510 00:02:36.301 9 0 1 0 0 0 0 90 10 0 0 2140 1160 0 380 2 2.10 2.76 3.20 2 0 970 0 57 0 0 970 0 0 0 0 0 0 0 0 0 0 0 0
20230510 00:02:36.401 9 0 2 0 0 0 0 90 10 0 0 2210 1240 0 380 2 2.10 2.76 3.20 2 0 880 0 52 0 0 880 0 0 0 0 0 0 0 0 0 0 0 0
20230510 00:02:36.501 7 0 3 0 0 0 0 90 10 0 0 2000 1280 0 380 2 2.10 2.76 3.20 2 0 650 0 38 0 0 650 0 0 0 0 0 0 0 0 0 0 0 0
20230510 00:02:36.601 10 0 1 0 0 1 0 88 12 0 0 2210 1340 0 380 2 2.10 2.76 3.20 2 0 840 0 49 0 0 840 0 0 0 0 0 0 0 0 0 0 0 0
20230510 00:02:36.701 9 0 1 0 0 0 0 90 10 0 0 1730 1240 0 380 2 2.10 2.76 3.20 2 0 440 0 26 0 0 440 0 0 0 0 0 0 0 0 0 0 0 0
20230510 00:02:36.801 7 0 3 0 0 0 0 89 11 0 0 2300 1350 0 380 2 2.10 2.76 3.20 2 0 730 0 43 0 0 730 0 0 0 0 0 0 0 0 0 0 0 0
20230510 00:02:36.901 6 0 4 0 0 0 0 90 10 0 0 2080 1220 0 380 2 2.10 2.76 3.20 2 0 830 0 49 0 0 830 0 0 0 0 0 0 0 0 0 0 0 0
20230510 00:02:37.001 9 0 1 0 0 0 0 90 10 0 0 1700 1420 0 380 2 2.10 2.76 3.20 2 0 360 0 21 0 0 360 0 0 0 0 0 0 0 0 0 0 0 0
20230510 00:02:37.101 7 0 3 0 0 0 0 90 10 0 0 2200 1540 0 380 2 2.10 2.76 3.20 2 0 690 0 40 0 0 690 0 0 0 0 0 0 0 0 0 0 0 0
20230510 00:02:37.201 10 0 0 0 0 0 0 90 10 0 0 1820 1280 0 380 2 2.10 2.76 3.20 2 0 570 0 33 0 0 570 0 0 0 0 0 0 0 0 0 0 0 0
20230510 00:02:37.301 9 0 1 0 0 0 0 90 10 0 0 1850 1240 0 380 2 2.10 2.76 3.20 2 0 470 0 28 0 0 470 0 0 0 0 0 0 0 0 0 0 0 0
20230510 00:02:37.401 10 0 1 0 0 0 0 90 10 0 0 1860 1220 0 380 2 2.10 2.76 3.20 2 0 670 0 39 0 0 670 0 0 0 0 0 0 0 0 0 0 0 0
20230510 00:02:37.501 9 0 1 0 0 0 0 90 10 0 0 1860 1100 0 380 2 2.10 2.76 3.20 2 0 680 0 40 0 0 680 0 10 0 0 0 0 0 0 0 0 0 0
20230510 00:02:37.601 9 0 1 0 0 0 0 90 10 0 0 1820 1200 0 380 2 2.10 2.76 3.20 2 0 590 0 35 0 0 590 0 0 0 0 0 0 0 0 0 0 0 0
20230510 00:02:37.701 8 0 3 0 0 1 0 88 12 0 0 2260 1240 0 380 2 2.10 2.76 3.20 2 0 850 0 50 0 0 850 0 0 0 0 0 0 0 0 0 0 0 0
20230510 00:02:37.801 9 0 1 0 0 0 0 90 10 0 0 2130 1400 0 380 2 2.10 2.76 3.20 2 0 820 0 48 0 0 820 0 0 0 0 0 0 0 0 0 0 0 0
20230510 00:02:37.901 9 0 1 0 0 1 0 89 11 0 0 1810 1220 0 380 2 2.10 2.76 3.20 2 0 580 0 34 0 0 580 0 0 0 0 0 0 0 0 0 0 0 0
20230510 00:02:38.001 8 0 2 0 0 0 0 90 10 0 0 1860 1320 0 380 3 2.10 2.76 3.20 2 0 650 0 38 0 0 650 0 0 0 0 0 0 0 0 0 0 0 0
20230510 00:02:38.101 9 0 1 0 0 0 0 90 10 0 0 2390 1620 0 380 2 2.10 2.76 3.20 2 0 860 0 50 0 0 860 0 0 0 0 0 0 0 0 0 0 0 0
20230510 00:02:38.201 5 0 5 0 0 0 0 89 11 0 0 1920 1360 0 380 2 2.10 2.76 3.20 2 0 600 0 35 0 0 600 0 0 0 0 0 0 0 0 0 0 0 0
20230510 00:02:38.301 5 0 5 0 0 0 0 90 10 0 0 2020 1320 0 380 2 2.10 2.76 3.20 2 0 670 10 39 1 0 660 0 0 0 0 0 0 0 0 0 0 0 0
20230510 00:02:38.401 8 0 3 0 0 0 0 89 11 0 0 2750 1480 20 382 2 2.10 2.76 3.20 2 0 700 20 41 2 0 680 0 0 0 0 0 0 0 0 0 0 0 0
20230510 00:02:38.501 7 0 3 0 0 0 0 90 10 0 0 1690 1200 0 382 2 2.10 2.76 3.20 2 0 330 20 29 12 0 310 0 0 0 0 0 0 0 0 0 0 0 0
20230510 00:02:38.601 10 0 1 0 0 1 0 88 12 0 0 2110 1420 0 382 2 2.10 2.76 3.20 2 0 620 20 37 6 0 610 0 0 0 0 0 0 0 0 0 0 0 0
20230510 00:02:38.701 9 0 1 0 0 0 0 90 10 0 0 1870 1220 0 382 2 2.10 2.76 3.20 2 0 590 10 35 1 0 580 0 0 0 0 0 0 0 0 0 0 0 0
20230510 00:02:38.801 10 0 0 0 0 0 0 90 10 0 0 2170 1340 0 382 2 2.10 2.76 3.20 2 0 820 20 49 2 0 810 0 0 0 0 0 0 0 0 0 0 0 0
20230510 00:02:38.901 9 0 1 0 0 0 0 89 11 0 0 2760 1860 0 380 2 2.10 2.76 3.20 2 0 860 60 52 7 0 830 0 0 0 0 0 0 0 0 0 0 0 0
20230510 00:02:39.001 10 0 0 0 0 0 0 90 10 0 0 2640 1400 0 380 2 2.10 2.76 3.20 2 0 640 0 38 0 0 630 0 0 0 0 0 0 0 0 0 0 0 0
20230510 00:02:39.101 9 0 1 0 0 0 0 89 11 0 0 2100 1750 0 380 2 2.49 2.83 3.22 2 0 740 10 43 1 0 730 0 0 0 0 0 0 0 0 0 0 0 0
20230510 00:02:39.201 9 0 2 0 0 0 0 90 10 0 0 2150 1300 0 380 2 2.49 2.83 3.22 2 0 880 0 52 0 0 880 0 0 0 0 0 0 0 0 0 0 0 0
20230510 00:02:39.301 8 0 1 0 0 0 0 90 10 0 0 2340 1910 0 380 2 2.49 2.83 3.22 2 0 420 0 25 0 0 420 0 0 0 0 710 710 0 3120 3120 0 0 0
20230510 00:02:39.401 9 0 1 0 0 0 0 89 11 0 0 1950 1480 0 380 2 2.49 2.83 3.22 2 0 660 0 39 0 0 660 0 0 0 0 0 0 0 0 0 0 0 0
20230510 00:02:39.501 8 0 2 0 0 1 0 89 11 0 0 2000 1460 0 380 2 2.49 2.83 3.22 2 0 760 0 45 0 0 760 0 0 0 0 0 0 0 0 0 0 0 0
20230510 00:02:39.601 8 0 1 0 0 1 0 89 11 0 0 1980 1220 0 380 2 2.49 2.83 3.22 2 0 730 0 43 0 0 730 0 10 0 0 0 0 0 0 0 0 0 0
20230510 00:02:39.701 9 0 1 0 0 2 0 87 13 0 0 1810 1150 0 380 2 2.49 2.83 3.22 2 0 620 0 36 0 0 620 0 0 0 0 0 0 0 0 0 0 0 0
20230510 00:02:39.801 10 0 0 0 0 2 0 88 12 0 0 2100 1260 0 380 2 2.49 2.83 3.22 2 0 810 0 47 0 0 810 0 0 0 0 0 0 0 0 0 0 0 0
20230510 00:02:39.901 8 0 2 0 0 1 0 89 11 0 0 1910 1260 0 380 2 2.49 2.83 3.22 2 0 720 0 42 0 0 720 0 0 0 0 0 0 0 0 0 0 0 0
20230510 00:02:40.001 9 0 1 0 0 1 0 89 11 0 0 1890 1480 0 380 2 2.49 2.83 3.22 2 0 690 10 41 1 0 680 0 0 0 0 0 0 0 0 0 0 0 0
20230510 00:02:40.101 9 0 1 0 0 1 0 89 11 0 0 1780 1840 0 380 2 2.49 2.83 3.22 2 0 500 10 30 1 0 490 0 0 0 0 20 20 0 400 400 0 80 80
20230510 00:02:40.201 9 0 1 0 0 1 0 89 11 0 0 2080 1310 0 380 2 2.49 2.83 3.22 2 0 740 0 43 0 0 740 0 0 0 0 0 0 0 0 0 0 0 0
20230510 00:02:40.301 10 0 0 0 0 1 0 89 11 0 0 1950 1290 0 380 2 2.49 2.83 3.22 2 0 760 0 45 0 0 760 0 0 0 0 0 0 0 0 0 0 0 0
20230510 00:02:40.401 9 0 0 0 0 1 0 89 11 0 0 2140 1410 0 380 2 2.49 2.83 3.22 2 0 960 0 56 0 0 960 0 0 0 0 20 20 0 120 120 0 10 10
20230510 00:02:40.501 10 0 0 0 0 1 0 89 11 0 0 2020 1280 0 380 2 2.49 2.83 3.22 2 0 720 0 42 0 0 720 0 0 0 0 0 0 0 0 0 0 0 0
20230510 00:02:40.601 9 0 1 0 0 0 0 90 10 0 0 1930 1400 0 380 2 2.49 2.83 3.22 2 0 730 10 43 1 0 730 0 0 0 0 0 0 0 0 0 0 0 0
20230510 00:02:40.701 9 0 0 0 0 1 0 89 11 0 0 1890 1240 0 380 2 2.49 2.83 3.22 2 0 490 0 29 0 0 480 0 0 0 0 0 0 0 0 0 0 0 0
20230510 00:02:40.801 10 0 0 0 0 0 0 90 10 0 0 2050 1240 0 380 2 2.49 2.83 3.22 2 0 860 0 50 0 0 860 0 0 0 0 0 0 0 0 0 0 0 0
20230510 00:02:40.901 10 0 0 0 0 0 0 90 10 0 0 1660 1260 0 380 2 2.49 2.83 3.22 2 0 500 0 29 0 0 500 0 0 0 0 0 0 0 0 0 0 0 0
20230510 00:02:41.001 9 0 1 0 0 0 0 90 10 0 0 2010 1300 0 380 2 2.49 2.83 3.22 2 0 850 0 50 0 0 850 0 0 0 0 0 0 0 0 0 0 0 0
20230510 00:02:41.101 9 0 0 0 0 1 0 89 11 0 0 2020 1680 0 380 2 2.49 2.83 3.22 2 0 710 10 42 1 0 710 0 0 0 0 0 0 0 0 0 0 0 0
20230510 00:02:41.201 8 0 2 0 0 0 0 90 10 0 0 2190 1140 0 380 2 2.49 2.83 3.22 2 0 1060 0 62 0 0 1050 0 0 0 0 0 0 0 0 0 0 0 0
20230510 00:02:41.301 8 0 2 0 0 0 0 90 10 0 0 2180 1220 0 380 2 2.49 2.83 3.22 2 0 860 0 50 0 0 860 0 0 0 0 0 0 0 0 0 0 0 0
20230510 00:02:41.401 9 0 2 0 0 0 0 90 10 0 0 1610 1200 0 380 2 2.49 2.83 3.22 2 0 430 0 25 0 0 430 0 0 0 0 0 0 0 0 0 0 0 0
20230510 00:02:41.501 10 0 0 0 0 0 0 90 10 0 0 1800 1160 0 380 2 2.49 2.83 3.22 2 0 670 0 39 0 0 670 0 0 0 0 0 0 0 0 0 0 0 0
20230510 00:02:41.601 10 0 0 0 0 0 0 90 10 0 0 1570 1160 0 380 2 2.49 2.83 3.22 2 0 480 0 28 0 0 480 0 10 0 0 0 0 0 0 0 0 0 0
20230510 00:02:41.701 10 0 0 0 0 0 0 89 11 0 0 1530 1240 0 380 2 2.49 2.83 3.22 2 0 390 0 23 0 0 390 0 0 0 0 0 0 0 0 0 0 0 0
20230510 00:02:41.801 10 0 0 0 0 0 0 90 10 0 0 1920 1260 0 380 2 2.49 2.83 3.22 2 0 750 0 44 0 0 750 0 0 0 0 0 0 0 0 0 0 0 0
20230510 00:02:41.901 9 0 0 0 0 1 0 89 11 0 0 1760 1320 0 380 2 2.49 2.83 3.22 2 0 560 0 33 0 0 560 0 0 0 0 0 0 0 0 0 0 0 0
20230510 00:02:42.001 9 0 2 0 0 0 0 90 10 0 0 1850 1340 0 380 2 2.49 2.83 3.22 2 0 600 0 35 0 0 600 0 0 0 0 0 0 0 0 0 0 0 0
20230510 00:02:42.101 9 0 0 0 0 0 0 90 10 0 0 1930 1500 0 380 2 2.49 2.83 3.22 2 0 620 0 36 0 0 620 0 0 0 0 0 0 0 0 0 0 0 0
20230510 00:02:42.201 10 0 1 0 0 0 0 90 10 0 0 1610 1240 0 380 2 2.49 2.83 3.22 2 0 430 0 25 0 0 430 0 0 0 0 0 0 0 0 0 0 0 0
20230510 00:02:42.301 9 0 1 0 0 0 0 90 10 0 0 1800 1180 0 380 2 2.49 2.83 3.22 2 0 580 0 34 0 0 580 0 0 0 0 0 0 0 0 0 0 0 0
20230510 00:02:42.401 10 0 1 0 0 0 0 90 10 0 0 1690 1200 0 380 2 2.49 2.83 3.22 2 0 580 0 34 0 0 580 0 0 0 0 0 0 0 0 0 0 0 0
20230510 00:02:42.501 9 0 1 0 0 0 0 90 10 0 0 1990 1220 0 380 2 2.49 2.83 3.22 2 0 700 10 41 1 0 690 0 0 0 0 0 0 0 0 0 0 0 0
20230510 00:02:42.601 9 0 1 0 0 1 0 89 11 0 0 1830 1180 0 380 2 2.49 2.83 3.22 2 0 680 0 40 0 0 670 0 0 0 0 0 0 0 0 0 0 0 0
20230510 00:02:42.701 7 0 3 0 0 2 0 87 13 0 0 1920 1200 0 380 2 2.49 2.83 3.22 2 0 610 0 36 0 0 610 0 0 0 0 0 0 0 0 0 0 0 0
20230510 00:02:42.801 6 0 3 0 0 1 0 89 11 0 0 2290 1220 0 380 2 2.49 2.83 3.22 2 0 980 0 57 0 0 980 0 0 0 0 0 0 0 0 0 0 0 0
20230510 00:02:42.901 7 0 3 0 0 0 0 90 10 0 0 2100 1300 0 380 2 2.49 2.83 3.22 2 0 800 0 47 0 0 800 0 0 0 0 0 0 0 0 0 0 0 0
20230510 00:02:43.001 10 0 0 0 0 0 0 90 10 0 0 1970 1340 0 380 2 2.49 2.83 3.22 2 0 760 0 45 0 0 760 0 0 0 0 0 0 0 0 0 0 0 0
20230510 00:02:43.101 10 0 0 0 0 0 0 89 11 0 0 1830 1480 0 380 2 2.49 2.83 3.22 2 0 510 0 30 0 0 510 0 0 0 0 0 0 0 0 0 0 0 0
20230510 00:02:43.201 10 0 0 0 0 1 0 89 11 0 0 2000 1380 0 380 2 2.49 2.83 3.22 2 0 790 0 46 0 0 790 0 0 0 0 0 0 0 0 0 0 0 0
20230510 00:02:43.301 10 0 0 0 0 0 0 90 10 0 0 2120 1140 0 380 2 2.49 2.83 3.22 2 0 910 0 53 0 0 910 0 0 0 0 0 0 0 0 0 0 0 0
20230510 00:02:43.401 10 0 0 0 0 0 0 90 10 0 0 2030 1620 0 380 2 2.49 2.83 3.22 2 0 640 0 38 0 0 640 0 0 0 0 0 0 0 0 0 0 0 0
20230510 00:02:43.501 10 0 0 0 0 0 0 90 10 0 0 1710 1240 0 380 2 2.49 2.83 3.22 2 0 560 0 33 0 0 560 0 0 0 0 0 0 0 0 0 0 0 0
20230510 00:02:43.601 10 0 0 0 0 0 0 89 11 0 0 1980 1360 0 380 2 2.49 2.83 3.22 2 0 730 0 43 0 0 730 0 10 0 0 0 0 0 0 0 0 0 0
20230510 00:02:43.701 10 0 0 0 0 0 0 90 10 0 0 1490 1080 0 380 2 2.49 2.83 3.22 2 0 300 0 18 0 0 300 0 0 0 0 0 0 0 0 0 0 0 0
20230510 00:02:43.801 9 0 1 0 0 1 0 89 11 0 0 1840 1320 0 380 2 2.49 2.83 3.22 2 0 570 0 33 0 0 570 0 0 0 0 0 0 0 0 0 0 0 0
20230510 00:02:43.901 8 0 1 0 0 1 0 89 11 0 0 2160 1160 0 380 2 2.49 2.83 3.22 2 0 860 0 50 0 0 860 0 0 0 0 0 0 0 0 0 0 0 0
20230510 00:02:44.001 7 0 3 0 0 0 0 89 11 0 0 1650 1320 0 380 2 2.49 2.83 3.22 2 0 470 0 28 0 0 470 0 0 0 0 0 0 0 0 0 0 0 0
20230510 00:02:44.101 7 0 4 0 0 0 0 90 10 0 0 2010 1470 0 380 2 2.45 2.81 3.22 2 0 660 0 39 0 0 660 0 0 0 0 0 0 0 0 0 0 0 0
20230510 00:02:44.201 8 0 1 0 0 0 0 90 10 0 0 1850 1260 0 380 2 2.45 2.81 3.22 2 0 670 0 39 0 0 670 0 0 0 0 0 0 0 0 0 0 0 0
20230510 00:02:44.301 9 0 2 0 0 0 0 90 10 0 0 1880 1160 0 380 2 2.45 2.81 3.22 2 0 600 0 35 0 0 600 0 0 0 0 0 0 0 0 0 0 0 0
20230510 00:02:44.401 8 0 1 0 0 0 0 90 10 0 0 2470 1300 0 380 2 2.45 2.81 3.22 2 0 970 0 57 0 0 970 0 0 0 0 420 420 0 2320 2320 0 160 160
20230510 00:02:44.501 8 0 2 0 0 0 0 90 10 0 0 1860 1200 0 380 2 2.45 2.81 3.22 2 0 450 0 26 0 0 450 0 0 0 0 0 0 0 0 0 0 0 0
20230510 00:02:44.601 9 0 1 0 0 0 0 89 11 0 0 1880 1200 0 380 2 2.45 2.81 3.22 2 0 730 0 43 0 0 730 0 0 0 0 0 0 0 0 0 0 0 0
20230510 00:02:44.701 9 0 1 0 0 2 0 88 12 0 0 2330 1260 0 380 2 2.45 2.81 3.22 2 0 860 0 50 0 0 860 0 0 0 0 0 0 0 0 0 0 0 0
20230510 00:02:44.801 10 0 0 0 0 0 0 90 10 0 0 2100 1300 0 380 2 2.45 2.81 3.22 2 0 770 0 45 0 0 770 0 0 0 0 0 0 0 0 0 0 0 0
20230510 00:02:44.901 10 0 0 0 0 0 0 90 10 0 0 2050 1220 0 380 2 2.45 2.81 3.22 2 0 690 0 40 0 0 690 0 0 0 0 0 0 0 0 0 0 0 0
20230510 00:02:45.001 8 0 2 0 0 0 0 90 10 0 0 1920 1420 0 380 2 2.45 2.81 3.22 2 0 700 10 42 1 0 690 0 0 0 0 0 0 0 0 0 0 0 0
20230510 00:02:45.101 10 0 0 0 0 0 0 90 10 0 0 2160 1680 0 380 2 2.45 2.81 3.22 2 0 800 10 47 1 0 790 0 0 0 0 20 20 0 120 120 0 10 10
20230510 00:02:45.201 9 0 2 0 0 1 0 88 12 0 0 2300 1350 0 380 2 2.45 2.81 3.22 2 0 890 0 52 0 0 890 0 0 0 0 0 0 0 0 0 0 0 0
20230510 00:02:45.301 8 0 2 0 0 0 0 90 10 0 0 2000 1200 0 380 2 2.45 2.81 3.22 2 0 530 0 31 0 0 530 0 0 0 0 0 0 0 0 0 0 0 0
20230510 00:02:45.401 9 0 2 0 0 0 0 90 10 0 0 1770 1400 0 380 2 2.45 2.81 3.22 2 0 580 0 34 0 0 580 0 0 0 0 20 20 0 120 120 0 10 10
20230510 00:02:45.501 9 0 1 0 0 0 0 90 10 0 0 1770 1220 0 380 2 2.45 2.81 3.22 2 0 550 0 32 0 0 550 0 0 0 0 0 0 0 0 0 0 0 0
20230510 00:02:45.601 9 0 1 0 0 0 0 89 11 0 0 1550 1440 0 380 2 2.45 2.81 3.22 2 0 320 10 19 1 0 320 0 10 0 0 0 0 0 0 0 0 0 0
20230510 00:02:45.701 7 0 3 0 0 0 0 90 10 0 0 1630 1140 0 380 2 2.45 2.81 3.22 2 0 440 0 26 0 0 430 0 0 0 0 0 0 0 0 0 0 0 0
20230510 00:02:45.801 9 0 2 0 0 0 0 90 10 0 0 1810 1300 0 380 2 2.45 2.81 3.22 2 0 650 0 38 0 0 650 0 0 0 0 0 0 0 0 0 0 0 0
20230510 00:02:45.901 10 0 0 0 0 3 0 87 13 0 0 1970 1280 0 380 2 2.45 2.81 3.22 2 0 620 0 36 0 0 620 0 0 0 0 0 0 0 0 0 0 0 0
20230510 00:02:46.001 10 0 0 0 0 0 0 90 10 0 0 1890 1380 0 380 2 2.45 2.81 3.22 2 0 840 0 49 0 0 840 0 0 0 0 0 0 0 0 0 0 0 0
20230510 00:02:46.101 10 0 1 0 0 0 0 90 10 0 0 2310 1700 0 380 2 2.45 2.81 3.22 2 0 780 10 46 1 0 780 0 0 0 0 0 0 0 0 0 0 0 0
20230510 00:02:46.201 8 0 2 0 0 1 0 89 11 0 0 1810 1260 0 380 2 2.45 2.81 3.22 2 0 590 0 35 0 0 580 0 0 0 0 0 0 0 0 0 0 0 0
20230510 00:02:46.301 7 0 3 0 0 0 0 90 10 0 0 1700 1120 0 380 2 2.45 2.81 3.22 2 0 540 0 32 0 0 540 0 0 0 0 0 0 0 0 0 0 0 0
20230510 00:02:46.401 9 0 1 0 0 0 0 90 10 0 0 1830 1240 0 380 2 2.45 2.81 3.22 2 0 720 0 42 0 0 720 0 0 0 0 0 0 0 0 0 0 0 0
20230510 00:02:46.501 10 0 1 0 0 0 0 90 10 0 0 1780 1140 0 380 2 2.45 2.81 3.22 2 0 640 0 38 0 0 640 0 0 0 0 0 0 0 0 0 0 0 0
20230510 00:02:46.601 9 0 1 0 0 1 0 89 11 0 0 1670 1180 0 380 2 2.45 2.81 3.22 2 0 470 0 28 0 0 470 0 0 0 0 0 0 0 0 0 0 0 0
20230510 00:02:46.701 10 0 0 0 0 1 0 89 11 0 0 2060 1200 0 380 2 2.45 2.81 3.22 2 0 830 0 49 0 0 830 0 0 0 0 0 0 0 0 0 0 0 0
20230510 00:02:46.801 10 0 0 0 0 0 0 90 10 0 0 1850 1240 0 380 2 2.45 2.81 3.22 2 0 730 0 43 0 0 730 0 0 0 0 0 0 0 0 0 0 0 0
20230510 00:02:46.901 8 0 2 0 0 0 0 89 11 0 0 2100 1140 0 380 2 2.45 2.81 3.22 2 0 840 0 49 0 0 840 0 0 0 0 0 0 0 0 0 0 0 0
20230510 00:02:47.001 9 0 1 0 0 0 0 89 11 0 0 1880 1300 0 380 2 2.45 2.81 3.22 2 0 780 0 46 0 0 780 0 0 0 0 0 0 0 0 0 0 0 0
20230510 00:02:47.101 9 0 1 0 0 0 0 90 10 0 0 2010 1440 0 380 2 2.45 2.81 3.22 2 0 590 0 35 0 0 590 0 0 0 0 0 0 0 0 0 0 0 0
20230510 00:02:47.201 9 0 1 0 0 0 0 89 11 0 0 1790 1280 0 380 2 2.45 2.81 3.22 2 0 680 0 40 0 0 680 0 0 0 0 0 0 0 0 0 0 0 0
20230510 00:02:47.301 10 0 0 0 0 0 0 90 10 0 0 2190 1240 0 380 2 2.45 2.81 3.22 2 0 820 0 48 0 0 820 0 0 0 0 0 0 0 0 0 0 0 0
20230510 00:02:47.401 10 0 0 0 0 0 0 89 11 0 0 1790 1580 0 380 2 2.45 2.81 3.22 2 0 440 0 26 0 0 440 0 0 0 0 0 0 0 0 0 0 0 0
20230510 00:02:47.501 9 0 2 0 0 0 0 90 10 0 0 1740 1320 0 380 2 2.45 2.81 3.22 2 0 520 0 30 0 0 520 0 0 0 0 0 0 0 0 0 0 0 0
20230510 00:02:47.601 7 0 3 0 0 0 0 90 10 0 0 1770 1280 0 380 2 2.45 2.81 3.22 2 0 620 0 36 0 0 620 0 0 0 0 0 0 0 0 0 0 0 0
20230510 00:02:47.701 8 0 2 0 0 0 0 90 10 0 0 2020 1240 0 380 2 2.45 2.81 3.22 2 0 610 0 36 0 0 610 0 10 0 0 0 0 0 0 0 0 0 0
20230510 00:02:47.801 10 0 0 0 0 0 0 89 11 0 0 1580 1200 0 380 2 2.45 2.81 3.22 2 0 500 0 29 0 0 500 0 0 0 0 0 0 0 0 0 0 0 0
20230510 00:02:47.901 10 0 1 0 0 0 0 89 11 0 0 1960 1270 0 380 2 2.45 2.81 3.22 2 0 560 0 33 0 0 560 0 0 0 0 0 0 0 0 0 0 0 0
20230510 00:02:48.001 10 0 0 0 0 0 0 90 10 0 0 1680 1260 0 380 2 2.45 2.81 3.22 2 0 520 0 30 0 0 520 0 0 0 0 0 0 0 0 0 0 0 0
20230510 00:02:48.101 8 0 2 0 0 0 0 90 10 0 0 1890 1500 0 380 2 2.45 2.81 3.22 2 0 620 0 36 0 0 620 0 0 0 0 0 0 0 0 0 0 0 0
20230510 00:02:48.201 8 0 2 0 0 0 0 90 10 0 0 1590 1220 0 380 2 2.45 2.81 3.22 2 0 420 0 25 0 0 420 0 0 0 0 0 0 0 0 0 0 0 0
20230510 00:02:48.301 10 0 1 0 0 0 0 90 10 0 0 1920 1220 0 380 2 2.45 2.81 3.22 2 0 750 0 44 0 0 750 0 0 0 0 0 0 0 0 0 0 0 0
20230510 00:02:48.401 8 0 2 0 0 0 0 90 10 0 0 2190 1260 0 380 2 2.45 2.81 3.22 2 0 1040 0 61 0 0 1040 0 0 0 0 0 0 0 0 0 0 0 0
20230510 00:02:48.501 6 0 4 0 0 0 0 90 10 0 0 1970 1320 0 380 2 2.45 2.81 3.22 2 0 680 0 40 0 0 680 0 0 0 0 0 0 0 0 0 0 0 0
20230510 00:02:48.601 8 0 2 0 0 0 0 90 10 0 0 1800 1300 0 380 2 2.45 2.81 3.22 2 0 540 0 32 0 0 540 0 0 0 0 0 0 0 0 0 0 0 0
20230510 00:02:48.701 8 0 1 0 0 1 0 89 11 0 0 1940 1200 0 380 2 2.45 2.81 3.22 2 0 730 0 43 0 0 730 0 0 0 0 0 0 0 0 0 0 0 0
20230510 00:02:48.801 10 0 0 0 0 0 0 90 10 0 0 2000 1260 0 380 2 2.45 2.81 3.22 2 0 870 0 51 0 0 870 0 0 0 0 0 0 0 0 0 0 0 0
20230510 00:02:48.901 10 0 0 0 0 1 0 88 12 0 0 1900 1220 0 380 2 2.45 2.81 3.22 2 0 570 0 33 0 0 570 0 0 0 0 0 0 0 0 0 0 0 0
20230510 00:02:49.001 10 0 0 0 0 0 0 90 10 0 0 1910 1360 0 380 2 2.45 2.81 3.22 2 0 770 0 45 0 0 770 0 0 0 0 0 0 0 0 0 0 0 0
20230510 00:02:49.101 9 0 1 0 0 1 0 89 11 0 0 2220 1560 0 380 2 2.42 2.80 3.21 2 0 880 0 52 0 0 880 0 0 0 0 0 0 0 0 0 0 0 0
20230510 00:02:49.201 8 0 2 0 0 0 0 90 10 0 0 2010 1240 0 380 2 2.42 2.80 3.21 2 0 870 0 51 0 0 870 0 0 0 0 0 0 0 0 0 0 0 0
20230510 00:02:49.301 10 0 0 0 0 0 0 89 11 0 0 1870 1260 0 380 2 2.42 2.80 3.21 2 0 580 0 34 0 0 580 0 0 0 0 0 0 0 0 0 0 0 0
20230510 00:02:49.401 10 0 1 0 0 0 0 89 11 0 0 1770 1260 0 380 2 2.42 2.80 3.21 2 0 630 0 37 0 0 630 0 0 0 0 0 0 0 0 0 0 0 0
20230510 00:02:49.501 10 0 0 0 0 0 0 90 10 0 0 1960 1490 0 380 2 2.42 2.80 3.21 3 0 540 0 32 0 0 540 0 0 0 0 160 160 0 148480 148480 0 0 0
20230510 00:02:49.601 10 0 1 0 0 0 0 88 11 0 0 1930 1600 0 380 2 2.42 2.80 3.21 2 1 500 0 29 0 0 500 0 0 0 0 270 270 0 309760 309760 0 0 0
20230510 00:02:49.701 8 0 3 0 0 0 0 89 11 0 0 2370 1480 0 380 2 2.42 2.80 3.21 3 0 640 0 38 0 0 640 0 10 0 0 260 260 0 302080 302080 0 0 0
20230510 00:02:49.801 5 0 6 1 0 0 0 89 11 0 0 1830 1460 0 380 3 2.42 2.80 3.21 2 1 460 0 27 0 0 460 0 0 0 0 270 270 0 314880 314880 0 0 0
20230510 00:02:49.901 7 0 3 2 0 1 0 88 11 0 0 2460 1650 0 380 2 2.42 2.80 3.21 2 1 690 0 40 0 0 690 0 0 0 0 250 250 0 284200 284200 0 0 0
20230510 00:02:50.001 9 0 1 0 0 0 0 89 11 0 0 2240 1640 0 380 2 2.42 2.80 3.21 3 1 720 10 43 1 0 710 0 0 0 0 290 290 0 340480 340480 0 0 0
20230510 00:02:50.101 10 0 0 3 0 1 0 85 11 0 0 2930 2340 0 380 2 2.42 2.80 3.21 2 2 970 10 57 1 0 960 0 0 0 0 330 330 0 314960 314960 0 30 30
20230510 00:02:50.201 10 0 2 0 0 0 0 88 11 0 0 3720 3010 0 380 2 2.42 2.80 3.21 3 0 490 0 29 0 0 490 0 0 0 0 1950 1950 0 312120 312120 0 0 0
20230510 00:02:50.301 9 0 2 1 0 1 0 88 11 0 0 3690 2580 0 380 2 2.42 2.80 3.21 2 1 880 0 52 0 0 880 0 0 0 0 1270 1270 0 309720 309720 0 10 10
20230510 00:02:50.401 6 0 1 0 0 0 0 92 7 0 0 1670 10290 0 380 2 2.42 2.80 3.21 2 1 510 0 30 0 0 510 0 0 0 0 270 270 0 289760 289760 0 100 100
20230510 00:02:50.501 9 0 2 1 0 0 0 88 10 0 0 1940 1380 0 380 2 2.42 2.80 3.21 2 1 410 0 24 0 0 410 0 0 0 0 270 270 0 313440 313440 0 10 10
20230510 00:02:50.601 9 0 1 0 0 1 0 88 11 0 0 1930 1720 0 380 2 2.42 2.80 3.21 2 1 330 10 19 1 0 330 0 0 0 0 360 360 0 304760 304760 0 0 0
20230510 00:02:50.701 9 0 1 0 0 1 0 88 12 0 0 2230 1500 0 380 3 2.42 2.80 3.21 2 1 720 0 42 0 0 710 0 0 0 0 310 310 0 309920 309920 0 0 0
20230510 00:02:50.801 9 0 2 0 0 0 0 89 11 0 0 2690 1650 0 380 2 2.42 2.80 3.21 2 1 1050 0 62 0 0 1050 0 0 0 0 290 290 0 301760 301760 0 0 0
20230510 00:02:50.901 9 0 2 1 0 0 0 88 11 0 0 2150 1440 0 380 2 2.42 2.80 3.21 2 1 620 10 36 1 0 610 0 0 0 0 260 260 0 309760 309760 0 0 0
20230510 00:02:51.001 9 0 1 1 0 0 0 88 10 0 0 2170 1760 0 380 2 2.42 2.80 3.21 3 0 570 0 33 0 0 560 0 0 0 0 250 250 0 286160 286160 0 0 0
20230510 00:02:51.101 10 0 2 2 0 0 0 88 11 0 0 2450 2050 0 380 2 2.42 2.80 3.21 2 1 650 10 38 1 0 650 0 0 0 0 250 250 0 292400 292400 0 0 0
20230510 00:02:51.201 10 0 1 0 0 0 0 88 11 0 0 2170 1460 0 380 2 2.42 2.80 3.21 2 1 760 0 45 0 0 750 0 0 0 0 250 250 0 296960 296960 0 0 0
20230510 00:02:51.301 10 0 1 0 0 0 0 88 11 0 0 2380 1590 0 380 2 2.42 2.80 3.21 2 1 730 0 43 0 0 730 0 0 0 0 260 260 0 296120 296120 0 0 0
20230510 00:02:51.401 6 0 4 0 0 0 0 88 11 0 0 2450 1820 0 380 2 2.42 2.80 3.21 2 1 690 0 40 0 0 690 0 0 0 0 300 300 0 290520 290520 0 0 0
20230510 00:02:51.501 8 0 2 0 0 1 0 89 11 0 0 2230 1650 0 380 3 2.42 2.80 3.21 2 1 700 0 41 0 0 700 0 0 0 0 280 280 0 298760 298760 0 10 10
20230510 00:02:51.601 9 0 1 0 0 0 0 89 11 0 0 2330 1620 0 380 2 2.42 2.80 3.21 2 1 650 0 38 0 0 650 0 0 0 0 530 530 0 288960 288960 0 30 30
20230510 00:02:51.701 10 0 1 0 0 1 0 87 12 0 0 4090 3060 0 380 2 2.42 2.80 3.21 2 1 690 0 40 0 0 690 0 10 0 0 1780 1780 0 292080 292080 0 0 0
20230510 00:02:51.801 10 0 1 1 0 1 0 87 12 0 0 2650 1830 0 380 2 2.42 2.80 3.21 2 1 580 0 34 0 0 580 0 0 0 0 680 680 0 280320 280320 0 0 0
20230510 00:02:51.901 10 0 1 0 0 2 0 86 13 0 0 2260 1520 0 380 2 2.42 2.80 3.21 2 1 470 0 28 0 0 470 0 0 0 0 250 250 0 289280 289280 0 0 0
20230510 00:02:52.001 9 0 2 1 0 0 0 88 11 0 0 2290 1480 0 380 2 2.42 2.80 3.21 2 1 780 0 46 0 0 780 0 0 0 0 210 210 0 245760 245760 0 0 0
20230510 00:02:52.101 8 0 2 0 0 1 0 88 12 0 0 2460 1940 0 380 2 2.42 2.80 3.21 2 1 850 0 50 0 0 850 0 0 0 0 270 270 0 314880 314880 0 0 0
20230510 00:02:52.201 9 0 1 1 0 1 0 88 11 0 0 1990 1440 0 380 2 2.42 2.80 3.21 2 1 530 0 31 0 0 530 0 0 0 0 270 270 0 314400 314400 0 0 0
20230510 00:02:52.301 10 0 1 0 0 0 0 88 11 0 0 2750 1750 0 380 2 2.42 2.80 3.21 2 1 910 0 53 0 0 910 0 0 0 0 370 370 0 300320 300320 0 20 20
20230510 00:02:52.401 10 0 1 0 0 1 0 88 12 0 0 2430 1520 0 380 2 2.42 2.80 3.21 2 1 910 0 53 0 0 910 0 0 0 0 340 340 0 320640 320640 0 0 0
20230510 00:02:52.501 9 0 1 0 0 0 0 88 11 0 0 2180 1580 0 380 2 2.42 2.80 3.21 2 1 550 0 32 0 0 550 0 0 0 0 270 270 0 313600 313600 0 0 0
20230510 00:02:52.601 9 0 1 0 0 1 0 88 12 0 0 1860 1390 0 380 2 2.42 2.80 3.21 2 1 440 0 26 0 0 440 0 0 0 0 270 270 0 314880 314880 0 0 0
20230510 00:02:52.701 7 0 3 2 0 1 0 86 12 0 0 2330 1570 0 380 2 2.42 2.80 3.21 2 1 590 0 35 0 0 590 0 0 0 0 270 270 0 309760 309760 0 0 0
20230510 00:02:52.801 10 0 1 0 0 0 0 89 11 0 0 2340 1460 0 380 2 2.42 2.80 3.21 2 1 840 0 49 0 0 840 0 0 0 0 260 260 0 302080 302080 0 0 0
20230510 00:02:52.901 10 0 0 0 0 0 0 90 10 0 0 2180 1590 0 380 2 2.42 2.80 3.21 2 1 470 0 28 0 0 470 0 0 0 0 270 270 0 314880 314880 0 0 0
20230510 00:02:53.001 10 0 0 1 0 1 0 87 12 0 0 2390 1530 0 380 2 2.42 2.80 3.21 2 1 890 0 52 0 0 890 0 0 0 0 280 280 0 314720 314720 0 0 0
20230510 00:02:53.101 10 0 1 0 0 0 0 89 11 0 0 2540 2030 0 380 2 2.42 2.80 3.21 2 1 690 0 40 0 0 690 0 0 0 0 390 390 0 309160 309160 0 0 0
20230510 00:02:53.201 10 0 1 0 0 0 0 89 11 0 0 3790 2750 0 380 2 2.42 2.80 3.21 2 1 780 0 46 0 0 780 0 0 0 0 1750 1750 0 304880 304880 0 0 0
20230510 00:02:53.301 8 0 3 0 0 0 0 88 11 0 0 4220 3070 0 380 2 2.42 2.80 3.21 2 1 670 0 39 0 0 670 0 0 0 0 1900 1900 0 307680 307680 0 0 0
20230510 00:02:53.401 9 0 2 1 0 0 0 89 10 0 0 2180 1660 0 380 3 2.42 2.80 3.21 2 1 510 0 30 0 0 510 0 0 0 0 420 420 0 315920 315920 0 0 0
20230510 00:02:53.501 10 0 1 1 0 0 0 89 10 0 0 2330 1620 0 380 2 2.42 2.80 3.21 2 1 590 0 35 0 0 590 0 0 0 0 350 350 0 311240 311240 0 40 40
20230510 00:02:53.601 9 0 2 0 0 0 0 88 11 0 0 2520 1760 0 380 2 2.42 2.80 3.21 2 1 730 0 43 0 0 730 0 0 0 0 540 540 0 291840 291840 0 30 30
20230510 00:02:53.701 10 0 2 0 0 0 0 88 12 0 0 3640 2770 0 380 3 2.42 2.80 3.21 3 0 750 0 44 0 0 750 0 10 0 0 1620 1620 0 320960 320960 0 20 20
20230510 00:02:53.801 10 0 2 0 0 0 0 88 11 0 0 3470 2400 0 380 2 2.42 2.80 3.21 2 1 720 0 42 0 0 720 0 0 0 0 1290 1290 0 298240 298240 0 0 0
20230510 00:02:53.901 6 0 5 0 0 0 0 88 12 0 0 2190 1530 0 380 2 2.42 2.80 3.21 2 1 660 0 39 0 0 660 0 0 0 0 260 260 0 291760 291760 0 0 0
20230510 00:02:54.001 8 0 2 0 0 1 0 88 11 0 0 2040 1720 0 380 2 2.42 2.80 3.21 2 1 450 0 26 0 0 450 0 0 0 0 410 410 0 304280 304280 0 20 20
20230510 00:02:54.101 8 0 2 0 0 0 0 88 11 0 0 3070 2150 0 380 2 2.46 2.80 3.21 2 1 850 0 50 0 0 850 0 0 0 0 570 570 0 296960 296960 0 40 40
20230510 00:02:54.201 9 0 1 0 0 1 0 88 12 0 0 2590 2180 0 380 2 2.46 2.80 3.21 2 1 410 0 24 0 0 410 0 0 0 0 820 820 0 291760 291760 0 20 20
20230510 00:02:54.301 10 0 1 1 0 0 0 89 11 0 0 4440 3580 0 380 3 2.46 2.80 3.21 2 1 710 0 47 0 0 710 0 0 0 0 2150 2150 0 282920 282920 0 0 0
20230510 00:02:54.401 9 0 1 0 0 0 0 88 11 0 0 4150 3270 0 380 2 2.46 2.80 3.21 2 1 780 0 46 0 0 780 0 0 0 0 2110 2110 0 286720 286720 0 10 10
20230510 00:02:54.501 10 0 2 0 0 0 0 88 12 0 0 4200 3560 0 380 2 2.46 2.80 3.21 2 1 530 0 31 0 0 530 0 0 0 0 2140 2140 0 291840 291840 0 0 0
20230510 00:02:54.601 9 0 1 0 0 1 0 88 11 0 0 4020 3350 0 380 2 2.46 2.80 3.21 2 1 520 0 30 0 0 520 0 0 0 0 1990 1990 0 278400 278400 0 10 10
20230510 00:02:54.701 10 0 1 0 0 1 0 88 12 0 0 2150 1460 0 380 2 2.46 2.80 3.21 2 1 380 0 22 0 0 380 0 0 0 0 330 330 0 289600 289600 0 0 0
20230510 00:02:54.801 10 0 2 0 0 0 0 88 11 0 0 4280 3320 0 380 2 2.46 2.80 3.21 2 1 860 0 50 0 0 860 0 0 0 0 1970 1970 0 292920 292920 0 10 10
20230510 00:02:54.901 10 0 2 0 0 0 0 88 11 0 0 2640 2130 0 380 2 2.46 2.80 3.21 2 1 410 0 24 0 0 410 0 0 0 0 880 880 0 285680 285680 0 0 0
20230510 00:02:55.001 9 0 2 0 0 0 0 88 11 0 0 2230 1740 0 380 2 2.46 2.80 3.21 2 1 750 10 44 1 0 740 0 0 0 0 310 310 0 283440 283440 0 0 0
20230510 00:02:55.101 7 0 3 5 0 2 0 82 12 0 0 2620 1990 0 380 2 2.46 2.80 3.21 2 2 780 10 46 1 0 770 0 0 0 0 290 290 0 291880 291880 0 20 20
20230510 00:02:55.201 5 0 5 3 0 0 0 87 10 0 0 2280 1670 0 380 2 2.46 2.80 3.21 2 1 750 0 44 0 0 750 0 0 0 0 270 270 0 297000 297000 0 0 0
20230510 00:02:55.301 0 0 0 100 0 0 0 0 0 0 0 2520 1550 0 380 2 2.46 2.80 3.21 2 1 900 0 53 0 0 900 0 0 0 0 250 250 0 284160 284160 0 0 0
20230510 00:02:55.401 6 0 1 3 0 0 0 90 6 0 0 1940 5970 0 380 2 2.46 2.80 3.21 3 0 670 0 39 0 0 670 0 0 0 0 270 270 0 290560 290560 0 300 300
20230510 00:02:55.501 9 0 1 1 0 1 0 88 11 0 0 2260 1580 0 380 2 2.46 2.80 3.21 2 1 710 0 42 0 0 710 0 0 0 0 250 250 0 296960 296960 0 0 0
20230510 00:02:55.601 10 0 0 1 0 1 0 87 12 0 0 1890 1410 0 380 2 2.46 2.80 3.21 2 1 600 10 35 1 0 600 0 0 0 0 140 140 0 163840 163840 0 0 0
20230510 00:02:55.701 0 0 0 100 0 0 0 0 0 0 0 2570 1400 0 380 3 2.46 2.80 3.21 2 1 860 0 50 0 0 860 0 0 0 0 180 180 0 207360 207360 0 10 10
20230510 00:02:55.801 9 0 1 0 0 1 0 88 12 0 0 2310 1450 0 380 2 2.46 2.80 3.21 2 1 860 0 50 0 0 850 0 10 0 0 250 250 0 289280 289280 0 0 0
20230510 00:02:55.901 9 0 1 0 0 1 0 88 11 0 0 2410 1550 0 380 2 2.46 2.80 3.21 2 1 830 0 49 0 0 830 0 0 0 0 250 250 0 296960 296960 0 0 0
20230510 00:02:56.001 10 0 0 0 0 0 0 89 11 0 0 1930 1580 0 380 2 2.46 2.80 3.21 2 1 440 0 26 0 0 440 0 0 0 0 250 250 0 289280 289280 0 0 0
20230510 00:02:56.101 6 0 5 0 0 1 0 88 12 0 0 2600 2230 0 380 2 2.46 2.80 3.21 2 1 520 10 30 1 0 520 0 0 0 0 520 520 0 302520 302520 0 20 20
20230510 00:02:56.201 9 0 1 0 0 0 0 88 11 0 0 2540 1910 0 380 3 2.46 2.80 3.21 2 1 720 0 42 0 0 720 0 0 0 0 670 670 0 296960 296960 0 40 40
20230510 00:02:56.301 10 0 1 0 0 1 0 87 13 0 0 2450 1590 0 380 2 2.46 2.80 3.21 2 1 700 0 41 0 0 690 0 0 0 0 340 340 0 302480 302480 0 20 20
20230510 00:02:56.401 9 0 1 0 0 0 0 89 11 0 0 2580 1540 0 380 2 2.46 2.80 3.21 2 1 1130 0 66 0 0 1130 0 0 0 0 260 260 0 296960 296960 0 0 0
20230510 00:02:56.501 9 0 1 1 0 2 0 87 12 0 0 1960 1500 0 380 2 2.46 2.80 3.21 2 1 360 0 21 0 0 360 0 0 0 0 250 250 0 289280 289280 0 0 0
20230510 00:02:56.601 8 0 2 0 0 1 0 88 12 0 0 2240 1480 0 380 2 2.46 2.80 3.21 2 1 800 0 47 0 0 800 0 0 0 0 250 250 0 296960 296960 0 0 0
20230510 00:02:56.701 9 0 1 0 0 2 0 87 12 0 0 1930 1420 0 380 2 2.46 2.80 3.21 2 1 430 0 25 0 0 430 0 0 0 0 260 260 0 302080 302080 0 0 0
20230510 00:02:56.801 9 0 1 0 0 0 0 89 11 0 0 2490 1680 0 380 2 2.46 2.80 3.21 2 1 980 0 57 0 0 980 0 0 0 0 250 250 0 289280 289280 0 0 0
20230510 00:02:56.901 9 0 1 0 0 1 0 88 11 0 0 2030 1490 0 380 2 2.46 2.80 3.21 2 1 550 0 32 0 0 550 0 0 0 0 250 250 0 296960 296960 0 0 0
20230510 00:02:57.001 8 0 3 0 0 0 0 88 11 0 0 2200 1490 0 380 2 2.46 2.80 3.21 2 1 710 0 42 0 0 710 0 0 0 0 250 250 0 289280 289280 0 0 0
20230510 00:02:57.101 7 0 3 0 0 1 0 88 12 0 0 2250 1980 0 380 2 2.46 2.80 3.21 2 1 640 0 37 0 0 640 0 0 0 0 250 250 0 296960 296960 0 0 0
20230510 00:02:57.201 7 0 4 1 0 1 0 87 12 0 0 3040 1800 0 380 2 2.46 2.80 3.21 2 1 1170 0 69 0 0 1170 0 0 0 0 450 450 0 305920 305920 0 10 10
20230510 00:02:57.301 8 0 2 0 0 1 0 88 12 0 0 2780 1930 0 380 3 2.46 2.80 3.21 2 1 630 0 37 0 0 630 0 0 0 0 680 680 0 296960 296960 0 20 20
20230510 00:02:57.401 10 0 1 0 0 1 0 88 12 0 0 1870 1610 0 380 2 2.46 2.80 3.21 2 1 260 0 15 0 0 260 0 0 0 0 450 450 0 257560 257560 0 10 10
20230510 00:02:57.501 8 0 3 1 0 1 0 87 12 0 0 2180 1540 0 380 2 2.46 2.80 3.21 2 1 560 0 33 0 0 560 0 0 0 0 250 250 0 290560 290560 0 0 0
20230510 00:02:57.601 9 0 0 0 0 2 0 88 12 0 0 2070 1620 0 380 2 2.46 2.80 3.21 2 1 550 0 32 0 0 550 0 0 0 0 290 290 0 327680 327680 0 0 0
20230510 00:02:57.701 10 0 1 0 0 1 0 87 12 0 0 2080 1460 0 380 2 2.46 2.80 3.21 2 1 640 0 38 0 0 640 0 0 0 0 240 240 0 284160 284160 0 0 0
20230510 00:02:57.801 10 0 0 1 0 1 0 88 11 0 0 2290 1410 0 380 3 2.46 2.80 3.21 2 1 840 0 49 0 0 840 0 10 0 0 260 260 0 302080 302080 0 0 0
20230510 00:02:57.901 0 0 0 100 0 0 0 0 0 0 0 2080 1440 0 380 2 2.46 2.80 3.21 2 1 700 0 41 0 0 700 0 0 0 0 250 250 0 296960 296960 0 0 0
20230510 00:02:58.001 9 0 1 1 0 1 0 87 12 0 0 2140 1600 0 380 2 2.46 2.80 3.21 2 1 690 0 40 0 0 690 0 0 0 0 250 250 0 289280 289280 0 0 0
20230510 00:02:58.101 8 0 2 1 0 2 0 86 13 0 0 2300 1880 0 380 2 2.46 2.80 3.21 2 1 470 0 28 0 0 470 0 0 0 0 260 260 0 289280 289280 0 0 0
20230510 00:02:58.201 8 0 2 0 0 0 0 88 11 0 0 2180 1490 0 380 2 2.46 2.80 3.21 2 1 720 0 42 0 0 720 0 0 0 0 250 250 0 296960 296960 0 0 0
20230510 00:02:58.301 10 0 1 0 0 0 0 89 11 0 0 2380 1600 0 380 2 2.46 2.80 3.21 2 1 790 0 46 0 0 790 0 0 0 0 270 270 0 296960 296960 0 10 10
20230510 00:02:58.401 10 0 1 0 0 0 0 89 11 0 0 2120 1550 0 380 2 2.46 2.80 3.21 2 1 640 0 38 0 0 640 0 0 0 0 370 370 0 297000 297000 0 0 0
20230510 00:02:58.501 10 0 0 0 0 1 0 88 11 0 0 2220 1610 0 380 2 2.46 2.80 3.21 3 0 590 0 35 0 0 590 0 0 0 0 270 270 0 296680 296680 0 0 0
20230510 00:02:58.601 10 0 1 0 0 0 0 89 11 0 0 2450 1470 0 380 2 2.46 2.80 3.21 2 1 900 0 53 0 0 900 0 0 0 0 260 260 0 299800 299800 0 0 0
20230510 00:02:58.701 8 0 2 1 0 0 0 88 11 0 0 2290 1600 0 380 2 2.46 2.80 3.21 2 1 730 0 43 0 0 730 0 0 0 0 250 250 0 296960 296960 0 0 0
20230510 00:02:58.801 10 0 0 0 0 0 0 89 11 0 0 2550 1630 0 380 2 2.46 2.80 3.21 2 1 1050 0 62 0 0 1050 0 0 0 0 250 250 0 289280 289280 0 0 0
20230510 00:02:58.901 10 0 0 0 0 1 0 88 11 0 0 3200 2560 0 380 3 2.46 2.80 3.21 2 1 450 0 26 0 0 450 0 0 0 0 1430 1430 0 302080 302080 0 20 20
20230510 00:02:59.001 9 0 2 0 0 1 0 87 13 0 0 2470 1570 0 380 2 2.46 2.80 3.21 3 0 780 0 46 0 0 780 0 0 0 0 280 280 0 294400 294400 0 0 0
20230510 00:02:59.101 8 0 2 1 0 1 0 87 12 0 0 2210 1800 0 380 2 2.51 2.81 3.21 2 1 660 0 39 0 0 660 0 0 0 0 260 260 0 303000 303000 0 10 10
20230510 00:02:59.201 8 0 2 0 0 0 0 89 11 0 0 2380 1660 0 380 3 2.51 2.81 3.21 2 1 780 0 46 0 0 780 0 0 0 0 510 510 0 291080 291080 0 20 20
20230510 00:02:59.301 9 0 1 0 0 1 0 87 12 0 0 2500 1890 0 380 2 2.51 2.81 3.21 2 1 550 0 32 0 0 550 0 0 0 0 640 640 0 293120 293120 0 40 40
20230510 00:02:59.401 10 0 1 1 0 1 0 88 11 0 0 2300 2070 0 380 2 2.51 2.81 3.21 2 1 390 0 23 0 0 390 0 0 0 0 590 590 0 296760 296760 0 20 20
20230510 00:02:59.501 9 0 1 0 0 1 0 88 12 0 0 2140 1750 0 380 2 2.51 2.81 3.21 2 1 410 0 24 0 0 410 0 0 0 0 430 430 0 295920 295920 0 0 0
20230510 00:02:59.601 10 0 0 0 0 1 0 88 12 0 0 2080 1370 0 380 2 2.51 2.81 3.21 2 1 710 0 42 0 0 710 0 0 0 0 250 250 0 289280 289280 0 0 0
20230510 00:02:59.701 10 0 0 0 0 1 0 88 12 0 0 2710 1790 0 380 2 2.51 2.81 3.21 2 1 690 0 40 0 0 690 0 0 0 0 660 660 0 273000 273000 0 10 10
20230510 00:02:59.801 10 0 0 1 0 1 0 88 11 0 0 2110 1290 0 380 2 2.51 2.81 3.21 2 1 710 0 42 0 0 710 0 10 0 0 260 260 0 170240 170240 0 0 0
20230510 00:02:59.901 0 0 0 100 0 0 0 0 0 0 0 2270 1500 0 380 2 2.51 2.81 3.21 2 1 720 0 42 0 0 720 0 0 0 0 230 230 0 258560 258560 0 0 0
20230510 00:03:00.001 8 0 2 1 0 0 0 88 10 0 0 2150 1740 0 380 2 2.51 2.81 3.21 2 1 610 10 36 1 0 600 0 0 0 0 300 300 0 305840 305840 0 0 0
20230510 00:03:00.101 9 0 1 2 0 2 0 85 12 0 0 2210 2100 0 380 2 2.51 2.81 3.21 2 2 530 10 32 1 0 520 0 0 0 0 260 260 0 286800 286800 0 10 10
20230510 00:03:00.201 9 0 2 0 0 1 0 88 12 0 0 2120 1480 0 380 2 2.51 2.81 3.21 2 1 710 0 42 0 0 710 0 0 0 0 210 210 0 233000 233000 0 10 10
20230510 00:03:00.301 7 0 4 0 0 1 0 87 12 0 0 2100 1600 0 380 2 2.51 2.81 3.21 2 1 500 0 29 0 0 500 0 0 0 0 330 330 0 321560 321560 0 20 20
20230510 00:03:00.401 9 0 1 1 0 0 0 89 10 0 0 2580 2160 0 380 2 2.51 2.81 3.21 2 1 760 0 45 0 0 760 0 0 0 0 720 720 0 312160 312160 0 250 250
20230510 00:03:00.501 8 0 3 0 0 1 0 87 13 0 0 2660 1960 0 380 2 2.51 2.81 3.21 2 1 560 0 33 0 0 560 0 0 0 0 620 620 0 304680 304680 0 30 30
20230510 00:03:00.601 9 0 2 0 0 1 0 88 12 0 0 3520 2840 0 380 2 2.51 2.81 3.21 2 1 450 10 26 1 0 450 0 0 0 0 1650 1650 0 310120 310120 0 20 20
20230510 00:03:00.701 8 0 3 0 0 1 0 88 12 0 0 2860 1640 0 380 2 2.51 2.81 3.21 2 1 950 0 56 0 0 940 0 0 0 0 470 470 0 307200 307200 0 0 0
20230510 00:03:00.801 7 0 3 0 0 1 0 89 11 0 0 2470 1540 0 380 2 2.51 2.81 3.21 2 1 930 0 54 0 0 930 0 0 0 0 260 260 0 314880 314880 0 0 0
20230510 00:03:00.901 7 0 3 1 0 0 0 88 11 0 0 2300 1700 0 380 2 2.51 2.81 3.21 3 0 470 0 28 0 0 470 0 0 0 0 290 290 0 290920 290920 0 20 20
20230510 00:03:01.001 10 0 1 0 0 1 0 87 12 0 0 2210 1740 0 380 2 2.51 2.81 3.21 2 1 490 0 29 0 0 490 0 0 0 0 310 310 0 294240 294240 0 0 0
20230510 00:03:01.101 10 0 0 1 0 1 0 87 12 0 0 2470 1970 0 380 2 2.51 2.81 3.21 2 1 830 10 49 1 0 830 0 0 0 0 250 250 0 289280 289280 0 0 0
20230510 00:03:01.201 9 0 1 0 0 2 0 87 12 0 0 2520 1420 0 380 2 2.51 2.81 3.21 2 1 1020 0 60 0 0 1020 0 0 0 0 230 230 0 271360 271360 0 0 0
20230510 00:03:01.301 9 0 1 0 0 2 0 87 12 0 0 2360 1480 0 380 2 2.51 2.81 3.21 2 1 810 0 48 0 0 800 0 0 0 0 250 250 0 285960 285960 0 20 20
20230510 00:03:01.401 8 0 2 0 0 0 0 89 11 0 0 2280 1880 0 380 2 2.51 2.81 3.21 2 1 370 0 22 0 0 370 0 0 0 0 710 710 0 319600 319600 0 40 40
20230510 00:03:01.501 8 0 3 0 0 2 0 87 13 0 0 2810 2040 0 380 2 2.51 2.81 3.21 2 1 700 0 41 0 0 700 0 0 0 0 780 780 0 305680 305680 0 10 10
20230510 00:03:01.601 6 0 5 0 0 1 0 88 12 0 0 2490 1950 0 380 2 2.51 2.81 3.21 2 1 520 0 30 0 0 520 0 0 0 0 790 790 0 289840 289840 0 30 30
20230510 00:03:01.701 8 0 2 0 0 2 0 87 12 0 0 2720 1910 0 380 2 2.51 2.81 3.21 2 1 630 0 37 0 0 630 0 0 0 0 600 600 0 291840 291840 0 0 0
20230510 00:03:01.801 10 0 1 0 0 1 0 88 12 0 0 3210 2310 0 380 2 2.51 2.81 3.21 3 0 770 0 45 0 0 770 0 0 0 0 1210 1210 0 293880 293880 0 10 10
20230510 00:03:01.901 9 0 1 1 0 2 0 86 13 0 0 2830 2020 0 380 2 2.51 2.81 3.21 2 1 610 0 36 0 0 610 0 10 0 0 750 750 0 289280 289280 0 0 0
20230510 00:03:02.001 10 0 0 0 0 1 0 88 11 0 0 2270 1610 0 380 2 2.51 2.81 3.21 2 1 730 0 43 0 0 730 0 0 0 0 250 250 0 289280 289280 0 0 0
20230510 00:03:02.101 9 0 1 0 0 2 0 87 13 0 0 2540 1880 0 380 2 2.51 2.81 3.21 2 1 860 0 50 0 0 860 0 0 0 0 240 240 0 284160 284160 0 0 0
20230510 00:03:02.201 5 0 5 0 0 1 0 89 11 0 0 2090 1400 0 380 2 2.51 2.81 3.21 2 1 730 0 43 0 0 730 0 0 0 0 270 270 0 289840 289840 0 10 10
20230510 00:03:02.301 9 0 2 0 0 2 0 87 13 0 0 2280 1610 0 380 2 2.51 2.81 3.21 2 1 540 0 32 0 0 540 0 0 0 0 320 320 0 294000 294000 0 0 0
20230510 00:03:02.401 9 0 1 0 0 2 0 87 12 0 0 2310 1510 0 380 2 2.51 2.81 3.21 2 1 780 0 46 0 0 780 0 0 0 0 250 250 0 296960 296960 0 0 0
20230510 00:03:02.501 8 0 2 0 0 1 0 88 12 0 0 2220 1610 0 380 2 2.51 2.81 3.21 2 1 630 0 37 0 0 630 0 0 0 0 250 250 0 283960 283960 0 0 0
20230510 00:03:02.601 8 0 2 0 0 1 0 88 12 0 0 1940 1460 0 380 3 2.51 2.81 3.21 3 0 480 0 28 0 0 480 0 0 0 0 320 320 0 297600 297600 0 0 0
20230510 00:03:02.701 9 0 1 0 0 1 0 88 12 0 0 2630 1830 0 380 2 2.51 2.81 3.21 2 1 750 0 44 0 0 750 0 0 0 0 500 500 0 291840 291840 0 30 30
20230510 00:03:02.801 9 0 1 0 0 1 0 88 11 0 0 2540 1560 0 380 2 2.51 2.81 3.21 2 1 970 0 57 0 0 970 0 0 0 0 330 330 0 286320 286320 0 0 0
20230510 00:03:02.901 9 0 1 1 0 1 0 87 12 0 0 2300 1500 0 380 2 2.51 2.81 3.21 2 1 630 0 37 0 0 630 0 0 0 0 250 250 0 296960 296960 0 10 10
20230510 00:03:03.001 9 0 2 0 0 0 0 89 11 0 0 2410 1610 0 380 2 2.51 2.81 3.21 2 1 860 0 50 0 0 860 0 0 0 0 250 250 0 289280 289280 0 0 0
20230510 00:03:03.101 10 0 1 1 0 3 0 85 14 0 0 2220 1870 0 380 2 2.51 2.81 3.21 2 1 580 0 37 0 0 580 0 0 0 0 240 240 0 284160 284160 0 0 0
20230510 00:03:03.201 10 0 0 1 0 0 0 88 11 0 0 1770 1430 0 380 2 2.51 2.81 3.21 2 1 440 0 26 0 0 440 0 0 0 0 250 250 0 289280 289280 0 0 0
20230510 00:03:03.301 10 0 1 1 0 0 0 88 11 0 0 2370 1640 0 380 3 2.51 2.81 3.21 2 1 710 0 42 0 0 710 0 0 0 0 250 250 0 296960 296960 0 0 0
20230510 00:03:03.401 11 0 0 1 0 0 0 88 11 0 0 2010 1810 0 380 2 2.51 2.81 3.21 2 1 450 0 26 0 0 450 0 0 0 0 250 250 0 289280 289280 0 0 0
20230510 00:03:03.501 10 0 0 0 0 1 0 88 11 0 0 2340 1880 0 380 2 2.51 2.81 3.21 2 1 660 0 39 0 0 660 0 0 0 0 400 400 0 290640 290640 0 10 10
20230510 00:03:03.601 10 0 0 1 0 0 0 89 10 0 0 2360 1500 0 380 2 2.51 2.81 3.21 2 1 840 0 49 0 0 840 0 0 0 0 320 320 0 293160 293160 0 0 0
20230510 00:03:03.701 9 0 2 0 0 2 0 87 13 0 0 2520 1440 0 380 2 2.51 2.81 3.21 2 1 660 0 39 0 0 660 0 0 0 0 240 240 0 284160 284160 0 10 10
20230510 00:03:03.801 10 0 0 0 0 0 0 89 11 0 0 3130 2560 0 380 2 2.51 2.81 3.21 2 1 440 0 26 0 0 440 0 0 0 0 1330 1330 0 291840 291840 0 0 0
20230510 00:03:03.901 9 0 1 0 0 1 0 88 12 0 0 2560 1940 0 380 2 2.51 2.81 3.21 2 1 540 0 32 0 0 540 0 10 0 0 570 570 0 289920 289920 0 40 40
20230510 00:03:04.001 10 0 1 0 0 1 0 88 12 0 0 2590 1940 0 380 2 2.51 2.81 3.21 2 1 560 0 33 0 0 560 0 0 0 0 630 630 0 300800 300800 0 30 30
20230510 00:03:04.101 9 0 1 0 0 2 0 87 12 0 0 2690 2080 0 380 3 2.55 2.81 3.21 2 1 670 0 39 0 0 670 0 0 0 0 620 620 0 294760 294760 0 30 30
20230510 00:03:04.201 6 0 1 0 0 0 0 92 8 0 0 1800 1550 0 379 1 2.55 2.81 3.21 1 1 550 0 32 0 0 550 0 0 0 0 240 240 0 291840 291840 0 10 10
20230510 00:03:04.301 5 0 1 0 0 0 0 93 7 0 0 3030 2670 0 379 1 2.55 2.81 3.21 1 1 830 0 49 0 0 830 0 0 0 0 1290 1290 0 294400 294400 0 0 0
20230510 00:03:04.401 3 0 3 0 0 0 0 93 6 0 0 1790 1520 0 379 1 2.55 2.81 3.21 1 1 830 0 49 0 0 830 0 0 0 0 230 230 0 271360 271360 0 0 0
20230510 00:03:04.501 4 0 2 1 0 0 0 94 5 0 0 1710 1540 0 379 2 2.55 2.81 3.21 1 1 540 0 32 0 0 540 0 0 0 0 250 250 0 302080 302080 0 0 0
20230510 00:03:04.601 5 0 1 0 0 1 0 93 7 0 0 1980 1620 0 379 1 2.55 2.81 3.21 1 1 800 0 47 0 0 800 0 0 0 0 320 320 0 284120 284120 0 10 10
20230510 00:03:04.701 3 0 2 0 0 0 0 94 6 0 0 1860 1540 0 379 1 2.55 2.81 3.21 1 1 740 0 43 0 0 740 0 0 0 0 250 250 0 295680 295680 0 0 0
20230510 00:03:04.801 6 0 0 1 0 0 0 93 6 0 0 2120 1620 0 379 1 2.55 2.81 3.21 1 1 960 0 56 0 0 960 0 0 0 0 250 250 0 289280 289280 0 0 0
20230510 00:03:04.901 3 0 3 1 0 0 0 93 6 0 0 1940 2070 0 378 1 2.55 2.81 3.21 1 1 590 20 35 4 0 590 0 0 0 0 260 260 0 295160 295160 0 20 20
20230510 00:03:05.001 0 0 6 0 0 0 0 94 6 0 0 2540 2260 0 378 1 2.55 2.81 3.21 2 0 780 20 47 2 0 730 0 0 0 0 490 490 0 303880 303880 0 20 20
20230510 00:03:05.101 1 0 5 3 0 0 0 91 6 0 0 2660 2340 0 378 1 2.55 2.81 3.21 1 2 700 20 42 1 0 690 0 0 0 0 430 430 0 239440 239440 0 40 40
20230510 00:03:05.201 0 0 5 0 0 0 0 93 6 0 0 2490 2040 0 378 1 2.55 2.81 3.21 2 0 570 0 33 0 0 570 0 0 0 0 610 610 0 316120 316120 0 20 20
20230510 00:03:05.301 0 0 5 2 0 1 0 91 7 0 0 2340 1680 0 378 1 2.55 2.81 3.21 1 1 700 0 41 0 0 700 0 0 0 0 260 260 0 290560 290560 0 0 0
20230510 00:03:05.401 1 0 3 6 0 0 0 91 3 0 0 1530 1510 0 378 1 2.55 2.81 3.21 1 1 580 0 34 0 0 580 0 0 0 0 220 220 0 246800 246800 0 240 240
20230510 00:03:05.501 1 0 5 0 0 0 0 94 6 0 0 2320 1710 0 378 1 2.55 2.81 3.21 1 1 710 0 42 0 0 710 0 0 0 0 220 220 0 245760 245760 0 0 0
20230510 00:03:05.601 1 0 4 1 0 0 0 94 5 0 0 1960 1670 0 378 1 2.55 2.81 3.21 1 1 630 10 37 1 0 630 0 0 0 0 210 210 0 245760 245760 0 0 0
20230510 00:03:05.701 1 0 5 1 0 0 0 93 6 0 0 2370 1570 0 378 1 2.55 2.81 3.21 1 1 850 0 50 0 0 840 0 0 0 0 220 220 0 258560 258560 0 0 0
20230510 00:03:05.801 0 0 6 0 0 0 0 93 7 0 0 2150 1670 0 378 1 2.55 2.81 3.21 1 1 710 0 42 0 0 710 0 0 0 0 210 210 0 245760 245760 0 0 0
20230510 00:03:05.901 1 0 7 2 0 0 0 90 8 0 0 3150 2500 120 381 1 2.55 2.81 3.21 2 0 450 0 26 0 0 440 0 10 0 0 220 220 0 254320 254320 0 0 0
20230510 00:03:06.001 0 0 7 4 0 0 0 89 7 0 0 5210 2620 30 381 1 2.55 2.81 3.21 1 1 970 20 57 3 0 980 0 0 0 0 300 300 0 234640 234640 0 10 10
20230510 00:03:06.101 0 0 5 3 0 0 0 92 5 0 0 5540 2440 0 381 1 2.55 2.81 3.21 1 1 850 20 51 2 0 830 0 0 0 0 540 540 0 245760 245760 0 10 10
20230510 00:03:06.201 1 0 3 2 0 0 0 95 3 0 0 3730 3080 0 381 1 2.55 2.81 3.21 1 1 320 70 22 8 0 270 0 0 0 0 220 220 0 257120 257120 0 0 0
