Date Time [CPU]User% [CPU]Nice% [CPU]Sys% [CPU]Wait% [CPU]Irq% [CPU]Soft% [CPU]Steal% [CPU]Idle% [CPU]Totl% [CPU]Guest% [CPU]GuestN% [CPU]Intrpt/sec [CPU]Ctx/sec [CPU]Proc/sec [CPU]ProcQue [CPU]ProcRun [CPU]L-Avg1 [CPU]L-Avg5 [CPU]L-Avg15 [CPU]RunTot [CPU]BlkTot [NET]RxPktTot [NET]TxPktTot [NET]RxKBTot [NET]TxKBTot [NET]RxCmpTot [NET]RxMltTot [NET]TxCmpTot [NET]RxErrsTot [NET]TxErrsTot [DSK]ReadTot [DSK]WriteTot [DSK]OpsTot [DSK]ReadKBTot [DSK]WriteKBTot [DSK]KbTot [DSK]ReadMrgTot [DSK]WriteMrgTot [DSK]MrgTot
20230509 23:34:11.804 74 0 7 0 0 0 0 19 81 0 0 6631 4243 19 392 16 2.82 1.56 2.28 16 0 777 39 55 13 0 738 0 0 0 0 0 0 0 0 0 0 0 0
20230509 23:34:11.901 73 0 9 0 0 0 0 18 82 0 0 6289 2351 124 395 16 2.82 1.56 2.28 16 0 732 31 44 7 0 711 0 0 0 0 0 0 0 0 0 0 0 0
20230509 23:34:12.001 74 0 7 0 0 0 0 20 80 0 0 6310 1670 0 395 16 2.82 1.56 2.28 16 0 760 30 45 2 0 740 0 0 0 0 0 0 0 0 0 0 0 0
20230509 23:34:12.101 75 0 6 0 0 0 0 19 81 0 0 6860 2150 20 395 16 2.82 1.56 2.28 16 0 570 70 35 7 0 520 0 0 0 0 20 20 0 600 600 0 130 130
20230509 23:34:12.201 77 0 4 0 0 0 0 20 80 0 0 6500 1320 0 395 16 2.82 1.56 2.28 16 0 440 20 35 12 0 410 0 0 0 0 0 0 0 0 0 0 0 0
20230509 23:34:12.301 78 0 2 0 0 0 0 20 80 0 0 6160 3730 0 395 16 2.82 1.56 2.28 16 0 660 0 39 0 0 660 0 0 0 0 0 0 0 0 0 0 0 0
20230509 23:34:12.401 80 0 1 0 0 0 0 19 81 0 0 5550 1460 0 395 16 2.82 1.56 2.28 16 0 610 30 36 7 0 580 0 0 0 0 0 0 0 0 0 0 0 0
20230509 23:34:12.501 80 0 2 0 0 0 0 19 81 0 0 6490 1620 20 397 16 2.82 1.56 2.28 16 0 770 20 45 2 0 750 0 0 0 0 0 0 0 0 0 0 0 0
20230509 23:34:12.601 78 0 2 0 0 0 0 20 80 0 0 6220 1430 0 397 16 2.82 1.56 2.28 16 0 580 10 34 1 0 560 0 0 0 0 0 0 0 0 0 0 0 0
20230509 23:34:12.701 79 0 2 0 0 0 0 18 82 0 0 6330 2030 30 397 16 3.87 1.80 2.36 16 0 800 40 57 15 0 780 0 0 0 0 0 0 0 0 0 0 0 0
20230509 23:34:12.801 78 0 3 0 0 0 0 19 81 0 0 6590 1620 0 397 16 3.87 1.80 2.36 16 0 610 50 37 9 0 590 0 0 0 0 0 0 0 0 0 0 0 0
20230509 23:34:12.901 79 0 2 0 0 0 0 19 81 0 0 6190 3210 90 394 16 3.87 1.80 2.36 16 0 610 90 42 8 0 520 0 0 0 0 0 0 0 0 0 0 0 0
20230509 23:34:13.001 80 0 1 0 0 0 0 20 80 0 0 6360 1660 0 394 16 3.87 1.80 2.36 16 0 440 40 27 4 0 420 0 0 0 0 20 20 0 920 920 0 210 210
20230509 23:34:13.101 79 0 2 0 0 0 0 20 80 0 0 6430 2550 0 392 16 3.87 1.80 2.36 16 0 540 80 34 8 0 460 0 0 0 0 0 0 0 0 0 0 0 0
20230509 23:34:13.201 78 0 2 0 0 0 0 20 80 0 0 6500 2890 0 392 16 3.87 1.80 2.36 16 0 730 30 43 3 0 720 0 0 0 0 0 0 0 0 0 0 0 0
20230509 23:34:13.301 78 0 2 0 0 0 0 20 80 0 0 6440 1590 0 390 16 3.87 1.80 2.36 16 0 790 20 46 2 0 770 0 0 0 0 0 0 0 0 0 0 0 0
20230509 23:34:13.401 79 0 2 0 0 0 0 20 80 0 0 6490 2890 0 390 16 3.87 1.80 2.36 16 0 650 0 38 0 0 650 0 0 0 0 0 0 0 0 0 0 0 0
20230509 23:34:13.501 79 0 1 0 0 0 0 20 80 0 0 5880 3310 0 390 16 3.87 1.80 2.36 16 0 620 0 36 0 0 610 0 0 0 0 0 0 0 0 0 0 0 0
20230509 23:34:13.601 78 0 2 0 0 0 0 20 80 0 0 6590 1370 0 390 16 3.87 1.80 2.36 16 0 870 0 51 0 0 870 0 0 0 0 0 0 0 0 0 0 0 0
20230509 23:34:13.701 74 0 6 0 0 0 0 20 80 0 0 5580 1260 0 390 16 3.87 1.80 2.36 16 0 560 0 33 0 0 560 0 0 0 0 0 0 0 0 0 0 0 0
20230509 23:34:13.801 64 0 16 0 0 0 0 20 80 0 0 5850 1370 0 390 16 3.87 1.80 2.36 16 0 820 0 48 0 0 820 0 10 0 0 0 0 0 0 0 0 0 0
20230509 23:34:13.901 69 0 11 0 0 0 0 20 80 0 0 5580 1310 0 390 16 3.87 1.80 2.36 16 0 550 0 32 0 0 550 0 0 0 0 0 0 0 0 0 0 0 0
20230509 23:34:14.001 67 0 13 0 0 0 0 20 80 0 0 6320 2060 0 390 16 3.87 1.80 2.36 16 0 1050 0 62 0 0 1050 0 0 0 0 0 0 0 0 0 0 0 0
20230509 23:34:14.101 66 0 14 0 0 0 0 20 80 0 0 5870 1410 0 390 16 3.87 1.80 2.36 16 0 560 0 33 0 0 560 0 0 0 0 0 0 0 0 0 0 0 0
20230509 23:34:14.201 55 0 25 0 0 0 0 20 80 0 0 5490 1320 0 390 16 3.87 1.80 2.36 16 0 430 0 28 0 0 430 0 0 0 0 0 0 0 0 0 0 0 0
20230509 23:34:14.301 56 0 24 0 0 0 0 20 80 0 0 5530 1240 0 390 16 3.87 1.80 2.36 16 0 700 0 41 0 0 700 0 0 0 0 0 0 0 0 0 0 0 0
20230509 23:34:14.401 57 0 23 0 0 0 0 20 80 0 0 5760 1280 0 390 16 3.87 1.80 2.36 16 0 740 0 43 0 0 740 0 0 0 0 0 0 0 0 0 0 0 0
20230509 23:34:14.501 58 0 21 0 0 0 0 21 79 0 0 5600 2800 0 390 16 3.87 1.80 2.36 16 0 470 0 28 0 0 470 0 0 0 0 0 0 0 0 0 0 0 0
20230509 23:34:14.601 68 0 12 0 0 0 0 20 80 0 0 5690 1290 0 390 16 3.87 1.80 2.36 16 0 490 0 29 0 0 490 0 0 0 0 0 0 0 0 0 0 0 0
20230509 23:34:14.701 71 0 9 0 0 0 0 20 80 0 0 5590 1180 0 390 16 3.87 1.80 2.36 16 0 550 0 32 0 0 550 0 0 0 0 0 0 0 0 0 0 0 0
20230509 23:34:14.801 71 0 9 0 0 0 0 20 80 0 0 6190 1160 0 390 16 3.87 1.80 2.36 16 0 910 0 53 0 0 910 0 0 0 0 0 0 0 0 0 0 0 0
20230509 23:34:14.901 57 0 22 0 0 0 0 21 79 0 0 5830 4810 0 390 15 3.87 1.80 2.36 15 0 680 10 40 1 0 670 0 0 0 0 0 0 0 0 0 0 0 0
20230509 23:34:15.001 56 0 24 0 0 0 0 20 80 0 0 5930 3290 0 390 16 3.87 1.80 2.36 16 0 700 0 41 0 0 700 0 0 0 0 0 0 0 0 0 0 0 0
20230509 23:34:15.101 58 0 22 0 0 0 0 20 80 0 0 6570 4030 0 390 16 3.87 1.80 2.36 16 0 500 20 30 2 0 480 0 0 0 0 920 920 0 3920 3920 0 10 10
20230509 23:34:15.201 69 0 12 0 0 0 0 20 80 0 0 6270 1870 0 390 16 3.87 1.80 2.36 16 0 720 20 43 2 0 690 0 0 0 0 0 0 0 0 0 0 0 0
20230509 23:34:15.301 65 0 15 0 0 0 0 20 80 0 0 5540 1270 0 390 16 3.87 1.80 2.36 16 0 560 0 33 0 0 560 0 0 0 0 0 0 0 0 0 0 0 0
20230509 23:34:15.401 59 0 20 0 0 0 0 20 80 0 0 5310 3290 0 390 16 3.87 1.80 2.36 16 0 530 0 31 0 0 530 0 0 0 0 0 0 0 0 0 0 0 0
20230509 23:34:15.501 65 0 15 0 0 0 0 20 80 0 0 5920 1990 0 390 16 3.87 1.80 2.36 16 0 800 10 47 1 0 800 0 0 0 0 0 0 0 0 0 0 0 0
20230509 23:34:15.601 68 0 12 0 0 0 0 20 80 0 0 6120 1260 0 390 16 3.87 1.80 2.36 16 0 790 0 46 0 0 780 0 0 0 0 0 0 0 0 0 0 0 0
20230509 23:34:15.701 58 0 22 0 0 0 0 20 80 0 0 5990 1300 0 390 16 3.87 1.80 2.36 16 0 780 0 46 0 0 780 0 0 0 0 0 0 0 0 0 0 0 0
20230509 23:34:15.801 54 0 25 0 0 0 0 21 79 0 0 5820 2840 0 390 16 3.87 1.80 2.36 16 0 840 0 49 0 0 840 0 10 0 0 0 0 0 0 0 0 0 0
20230509 23:34:15.901 56 0 23 0 0 0 0 21 79 0 0 5690 4410 0 390 16 3.87 1.80 2.36 16 0 670 0 39 0 0 670 0 0 0 0 0 0 0 0 0 0 0 0
20230509 23:34:16.001 46 0 32 0 0 0 0 22 78 0 0 5900 3580 0 390 16 3.87 1.80 2.36 16 0 810 10 47 1 0 810 0 0 0 0 0 0 0 0 0 0 0 0
20230509 23:34:16.101 52 0 28 0 0 0 0 20 80 0 0 5810 3130 0 390 16 3.87 1.80 2.36 16 0 260 0 15 0 0 250 0 0 0 0 0 0 0 0 0 0 0 0
20230509 23:34:16.201 62 0 18 0 0 0 0 20 80 0 0 6010 1160 0 390 16 3.87 1.80 2.36 16 0 520 0 30 0 0 520 0 0 0 0 0 0 0 0 0 0 0 0
20230509 23:34:16.301 67 0 13 0 0 0 0 20 80 0 0 5890 1370 0 390 16 3.87 1.80 2.36 16 0 560 0 33 0 0 560 0 0 0 0 0 0 0 0 0 0 0 0
20230509 23:34:16.401 58 0 22 0 0 0 0 20 80 0 0 5860 1330 0 390 16 3.87 1.80 2.36 16 0 790 0 46 0 0 790 0 0 0 0 0 0 0 0 0 0 0 0
20230509 23:34:16.501 70 0 10 0 0 0 0 20 80 0 0 5910 1200 0 390 16 3.87 1.80 2.36 16 0 560 0 33 0 0 560 0 0 0 0 0 0 0 0 0 0 0 0
20230509 23:34:16.601 71 0 9 0 0 0 0 20 80 0 0 5820 1260 0 390 16 3.87 1.80 2.36 16 0 610 0 36 0 0 610 0 0 0 0 0 0 0 0 0 0 0 0
20230509 23:34:16.701 67 0 13 0 0 0 0 20 80 0 0 5720 2540 0 390 16 3.87 1.80 2.36 16 0 550 0 32 0 0 550 0 0 0 0 0 0 0 0 0 0 0 0
20230509 23:34:16.801 67 0 13 0 0 0 0 20 80 0 0 5790 1510 0 390 16 3.87 1.80 2.36 16 0 760 0 45 0 0 760 0 0 0 0 0 0 0 0 0 0 0 0
20230509 23:34:16.901 72 0 10 0 0 0 0 17 83 0 0 6650 2710 120 393 16 3.87 1.80 2.36 16 0 660 0 39 0 0 660 0 0 0 0 0 0 0 0 0 0 0 0
20230509 23:34:17.001 74 0 6 0 0 0 0 20 80 0 0 6080 1490 0 393 16 3.87 1.80 2.36 16 0 720 0 42 0 0 720 0 0 0 0 0 0 0 0 0 0 0 0
20230509 23:34:17.101 67 0 14 0 0 0 0 20 80 0 0 6000 1690 0 393 16 3.87 1.80 2.36 16 0 740 0 43 0 0 740 0 0 0 0 20 20 0 280 280 0 50 50
20230509 23:34:17.201 74 0 6 0 0 0 0 20 80 0 0 5760 1760 0 393 16 3.87 1.80 2.36 16 0 800 0 47 0 0 800 0 0 0 0 0 0 0 0 0 0 0 0
20230509 23:34:17.301 65 0 15 0 0 0 0 20 80 0 0 5520 1160 0 393 16 3.87 1.80 2.36 16 0 440 0 26 0 0 440 0 0 0 0 0 0 0 0 0 0 0 0
20230509 23:34:17.401 69 0 11 0 0 0 0 20 80 0 0 5720 1380 0 393 16 3.87 1.80 2.36 16 0 470 0 28 0 0 470 0 0 0 0 0 0 0 0 0 0 0 0
20230509 23:34:17.501 64 0 16 0 0 0 0 20 80 0 0 6200 1220 0 393 16 3.87 1.80 2.36 16 0 700 0 41 0 0 700 0 0 0 0 0 0 0 0 0 0 0 0
20230509 23:34:17.601 64 0 17 0 0 0 0 20 80 0 0 5850 1320 0 393 16 3.87 1.80 2.36 16 0 630 0 37 0 0 630 0 0 0 0 0 0 0 0 0 0 0 0
20230509 23:34:17.701 74 0 6 0 0 0 0 20 80 0 0 5960 1570 0 393 16 4.85 2.04 2.43 16 0 740 0 43 0 0 740 0 0 0 0 0 0 0 0 0 0 0 0
20230509 23:34:17.801 59 0 22 0 0 0 0 20 80 0 0 5930 1410 0 393 16 4.85 2.04 2.43 16 0 880 0 52 0 0 880 0 10 0 0 0 0 0 0 0 0 0 0
20230509 23:34:17.901 66 0 14 0 0 0 0 20 80 0 0 6140 2300 90 390 16 4.85 2.04 2.43 16 0 710 0 42 0 0 710 0 0 0 0 0 0 0 0 0 0 0 0
20230509 23:34:18.001 72 0 8 0 0 0 0 20 80 0 0 7050 1590 0 390 16 4.85 2.04 2.43 16 0 1060 0 62 0 0 1060 0 0 0 0 0 0 0 0 0 0 0 0
20230509 23:34:18.101 74 0 6 0 0 0 0 20 80 0 0 6900 1710 0 390 16 4.85 2.04 2.43 16 0 820 0 48 0 0 820 0 0 0 0 0 0 0 0 0 0 0 0
20230509 23:34:18.201 68 0 12 0 0 0 0 20 80 0 0 5640 2080 0 390 16 4.85 2.04 2.43 16 0 600 0 35 0 0 600 0 0 0 0 0 0 0 0 0 0 0 0
20230509 23:34:18.301 56 0 24 0 0 0 0 20 80 0 0 5820 2000 0 390 16 4.85 2.04 2.43 16 0 570 0 33 0 0 570 0 0 0 0 0 0 0 0 0 0 0 0
20230509 23:34:18.401 60 0 20 0 0 0 0 20 80 0 0 5900 1440 0 390 16 4.85 2.04 2.43 16 0 520 0 30 0 0 520 0 0 0 0 0 0 0 0 0 0 0 0
20230509 23:34:18.501 62 0 18 0 0 0 0 20 80 0 0 5780 1440 0 390 16 4.85 2.04 2.43 16 0 630 0 37 0 0 630 0 0 0 0 0 0 0 0 0 0 0 0
20230509 23:34:18.601 67 0 13 0 0 0 0 20 80 0 0 5670 1410 0 390 16 4.85 2.04 2.43 16 0 630 0 37 0 0 630 0 0 0 0 20 20 0 120 120 0 10 10
20230509 23:34:18.701 68 0 12 0 0 0 0 20 80 0 0 5970 1270 0 390 16 4.85 2.04 2.43 16 0 600 0 35 0 0 600 0 0 0 0 0 0 0 0 0 0 0 0
20230509 23:34:18.801 58 0 22 0 0 0 0 20 80 0 0 6080 1970 0 390 15 4.85 2.04 2.43 16 0 1010 0 59 0 0 1010 0 0 0 0 0 0 0 0 0 0 0 0
20230509 23:34:18.901 55 0 25 0 0 0 0 20 80 0 0 5260 3190 0 390 16 4.85 2.04 2.43 16 0 440 0 26 0 0 440 0 0 0 0 0 0 0 0 0 0 0 0
20230509 23:34:19.001 50 0 30 0 0 0 0 20 80 0 0 6060 3850 0 390 16 4.85 2.04 2.43 16 0 990 0 58 0 0 990 0 0 0 0 0 0 0 0 0 0 0 0
20230509 23:34:19.101 56 0 23 0 0 0 0 21 79 0 0 5820 2970 0 390 16 4.85 2.04 2.43 16 0 750 0 44 0 0 750 0 0 0 0 0 0 0 0 0 0 0 0
20230509 23:34:19.201 55 0 24 0 0 0 0 20 80 0 0 5850 3620 0 390 16 4.85 2.04 2.43 16 0 610 0 36 0 0 610 0 0 0 0 0 0 0 0 0 0 0 0
20230509 23:34:19.301 69 0 11 0 0 0 0 20 80 0 0 6250 1380 0 390 16 4.85 2.04 2.43 16 0 700 0 41 0 0 700 0 0 0 0 0 0 0 0 0 0 0 0
20230509 23:34:19.401 67 0 13 0 0 0 0 20 80 0 0 5950 3400 0 390 16 4.85 2.04 2.43 16 0 730 0 49 0 0 730 0 0 0 0 0 0 0 0 0 0 0 0
20230509 23:34:19.501 62 0 18 0 0 0 0 20 80 0 0 5760 1570 0 390 16 4.85 2.04 2.43 16 0 670 0 39 0 0 670 0 0 0 0 0 0 0 0 0 0 0 0
20230509 23:34:19.601 61 0 19 0 0 0 0 20 80 0 0 6030 1330 0 390 16 4.85 2.04 2.43 16 0 760 0 45 0 0 760 0 0 0 0 0 0 0 0 0 0 0 0
20230509 23:34:19.701 63 0 17 1 0 0 0 19 80 0 0 5690 1510 0 390 16 4.85 2.04 2.43 16 1 370 0 22 0 0 370 0 0 0 0 170 170 0 86160 86160 0 10 10
20230509 23:34:19.801 62 0 18 1 0 0 0 19 80 0 0 6620 2360 0 390 16 4.85 2.04 2.43 16 1 770 0 45 0 0 770 0 10 0 0 670 670 0 392959 392959 0 20 20
20230509 23:34:19.901 61 0 19 1 0 1 0 19 81 0 0 6770 2550 0 390 16 4.85 2.04 2.43 16 1 530 0 31 0 0 530 0 0 0 0 880 880 0 401920 401920 0 30 30
20230509 23:34:20.001 61 0 19 0 0 0 0 19 81 0 0 7360 3810 0 390 16 4.85 2.04 2.43 17 0 880 0 52 0 0 880 0 0 0 0 1060 1060 0 391680 391680 0 10 10
20230509 23:34:20.101 73 0 8 1 0 0 0 19 81 0 0 6860 2660 0 390 16 4.85 2.04 2.43 16 1 580 0 34 0 0 570 0 0 0 0 1050 1050 0 390399 390399 0 20 20
20230509 23:34:20.201 72 0 9 2 0 0 0 18 80 0 0 6830 2210 0 390 11 4.85 2.04 2.43 11 1 800 20 47 1 0 790 0 0 0 0 1080 1080 0 391920 391920 0 90 90
20230509 23:34:20.301 65 0 11 2 0 1 0 20 77 0 0 6010 3500 0 390 16 4.85 2.04 2.43 16 1 410 0 24 0 0 410 0 0 0 10 750 760 40 390999 391039 0 10 10
20230509 23:34:20.401 64 0 18 1 0 0 0 18 81 0 0 6690 2430 0 390 16 4.85 2.04 2.43 16 1 950 0 56 0 0 950 0 0 0 0 680 680 0 387720 387720 0 40 40
20230509 23:34:20.501 62 0 19 0 0 0 0 19 81 0 0 6740 2270 0 390 16 4.85 2.04 2.43 16 1 610 10 36 1 0 610 0 0 0 0 760 760 0 392960 392960 0 20 20
20230509 23:34:20.601 67 0 14 1 0 0 0 19 81 0 0 6470 2060 0 390 16 4.85 2.04 2.43 16 1 720 0 42 0 0 710 0 0 0 0 630 630 0 386559 386559 0 30 30
20230509 23:34:20.701 69 0 10 4 0 2 0 15 81 0 0 6510 1840 0 390 16 4.85 2.04 2.43 16 1 640 0 38 0 0 640 0 0 0 0 540 540 0 389080 389080 0 40 40
20230509 23:34:20.801 73 0 7 4 0 1 0 15 81 0 0 6440 1870 0 390 16 4.85 2.04 2.43 17 0 470 0 28 0 0 470 0 0 0 0 550 550 0 383999 383999 0 20 20
20230509 23:34:20.901 76 0 4 2 0 1 0 17 81 0 0 6810 1880 0 390 17 4.85 2.04 2.43 16 1 640 0 38 0 0 640 0 0 0 0 450 450 0 332800 332800 0 10 10
20230509 23:34:21.001 70 0 11 1 0 0 0 18 81 0 0 6340 2180 10 391 16 4.85 2.04 2.43 16 1 710 10 42 1 0 700 0 0 0 0 360 360 0 328960 328960 0 10 10
20230509 23:34:21.101 60 0 21 1 0 0 0 18 81 0 0 6390 2080 0 391 16 4.85 2.04 2.43 16 1 740 0 43 0 0 740 0 0 0 0 560 560 0 322840 322840 0 30 30
20230509 23:34:21.201 60 0 20 1 0 0 0 18 81 0 0 6320 3570 0 391 16 4.85 2.04 2.43 16 1 520 0 30 0 0 520 0 0 0 0 510 510 0 324160 324160 0 40 40
20230509 23:34:21.301 62 0 19 2 0 0 0 17 80 0 0 6540 1830 0 391 16 4.85 2.04 2.43 16 1 860 0 50 0 0 860 0 0 0 0 500 500 0 337640 337640 0 10 10
20230509 23:34:21.401 68 0 13 2 0 0 0 17 81 0 0 6690 1790 0 391 16 4.85 2.04 2.43 16 1 620 0 36 0 0 620 0 0 0 0 590 590 0 325840 325840 0 10 10
20230509 23:34:21.501 75 0 6 2 0 0 0 18 81 0 0 6590 1730 0 391 16 4.85 2.04 2.43 16 1 670 0 39 0 0 670 0 0 0 0 460 460 0 328960 328960 0 30 30
20230509 23:34:21.601 73 0 8 2 0 0 0 18 81 0 0 7000 1940 0 391 17 4.85 2.04 2.43 16 1 800 0 47 0 0 800 0 0 0 0 590 590 0 303400 303400 0 30 30
20230509 23:34:21.701 72 0 8 1 0 0 0 18 81 0 0 6060 1630 0 391 16 4.85 2.04 2.43 17 0 480 0 28 0 0 480 0 0 0 0 500 500 0 284120 284120 0 20 20
20230509 23:34:21.801 72 0 8 1 0 0 0 18 81 0 0 6790 2110 0 391 16 4.85 2.04 2.43 16 1 700 0 41 0 0 700 0 0 0 0 710 710 0 327000 327000 0 40 40
20230509 23:34:21.901 71 0 9 2 0 1 0 17 81 0 0 6930 2430 0 391 16 4.85 2.04 2.43 16 1 790 0 46 0 0 790 0 10 0 0 940 940 0 331520 331520 0 20 20
20230509 23:34:22.001 71 0 11 1 0 0 0 18 81 0 0 6780 2550 0 391 16 4.85 2.04 2.43 16 1 660 0 39 0 0 660 0 0 0 0 890 890 0 331640 331640 0 20 20
20230509 23:34:22.101 62 0 18 4 0 0 0 15 81 0 0 6850 2810 0 391 16 4.85 2.04 2.43 16 1 730 0 43 0 0 730 0 0 0 0 960 960 0 327160 327160 0 30 30
20230509 23:34:22.201 72 0 8 1 0 0 0 18 81 0 0 7190 2350 0 391 17 4.85 2.04 2.43 16 1 700 0 41 0 0 700 0 0 0 0 1070 1070 0 322120 322120 0 10 10
20230509 23:34:22.301 74 0 8 1 0 0 0 18 81 0 0 6570 2090 0 391 16 4.85 2.04 2.43 16 1 520 0 30 0 0 520 0 0 0 0 830 830 0 321960 321960 0 30 30
20230509 23:34:22.401 70 0 10 1 0 0 0 18 81 0 0 7070 2070 0 391 16 4.85 2.04 2.43 16 1 830 0 49 0 0 830 0 0 0 0 760 760 0 325480 325480 0 30 30
20230509 23:34:22.501 67 0 14 1 0 0 0 18 81 0 0 6370 1870 0 391 16 4.85 2.04 2.43 16 1 640 0 38 0 0 640 0 0 0 0 610 610 0 332640 332640 0 120 120
20230509 23:34:22.601 70 0 10 2 0 0 0 18 81 0 0 6190 1720 0 391 16 4.85 2.04 2.43 16 1 460 0 27 0 0 460 0 0 0 0 410 410 0 324160 324160 0 20 20
20230509 23:34:22.701 65 0 16 1 0 0 0 18 81 0 0 6200 1720 0 391 16 5.82 2.29 2.51 16 1 510 0 30 0 0 510 0 0 0 0 530 530 0 332840 332840 0 30 30
20230509 23:34:22.801 62 0 19 0 0 0 0 19 81 0 0 6420 1960 0 391 16 5.82 2.29 2.51 16 1 950 0 56 0 0 950 0 0 0 0 440 440 0 322560 322560 0 10 10
20230509 23:34:22.901 72 0 9 2 0 0 0 18 81 0 0 6680 2090 0 391 16 5.82 2.29 2.51 16 1 700 0 41 0 0 700 0 0 0 0 540 540 0 326000 326000 0 10 10
20230509 23:34:23.001 68 0 13 2 0 0 0 16 81 0 0 6940 2110 0 391 16 5.82 2.29 2.51 16 1 970 0 63 0 0 970 0 0 0 0 530 530 0 335360 335360 0 40 40
20230509 23:34:23.101 74 0 6 2 0 0 0 17 81 0 0 6950 2190 0 391 17 5.82 2.29 2.51 16 1 810 0 47 0 0 810 0 0 0 0 460 460 0 329280 329280 0 0 0
20230509 23:34:23.201 73 0 8 2 0 0 0 18 81 0 0 6680 1880 0 391 17 5.82 2.29 2.51 16 1 670 0 39 0 0 670 0 0 0 0 500 500 0 330840 330840 0 20 20
20230509 23:34:23.301 71 0 10 1 0 0 0 18 81 0 0 6430 1840 0 391 16 5.82 2.29 2.51 16 1 570 0 33 0 0 570 0 0 0 0 510 510 0 328000 328000 0 20 20
20230509 23:34:23.401 65 0 15 2 0 0 0 17 81 0 0 6100 2190 0 391 16 5.82 2.29 2.51 16 1 490 0 29 0 0 490 0 0 0 0 470 470 0 323560 323560 0 10 10
20230509 23:34:23.501 64 0 17 1 0 0 0 18 81 0 0 6580 1990 0 391 16 5.82 2.29 2.51 16 1 680 0 40 0 0 680 0 0 0 0 490 490 0 325120 325120 0 20 20
20230509 23:34:23.601 50 0 16 4 0 0 0 30 66 0 0 5960 2540 0 391 16 5.82 2.29 2.51 16 1 1080 0 63 0 0 1080 0 0 0 0 520 520 0 334000 334000 0 300 300
20230509 23:34:23.701 54 0 28 2 0 0 0 18 81 0 0 6060 1830 0 391 16 5.82 2.29 2.51 16 1 510 0 30 0 0 510 0 0 0 0 490 490 0 323840 323840 0 40 40
20230509 23:34:23.801 63 0 18 2 0 0 0 18 81 0 0 6540 1890 0 391 16 5.82 2.29 2.51 16 1 720 0 42 0 0 720 0 0 0 0 560 560 0 328160 328160 0 20 20
20230509 23:34:23.901 60 0 20 1 0 0 0 18 80 0 0 6180 3800 0 391 16 5.82 2.29 2.51 16 1 530 0 31 0 0 530 0 10 0 0 600 600 0 329440 329440 0 30 30
20230509 23:34:24.001 72 0 9 1 0 0 0 18 81 0 0 6740 2140 0 391 16 5.82 2.29 2.51 16 1 450 0 26 0 0 450 0 0 0 0 610 610 0 327880 327880 0 10 10
20230509 23:34:24.101 72 0 9 0 0 0 0 18 81 0 0 6810 2340 0 391 16 5.82 2.29 2.51 16 1 700 0 41 0 0 700 0 0 0 0 630 630 0 331160 331160 0 20 20
20230509 23:34:24.201 72 0 9 2 0 0 0 18 81 0 0 6720 1950 0 391 16 5.82 2.29 2.51 16 1 660 0 39 0 0 660 0 0 0 0 720 720 0 326560 326560 0 20 20
20230509 23:34:24.301 65 0 15 1 0 1 0 18 81 0 0 6890 2020 0 391 16 5.82 2.29 2.51 16 1 750 10 44 1 0 740 0 0 0 0 740 740 0 331320 331320 0 20 20
20230509 23:34:24.401 67 0 14 1 0 0 0 18 81 0 0 6810 1860 0 391 17 5.82 2.29 2.51 16 1 880 0 52 0 0 880 0 0 0 0 540 540 0 321520 321520 0 20 20
20230509 23:34:24.501 60 0 20 2 0 0 0 18 80 0 0 7120 1720 20 392 15 5.82 2.29 2.51 15 1 870 20 51 2 0 850 0 0 0 0 410 410 0 328800 328800 0 10 10
20230509 23:34:24.601 46 0 12 2 0 0 0 39 58 0 0 5130 2280 0 392 15 5.82 2.29 2.51 15 1 510 0 30 0 0 510 0 0 0 10 340 350 40 328960 329000 0 10 10
20230509 23:34:24.701 60 0 15 0 0 0 0 24 76 0 0 6030 2120 0 392 15 5.82 2.29 2.51 15 1 710 20 51 12 0 690 0 0 0 0 480 480 0 326040 326040 0 140 140
20230509 23:34:24.801 57 0 19 0 0 0 0 24 76 0 0 5870 1900 0 392 15 5.82 2.29 2.51 15 1 330 20 20 6 0 320 0 0 0 0 400 400 0 325120 325120 0 10 10
20230509 23:34:24.901 53 0 19 0 0 0 0 29 71 0 0 6300 2930 0 391 14 5.82 2.29 2.51 14 1 970 0 57 0 0 970 0 0 0 0 430 430 0 336640 336640 0 0 0
20230509 23:34:25.001 62 0 9 0 0 0 0 30 70 0 0 6420 1970 0 391 14 5.82 2.29 2.51 14 1 820 10 48 1 0 810 0 0 0 0 400 400 0 311040 311040 0 20 20
20230509 23:34:25.101 57 0 13 0 0 0 0 29 71 0 0 5430 2420 0 391 14 5.82 2.29 2.51 14 1 440 10 26 1 0 430 0 0 0 0 410 410 0 273920 273920 0 0 0
20230509 23:34:25.201 56 0 14 1 0 1 0 28 71 0 0 5960 2030 0 391 15 5.82 2.29 2.51 14 1 940 30 56 2 0 920 0 0 0 0 350 350 0 346880 346880 0 20 20
20230509 23:34:25.301 60 0 11 0 0 0 0 30 70 0 0 5880 1650 0 391 14 5.82 2.29 2.51 14 1 670 0 39 0 0 670 0 0 0 0 370 370 0 337920 337920 0 20 20
20230509 23:34:25.401 58 0 12 2 0 0 0 28 71 0 0 6440 2260 0 391 14 5.82 2.29 2.51 14 1 860 30 51 3 0 850 0 0 0 0 480 480 0 325240 325240 0 10 10
20230509 23:34:25.501 59 0 12 0 0 0 0 29 71 0 0 5870 1880 0 391 14 5.82 2.29 2.51 15 0 720 10 42 1 0 720 0 0 0 0 380 380 0 334040 334040 0 30 30
20230509 23:34:25.601 58 0 13 4 0 0 0 26 70 0 0 6650 2140 0 389 15 5.82 2.29 2.51 14 1 740 30 44 4 0 720 0 0 0 0 460 460 0 331520 331520 0 0 0
20230509 23:34:25.701 60 0 11 2 0 0 0 28 71 0 0 6040 2200 0 389 14 5.82 2.29 2.51 14 1 460 0 27 0 0 440 0 0 0 0 470 470 0 350720 350720 0 20 20
20230509 23:34:25.801 58 0 12 0 0 0 0 29 70 0 0 6190 2000 0 389 14 5.82 2.29 2.51 14 1 560 0 33 0 0 560 0 0 0 0 630 630 0 323840 323840 0 20 20
20230509 23:34:25.901 60 0 9 1 0 1 0 30 70 0 0 6000 2210 0 388 13 5.82 2.29 2.51 13 1 630 0 37 0 0 630 0 10 0 0 540 540 0 328960 328960 0 30 30
20230509 23:34:26.001 53 0 11 2 0 0 0 35 64 0 0 5900 2910 0 387 12 5.82 2.29 2.51 12 1 780 50 47 5 0 750 0 0 0 0 470 470 0 335680 335680 0 30 30
20230509 23:34:26.101 50 0 12 2 0 0 0 36 61 0 0 5400 2610 0 387 12 5.82 2.29 2.51 12 1 650 30 40 3 0 590 0 0 0 0 390 390 0 334880 334880 0 10 10
20230509 23:34:26.201 53 0 8 1 0 0 0 39 61 0 0 5560 1920 0 387 13 5.82 2.29 2.51 12 1 870 0 51 0 0 870 0 0 0 0 410 410 0 344080 344080 0 10 10
20230509 23:34:26.301 53 0 7 0 0 0 0 40 60 0 0 5370 1750 0 386 11 5.82 2.29 2.51 11 1 720 0 42 0 0 720 0 0 0 0 360 360 0 331520 331520 0 10 10
20230509 23:34:26.401 49 0 6 0 0 0 0 44 56 0 0 5530 1920 0 386 11 5.82 2.29 2.51 11 1 440 0 26 0 0 440 0 0 0 0 740 740 0 329000 329000 0 30 30
20230509 23:34:26.501 50 0 6 0 0 0 0 45 55 0 0 5230 1680 0 386 11 5.82 2.29 2.51 11 1 890 10 52 1 0 880 0 0 0 0 320 320 0 344320 344320 0 0 0
20230509 23:34:26.601 45 0 11 0 0 0 0 44 56 0 0 4750 1710 0 386 11 5.82 2.29 2.51 11 1 590 0 35 0 0 590 0 0 0 0 380 380 0 375839 375839 0 10 10
20230509 23:34:26.701 45 0 10 0 0 0 0 44 56 0 0 5020 1540 0 386 11 5.82 2.29 2.51 11 1 700 0 41 0 0 690 0 0 0 0 360 360 0 329880 329880 0 0 0
20230509 23:34:26.801 48 0 8 1 0 0 0 44 56 0 0 4680 1740 0 386 11 5.82 2.29 2.51 11 1 460 0 27 0 0 460 0 0 0 0 350 350 0 331560 331560 0 20 20
20230509 23:34:26.901 49 0 6 0 0 1 0 44 55 0 0 4910 1730 0 386 11 5.82 2.29 2.51 11 1 680 0 40 0 0 680 0 0 0 0 360 360 0 347200 347200 0 0 0
20230509 23:34:27.001 51 0 4 0 0 1 0 44 56 0 0 5070 1900 0 385 10 5.82 2.29 2.51 10 1 790 0 46 0 0 790 0 0 0 0 350 350 0 333320 333320 0 0 0
20230509 23:34:27.101 42 0 8 3 0 0 0 47 50 0 0 4920 2290 0 385 10 5.82 2.29 2.51 10 1 690 0 40 0 0 690 0 0 0 0 450 450 0 342760 342760 0 90 90
20230509 23:34:27.201 37 0 14 0 0 0 0 49 50 0 0 4710 1790 0 385 10 5.82 2.29 2.51 10 1 790 0 46 0 0 790 0 0 0 0 410 410 0 331560 331560 0 10 10
20230509 23:34:27.301 0 0 0 100 0 0 0 0 0 0 0 4530 1780 0 385 10 5.82 2.29 2.51 10 1 730 0 43 0 0 730 0 0 0 0 450 450 0 338040 338040 0 10 10
20230509 23:34:27.401 45 0 6 1 0 0 0 48 50 0 0 4670 2120 0 385 10 5.82 2.29 2.51 10 1 670 0 39 0 0 670 0 0 0 0 340 340 0 341760 341760 0 10 10
20230509 23:34:27.501 44 0 6 0 0 0 0 49 50 0 0 4450 1840 0 385 10 5.82 2.29 2.51 10 1 450 0 26 0 0 450 0 0 0 0 370 370 0 330040 330040 0 10 10
20230509 23:34:27.601 42 0 6 0 0 0 0 51 49 0 0 4850 1820 0 384 9 5.82 2.29 2.51 9 1 850 0 50 0 0 850 0 0 0 0 310 310 0 328680 328680 0 10 10
20230509 23:34:27.701 36 0 7 0 0 0 0 56 44 0 0 3990 1730 0 382 8 6.15 2.41 2.55 7 1 420 0 25 0 0 420 0 0 0 0 340 340 0 326640 326640 0 0 0
20230509 23:34:27.801 29 0 6 0 0 1 0 63 37 0 0 4570 1730 0 382 7 6.15 2.41 2.55 7 1 760 0 45 0 0 760 0 0 0 0 300 300 0 316160 316160 0 0 0
20230509 23:34:27.901 28 0 3 1 0 0 0 68 31 0 0 3430 1530 0 381 6 6.15 2.41 2.55 6 1 770 0 45 0 0 770 0 0 0 0 310 310 0 336640 336640 0 0 0
20230509 23:34:28.001 28 0 1 0 0 1 0 69 31 0 0 3640 1790 0 381 6 6.15 2.41 2.55 6 1 730 0 43 0 0 730 0 10 0 0 420 420 0 336760 336760 0 30 30
20230509 23:34:28.101 27 0 3 1 0 1 0 68 31 0 0 3620 1910 0 381 6 6.15 2.41 2.55 6 1 770 0 45 0 0 770 0 0 0 0 310 310 0 328880 328880 0 10 10
20230509 23:34:28.201 28 0 3 0 0 0 0 69 31 0 0 3450 1750 0 381 6 6.15 2.41 2.55 6 1 860 10 51 1 0 850 0 0 0 0 260 260 0 280320 280320 0 0 0
20230509 23:34:28.301 26 0 1 1 0 0 0 72 27 0 0 3250 1750 0 379 4 6.15 2.41 2.55 4 1 680 0 40 0 0 680 0 0 0 0 340 340 0 356399 356399 0 0 0
20230509 23:34:28.401 16 0 1 0 0 0 0 81 18 0 0 3130 1850 0 378 3 6.15 2.41 2.55 3 1 830 0 49 0 0 830 0 0 0 0 430 430 0 389240 389240 0 0 0
20230509 23:34:28.501 14 0 2 0 0 0 0 84 16 0 0 2660 1490 0 378 3 6.15 2.41 2.55 3 1 810 0 47 0 0 810 0 0 0 0 320 320 0 336120 336120 0 0 0
20230509 23:34:28.601 6 0 4 2 0 0 0 87 11 0 0 2010 1810 0 378 3 6.15 2.41 2.55 3 1 470 0 28 0 0 470 0 0 0 0 320 320 0 319400 319400 0 240 240
20230509 23:34:28.701 12 0 4 0 0 0 0 84 16 0 0 2480 1420 0 378 3 6.15 2.41 2.55 4 0 790 0 46 0 0 790 0 0 0 0 310 310 0 338680 338680 0 10 10
20230509 23:34:28.801 13 0 3 0 0 0 0 84 16 0 0 2550 1660 0 378 3 6.15 2.41 2.55 3 1 600 0 35 0 0 600 0 0 0 0 310 310 0 336760 336760 0 10 10
20230509 23:34:28.901 14 0 2 0 0 0 0 84 16 0 0 2650 1660 0 378 3 6.15 2.41 2.55 3 1 710 0 42 0 0 710 0 0 0 0 320 320 0 321320 321320 0 10 10
20230509 23:34:29.001 14 0 2 1 0 0 0 83 16 0 0 2520 1640 0 378 3 6.15 2.41 2.55 3 1 480 0 28 0 0 480 0 0 0 0 300 300 0 339200 339200 0 10 10
20230509 23:34:29.101 12 0 1 1 0 0 0 85 14 0 0 2680 2010 0 377 2 6.15 2.41 2.55 2 1 730 0 43 0 0 730 0 0 0 0 310 310 0 328360 328360 0 10 10
20230509 23:34:29.201 10 0 1 0 0 0 0 88 11 0 0 2130 1670 0 377 2 6.15 2.41 2.55 2 1 570 0 33 0 0 570 0 0 0 0 330 330 0 330560 330560 0 0 0
20230509 23:34:29.301 9 0 2 0 0 0 0 88 11 0 0 2200 1490 0 377 2 6.15 2.41 2.55 2 1 800 0 47 0 0 800 0 0 0 0 320 320 0 325040 325040 0 0 0
20230509 23:34:29.401 8 0 1 1 0 0 0 91 8 0 0 2140 1590 0 376 2 6.15 2.41 2.55 1 1 550 0 32 0 0 550 0 0 0 0 300 300 0 325120 325120 0 10 10
20230509 23:34:29.501 5 0 1 0 0 0 0 94 6 0 0 1970 1610 0 376 1 6.15 2.41 2.55 1 1 600 0 35 0 0 600 0 0 0 0 310 310 0 328960 328960 0 130 130
20230509 23:34:29.601 5 0 1 1 0 0 0 94 6 0 0 2010 1520 0 376 1 6.15 2.41 2.55 1 1 880 0 52 0 0 880 0 0 0 0 360 360 0 336160 336160 0 0 0
20230509 23:34:29.701 4 0 1 0 0 0 0 94 6 0 0 1600 1540 0 376 2 6.15 2.41 2.55 1 1 470 0 28 0 0 470 0 0 0 0 290 290 0 330240 330240 0 10 10
20230509 23:34:29.801 4 0 2 0 0 0 0 93 6 0 0 1960 2080 0 375 0 6.15 2.41 2.55 0 1 620 20 36 4 0 620 0 0 0 0 290 290 0 336640 336640 0 0 0
20230509 23:34:29.901 4 0 1 1 0 0 0 95 5 0 0 1710 2100 0 375 1 6.15 2.41 2.55 1 1 810 20 48 2 0 780 0 0 0 10 280 290 40 312320 312360 0 0 0
20230509 23:34:30.001 1 0 4 0 0 0 0 94 6 0 0 2440 2030 0 375 1 6.15 2.41 2.55 1 1 960 0 56 0 0 950 0 10 0 0 300 300 0 337920 337920 0 0 0
20230509 23:34:30.101 0 0 6 4 0 0 0 90 6 0 0 2660 2150 0 375 1 6.15 2.41 2.55 1 1 710 10 42 1 0 700 0 0 0 0 290 290 0 337960 337960 0 20 20
20230509 23:34:30.201 1 0 5 2 0 0 0 92 6 0 0 2600 1810 0 375 1 6.15 2.41 2.55 1 1 860 10 51 1 0 850 0 0 0 0 290 290 0 326440 326440 0 10 10
20230509 23:34:30.301 0 0 6 0 0 0 0 94 6 0 0 2050 1730 0 375 1 6.15 2.41 2.55 1 1 560 0 33 0 0 560 0 0 0 0 310 310 0 335040 335040 0 0 0
20230509 23:34:30.401 0 0 5 0 0 0 0 94 6 0 0 2010 1620 0 375 1 6.15 2.41 2.55 1 1 540 0 32 0 0 540 0 0 0 0 300 300 0 337960 337960 0 0 0
20230509 23:34:30.501 1 0 6 0 0 0 0 94 6 0 0 2380 1820 0 375 2 6.15 2.41 2.55 1 1 750 10 44 1 0 750 0 0 0 0 280 280 0 332800 332800 0 0 0
20230509 23:34:30.601 0 0 6 2 0 0 0 92 6 0 0 2350 1680 0 375 1 6.15 2.41 2.55 1 1 730 0 43 0 0 720 0 0 0 0 300 300 0 327680 327680 0 0 0
20230509 23:34:30.701 0 0 6 4 0 0 0 90 6 0 0 2290 1720 0 375 1 6.15 2.41 2.55 1 1 530 0 31 0 0 530 0 0 0 0 290 290 0 340480 340480 0 0 0
20230509 23:34:30.801 2 0 4 2 0 0 0 92 6 0 0 4010 4190 120 378 1 6.15 2.41 2.55 1 1 610 20 36 3 0 610 0 0 0 0 290 290 0 325080 325080 0 0 0
