Date Time [CPU]User% [CPU]Nice% [CPU]Sys% [CPU]Wait% [CPU]Irq% [CPU]Soft% [CPU]Steal% [CPU]Idle% [CPU]Totl% [CPU]Guest% [CPU]GuestN% [CPU]Intrpt/sec [CPU]Ctx/sec [CPU]Proc/sec [CPU]ProcQue [CPU]ProcRun [CPU]L-Avg1 [CPU]L-Avg5 [CPU]L-Avg15 [CPU]RunTot [CPU]BlkTot [NET]RxPktTot [NET]TxPktTot [NET]RxKBTot [NET]TxKBTot [NET]RxCmpTot [NET]RxMltTot [NET]TxCmpTot [NET]RxErrsTot [NET]TxErrsTot [DSK]ReadTot [DSK]WriteTot [DSK]OpsTot [DSK]ReadKBTot [DSK]WriteKBTot [DSK]KbTot [DSK]ReadMrgTot [DSK]WriteMrgTot [DSK]MrgTot
20230511 09:26:04.101 11 0 2 1 0 0 0 87 13 0 0 5750 3320 0 563 2 0.29 0.76 0.79 2 0 50 20 4 3 0 10 0 0 0 20 90 110 360 22600 22960 70 5560 5630
20230511 09:26:04.201 7 0 6 1 0 0 0 85 14 0 0 46990 5080 10 563 0 0.51 0.80 0.80 2 0 90 30 7 4 0 0 0 0 0 1610 2320 3930 35960 174000 209960 7410 41180 48590
20230511 09:26:04.301 6 0 9 3 0 0 0 82 15 0 0 30620 20410 0 563 2 0.51 0.80 0.80 2 0 120 0 7 0 0 0 0 0 0 4370 1600 5970 105120 108880 214000 22020 25620 47640
20230511 09:26:04.401 7 0 4 2 0 0 0 87 11 0 0 21440 8370 0 563 2 0.51 0.80 0.80 1 1 40 0 2 0 0 10 0 0 0 3530 820 4350 84120 80320 164440 17360 19260 36620
20230511 09:26:04.501 6 0 2 4 0 0 0 87 9 0 0 30590 10610 0 563 1 0.51 0.80 0.80 2 1 20 0 1 0 0 0 0 0 0 4750 1470 6220 117560 122640 240200 24780 29190 53970
20230511 09:26:04.601 4 0 9 5 0 0 0 82 13 0 0 29450 28820 0 563 1 0.51 0.80 0.80 2 0 120 10 8 1 0 30 0 0 0 5020 4270 9290 117320 130240 247560 24200 28290 52490
20230511 09:26:04.701 10 0 8 1 0 0 0 81 18 0 0 15590 28170 0 563 2 0.51 0.80 0.80 2 0 110 60 10 7 0 0 0 0 0 1410 5170 6580 31320 55960 87280 6390 8820 15210
20230511 09:26:04.801 12 0 1 0 0 2 0 85 15 0 0 2100 2120 0 563 2 0.51 0.80 0.80 2 0 190 60 15 8 0 0 0 0 0 30 0 30 920 0 920 200 0 200
20230511 09:26:04.901 11 0 4 2 0 0 0 83 15 0 0 5590 7510 30 563 1 0.51 0.80 0.80 0 2 80 40 7 6 0 30 0 0 0 430 2840 3270 5600 247440 253040 970 8360 9330
20230511 09:26:05.001 1 0 5 4 0 1 0 89 6 0 0 3050 4480 0 563 0 0.51 0.80 0.80 2 0 140 60 13 7 0 0 0 0 0 0 1060 1060 0 855841 855841 0 61960 61960
20230511 09:26:05.101 1 0 2 9 0 0 0 88 3 0 0 1780 3440 0 563 0 0.51 0.80 0.80 1 2 100 30 8 3 0 20 0 0 0 0 650 650 0 619439 619439 0 21630 21630
20230511 09:26:05.201 0 0 1 12 0 0 0 88 1 0 0 490 900 0 563 0 0.51 0.80 0.80 0 2 40 20 3 2 0 0 0 0 0 0 130 130 0 128040 128040 40 3390 3430
20230511 09:26:05.301 1 0 9 11 0 0 0 78 10 0 0 3520 9950 0 563 0 0.51 0.80 0.80 0 2 70 30 6 3 0 0 0 0 0 0 0 0 0 0 0 0 0 0
20230511 09:26:05.401 2 0 1 10 0 0 0 86 4 0 0 1750 5170 0 563 0 0.51 0.80 0.80 1 2 90 60 9 8 0 10 0 0 0 950 100 1050 23040 95560 118600 4790 0 4790
20230511 09:26:05.501 1 0 3 11 0 0 0 86 4 0 0 1930 4860 0 563 0 0.51 0.80 0.80 1 2 240 40 18 5 0 0 0 0 0 1180 100 1280 19440 102400 121840 3690 0 3690
20230511 09:26:05.601 3 0 10 10 0 0 0 77 13 0 0 4230 10540 40 565 1 0.51 0.80 0.80 0 4 110 0 7 0 0 10 0 0 0 800 90 890 15760 83280 99040 3190 330 3520
20230511 09:26:05.701 1 0 12 21 0 0 0 67 12 0 0 2230 8460 10 564 1 0.51 0.80 0.80 1 3 90 40 8 5 0 0 0 0 0 20 10 30 400 7680 8080 70 0 70
20230511 09:26:05.801 0 0 1 18 0 0 0 81 1 0 0 2090 1330 80 566 0 0.51 0.80 0.80 0 3 10 0 1 0 0 0 0 0 0 0 0 0 0 0 0 0 0 0
20230511 09:26:05.901 4 0 3 10 0 0 0 83 7 0 0 3340 7590 0 566 1 0.51 0.80 0.80 1 2 160 0 9 0 0 0 0 0 0 2490 270 2760 48680 266280 314960 9680 0 9680
20230511 09:26:06.001 5 0 1 9 0 1 0 84 7 0 0 2840 6770 0 566 2 0.51 0.80 0.80 3 0 10 0 1 0 0 0 0 0 0 1790 270 2060 38960 286720 325680 7880 0 7880
20230511 09:26:06.101 4 0 2 7 0 0 0 86 7 0 0 2040 4740 0 566 1 0.51 0.80 0.80 3 0 10 0 1 0 0 0 0 0 0 790 370 1160 19960 270160 290120 4200 880 5080
20230511 09:26:06.201 6 0 1 6 0 0 0 87 7 0 0 3830 3860 0 566 1 0.51 0.80 0.80 1 2 50 10 4 1 0 0 0 0 0 190 910 1100 5280 524321 529601 1130 2780 3910
20230511 09:26:06.301 7 0 10 9 0 0 0 74 17 0 0 14120 14620 0 566 2 0.51 0.80 0.80 2 1 40 0 2 0 0 0 0 0 0 680 1130 1810 14480 696079 710559 2940 9910 12850
20230511 09:26:06.401 4 0 3 8 0 0 0 85 7 0 0 2620 5330 0 566 2 0.51 0.80 0.80 1 2 10 0 1 0 0 0 0 0 0 930 900 1830 21800 921601 943401 4580 0 4580
20230511 09:26:06.501 1 0 3 8 0 0 0 88 4 0 0 2420 5670 0 566 2 0.51 0.80 0.80 1 2 170 10 11 1 0 0 0 0 0 1040 860 1900 25160 880641 905801 5240 0 5240
20230511 09:26:06.601 9 0 9 6 0 0 0 76 18 0 0 4040 9960 0 566 2 0.51 0.80 0.80 2 1 50 10 4 1 0 10 0 0 0 280 590 870 6680 601599 608279 1340 0 1340
20230511 09:26:06.701 10 0 6 8 0 0 0 76 16 0 0 2970 9030 0 566 1 0.51 0.80 0.80 1 2 50 10 3 1 0 0 0 0 0 910 70 980 15960 74240 90200 3150 0 3150
20230511 09:26:06.801 5 0 2 10 0 0 0 82 8 0 0 4280 5880 90 563 1 0.51 0.80 0.80 2 1 20 0 1 0 0 0 0 0 0 1270 90 1360 27560 89600 117160 5550 0 5550
20230511 09:26:06.901 1 0 1 8 0 0 0 90 2 0 0 1270 2450 0 563 1 0.51 0.80 0.80 1 2 20 10 1 1 0 10 0 0 0 440 120 560 10800 110320 121120 2250 3870 6120
20230511 09:26:07.001 1 0 1 9 0 0 0 89 2 0 0 1140 2180 0 563 0 0.51 0.80 0.80 0 2 90 0 5 0 0 0 0 0 0 350 130 480 8360 84160 92520 1750 510 2260
20230511 09:26:07.101 1 0 1 9 0 0 0 90 1 0 0 1590 3930 20 565 0 0.51 0.80 0.80 0 2 50 30 3 3 0 10 0 0 0 60 200 260 1520 113960 115480 320 1110 1430
20230511 09:26:07.201 0 0 1 12 0 0 0 88 1 0 0 550 730 0 565 0 0.51 0.80 0.80 0 2 10 0 1 0 0 0 0 0 0 50 120 170 1240 83960 85200 260 240 500
20230511 09:26:07.301 1 0 14 10 0 0 0 74 16 0 0 3540 11610 0 565 0 0.51 0.80 0.80 0 2 40 20 12 12 0 0 0 0 0 110 370 480 3160 246480 249640 680 1960 2640
20230511 09:26:07.401 0 0 1 8 0 0 0 91 1 0 0 650 700 0 565 0 0.51 0.80 0.80 0 2 20 0 1 0 0 20 0 0 0 0 150 150 0 94800 94800 50 2240 2290
20230511 09:26:07.501 1 0 1 7 0 0 0 90 2 0 0 780 970 0 565 0 0.51 0.80 0.80 0 2 230 30 14 6 0 0 0 0 0 140 120 260 3400 106480 109880 730 0 730
20230511 09:26:07.601 1 0 8 9 0 0 0 82 9 0 0 2850 6760 0 565 0 0.51 0.80 0.80 1 2 20 10 1 2 0 10 0 0 0 30 160 190 920 119440 120360 130 1010 1140
20230511 09:26:07.701 1 0 11 7 0 0 0 81 12 0 0 1910 6600 0 565 0 0.51 0.80 0.80 0 2 60 10 4 1 0 0 0 0 0 50 220 270 1560 154760 156320 410 2770 3180
20230511 09:26:07.801 0 0 1 12 0 0 0 87 1 0 0 1740 700 0 565 0 0.51 0.80 0.80 0 2 20 0 1 0 0 0 0 0 0 50 80 130 1240 81920 83160 260 0 260
20230511 09:26:07.901 1 0 0 12 0 0 0 87 1 0 0 310 510 0 565 0 0.51 0.80 0.80 0 2 10 20 1 2 0 0 0 0 0 50 80 130 1240 81920 83160 260 0 260
20230511 09:26:08.001 1 0 1 10 0 0 0 88 2 0 0 1570 3060 0 565 1 0.51 0.80 0.80 0 2 130 0 8 0 0 0 0 0 0 380 460 840 8760 423080 431840 1740 6500 8240
20230511 09:26:08.101 1 0 3 6 0 0 0 90 4 0 0 2980 6650 0 565 0 0.51 0.80 0.80 1 2 10 20 1 2 0 0 0 0 0 1130 750 1880 23080 660879 683959 4710 11470 16180
20230511 09:26:08.201 1 0 3 6 0 0 0 91 3 0 0 1790 4840 0 565 0 0.51 0.80 0.80 1 1 50 0 3 0 0 10 0 0 0 410 850 1260 10280 772401 782681 2160 8050 10210
20230511 09:26:08.301 1 0 12 7 0 1 0 80 13 0 0 4810 13420 0 565 0 0.51 0.80 0.80 0 2 120 0 7 0 0 0 0 0 0 610 1070 1680 9640 1051918 1061558 1730 4320 6050
20230511 09:26:08.401 1 0 3 8 0 0 0 88 4 0 0 2560 4530 0 565 0 0.51 0.80 0.80 2 0 40 0 5 0 0 0 0 0 0 590 860 1450 15440 784241 799681 3320 8880 12200
20230511 09:26:08.501 0 0 3 10 0 0 0 88 3 0 0 2110 2540 0 565 4 0.51 0.80 0.80 0 2 190 40 12 4 0 0 0 0 0 430 1090 1520 11000 1090241 1101241 2340 1980 4320
20230511 09:26:08.601 1 0 9 9 0 0 0 81 10 0 0 4320 8880 0 563 2 0.51 0.80 0.80 0 2 50 20 3 2 0 0 0 0 0 440 1050 1490 10680 1066958 1077638 2230 5590 7820
20230511 09:26:08.701 0 0 18 6 0 0 0 75 18 0 0 6240 9590 0 563 0 0.51 0.80 0.80 0 2 50 0 3 0 0 0 0 0 0 530 780 1310 6960 779841 786801 1210 5480 6690
20230511 09:26:08.801 2 0 2 7 0 0 0 88 4 0 0 3490 7320 0 563 1 0.51 0.80 0.80 0 2 80 0 5 0 0 0 0 0 0 880 1040 1920 20400 965199 985599 4150 8530 12680
20230511 09:26:08.901 1 0 4 5 0 0 0 90 4 0 0 4950 12910 0 563 1 0.51 0.80 0.80 1 0 20 0 1 0 0 20 0 0 0 2330 2000 4330 50280 571281 621561 10240 4590 14830
20230511 09:26:09.001 10 0 2 1 0 0 0 88 12 0 0 2040 4030 0 563 2 0.51 0.80 0.80 2 0 70 0 4 0 0 0 0 0 0 870 0 870 19240 0 19240 3940 0 3940
20230511 09:26:09.101 8 0 3 1 0 0 0 88 11 0 0 3680 9470 0 563 2 0.51 0.80 0.80 2 0 30 0 2 0 0 0 0 0 0 2670 0 2670 48960 0 48960 9570 0 9570
20230511 09:26:09.201 7 0 2 3 0 0 0 89 9 0 0 5130 12770 0 563 3 0.63 0.82 0.81 1 2 0 0 0 0 0 10 0 0 0 3810 380 4190 85720 155560 241280 17620 20 17640
20230511 09:26:09.301 8 0 13 2 0 0 0 76 22 0 0 7090 21970 300 563 1 0.63 0.82 0.81 1 1 20 0 1 0 0 0 0 0 0 2650 370 3020 61920 102200 164120 12830 40 12870
20230511 09:26:09.401 5 0 6 1 0 0 0 88 11 0 0 41380 5760 0 563 2 0.63 0.82 0.81 2 1 20 0 1 0 0 0 0 0 0 1750 260 2010 40120 207280 247400 8350 49800 58150
20230511 09:26:09.501 11 0 1 1 0 0 0 88 12 0 0 2210 4150 0 563 2 0.63 0.82 0.81 2 0 20 0 1 0 0 0 0 0 0 1140 0 1140 26400 0 26400 5390 0 5390
20230511 09:26:09.601 11 0 12 2 0 0 0 75 23 0 0 7020 16270 300 563 2 0.63 0.82 0.81 1 1 30 0 2 0 0 0 0 0 0 2670 430 3100 53600 97840 151440 10730 10 10740
20230511 09:26:09.701 5 0 9 3 0 1 0 82 15 0 0 8370 17180 0 563 1 0.63 0.82 0.81 0 1 120 0 7 0 0 20 0 0 0 3430 420 3850 76840 116000 192840 15780 5910 21690
20230511 09:26:09.801 4 0 4 3 0 0 0 89 8 0 0 20580 12570 0 563 2 0.63 0.82 0.81 2 0 130 0 8 0 0 0 0 0 0 3100 530 3630 74400 198720 273120 15500 33790 49290
20230511 09:26:09.901 11 0 2 1 0 0 0 86 13 0 0 2690 4770 10 563 2 0.63 0.82 0.81 3 0 0 10 0 1 0 0 0 0 0 1430 0 1430 29800 0 29800 6090 0 6090
20230511 09:26:10.001 9 0 5 1 0 0 0 85 14 0 0 3850 6730 20 563 2 0.63 0.82 0.81 2 0 170 10 10 2 0 0 0 0 0 1430 280 1710 33360 117560 150920 6840 10970 17810
20230511 09:26:10.101 12 0 2 1 0 0 0 86 14 0 0 2540 4100 0 563 1 0.63 0.82 0.81 2 0 80 70 10 7 0 0 0 0 0 1090 0 1090 21520 0 21520 4290 0 4290
20230511 09:26:10.201 10 0 1 1 0 0 0 87 11 0 0 10620 6980 0 563 2 0.63 0.82 0.81 3 0 10 10 1 1 0 0 0 0 0 2000 260 2260 45720 89560 135280 9430 7110 16540
20230511 09:26:10.301 7 0 9 2 0 1 0 81 17 0 0 12930 19880 0 563 2 0.63 0.82 0.81 2 1 80 30 6 3 0 0 0 0 0 3370 270 3640 69520 166040 235560 14010 24250 38260
20230511 09:26:10.401 6 0 6 2 0 0 0 87 11 0 0 16110 9950 0 563 2 0.63 0.82 0.81 2 0 140 10 8 1 0 0 0 0 0 3190 240 3430 68360 136840 205200 13900 17710 31610
20230511 09:26:10.501 5 0 5 2 0 0 0 88 10 0 0 11110 11110 0 563 2 0.63 0.82 0.81 2 0 110 0 6 0 0 0 0 0 0 3340 350 3690 78040 103920 181960 16170 6070 22240
20230511 09:26:10.601 9 0 9 7 0 0 0 74 19 0 0 5540 7030 0 563 1 0.63 0.82 0.81 1 2 110 0 6 0 0 0 0 0 0 100 140 240 560 16800 17360 40 2670 2710
20230511 09:26:10.701 8 0 7 6 0 0 0 78 15 0 0 2970 11040 0 563 2 0.63 0.82 0.81 2 0 140 0 8 0 0 10 0 0 0 1080 10 1090 35400 40 35440 320 0 320
20230511 09:26:10.801 4 0 4 4 0 0 0 87 8 0 0 14720 2180 0 563 2 0.63 0.82 0.81 1 1 10 0 1 0 0 0 0 0 0 790 470 1260 8560 228440 237000 160 55490 55650
20230511 09:26:10.901 1 0 1 7 0 0 0 90 2 0 0 2950 5810 0 563 1 0.63 0.82 0.81 2 0 40 0 2 0 0 10 0 0 0 1880 50 1930 61320 27080 88400 8330 6730 15060
20230511 09:26:11.001 5 0 4 4 0 0 0 87 9 0 0 6090 17340 0 563 2 0.63 0.82 0.81 2 0 20 0 1 0 0 0 0 0 0 4760 420 5180 185240 125760 311000 22470 10 22480
20230511 09:26:11.101 4 0 5 3 0 0 0 88 9 0 0 5150 15360 0 563 1 0.63 0.82 0.81 2 0 40 0 2 0 0 0 0 0 0 3620 270 3890 151320 78320 229640 17500 1540 19040
20230511 09:26:11.201 3 0 6 3 0 0 0 88 9 0 0 20460 10380 0 563 2 0.63 0.82 0.81 2 0 0 0 0 0 0 10 0 0 0 3120 260 3380 165960 155240 321200 11440 26710 38150
20230511 09:26:11.301 2 0 14 4 0 0 0 80 16 0 0 7640 25060 0 563 0 0.63 0.82 0.81 0 1 20 0 1 0 0 0 0 0 0 3880 590 4470 109480 171480 280960 21590 19400 40990
20230511 09:26:11.401 3 0 6 3 0 0 0 88 9 0 0 28590 11340 0 563 2 0.63 0.82 0.81 1 2 30 0 2 0 0 10 0 0 0 2760 580 3340 152720 261480 414200 10280 36270 46550
20230511 09:26:11.501 4 0 6 3 0 0 0 88 9 0 0 4520 10830 0 563 2 0.63 0.82 0.81 2 0 20 20 2 2 0 0 0 0 0 3190 240 3430 164680 93640 258320 11320 50 11370
20230511 09:26:11.601 1 0 12 6 0 0 0 81 12 0 0 7860 9890 0 563 0 0.63 0.82 0.81 0 3 60 10 4 1 0 0 0 0 0 720 410 1130 24680 141840 166520 4240 11900 16140
20230511 09:26:11.701 3 0 8 9 0 0 0 80 11 0 0 3430 9890 0 563 2 0.63 0.82 0.81 2 0 60 0 4 0 0 10 0 0 0 1170 230 1400 86360 57080 143440 2410 0 2410
20230511 09:26:11.801 1 0 2 7 0 0 0 90 3 0 0 2220 3000 0 563 0 0.63 0.82 0.81 0 1 80 0 5 0 0 0 0 0 0 610 280 890 11040 73880 84920 1850 130 1980
20230511 09:26:11.901 0 0 1 6 0 0 0 93 1 0 0 1460 4490 0 563 1 0.63 0.82 0.81 0 1 20 0 1 0 0 0 0 0 0 1020 140 1160 23000 44960 67960 4790 10 4800
20230511 09:26:12.001 0 0 1 5 0 0 0 94 1 0 0 1710 4550 0 563 0 0.63 0.82 0.81 0 1 30 0 2 0 0 0 0 0 0 1330 50 1380 27320 24080 51400 5500 10 5510
20230511 09:26:12.101 0 0 3 3 0 0 0 94 3 0 0 1410 3760 0 563 0 0.63 0.82 0.81 2 0 50 10 3 1 0 0 0 0 0 820 70 890 20960 54600 75560 4350 7830 12180
20230511 09:26:12.201 0 0 3 4 0 0 0 92 3 0 0 2060 5510 0 563 0 0.63 0.82 0.81 2 1 0 0 0 0 0 10 0 0 0 1100 310 1410 22640 160160 182800 4560 16890 21450
20230511 09:26:12.301 1 0 14 4 0 0 0 81 15 0 0 31180 22260 0 563 2 0.63 0.82 0.81 2 0 50 0 3 0 0 0 0 0 0 2590 680 3270 88960 228960 317920 9730 35760 45490
20230511 09:26:12.401 3 0 5 4 0 0 0 88 8 0 0 4220 9840 0 563 1 0.63 0.82 0.81 0 1 90 0 5 0 0 0 0 0 0 2470 500 2970 111760 230480 342240 6940 30 6970
20230511 09:26:12.501 0 0 4 4 0 0 0 92 4 0 0 5680 18160 0 563 2 0.63 0.82 0.81 3 0 170 0 10 0 0 0 0 0 0 4750 190 4940 108760 174960 283720 19890 5180 25070
20230511 09:26:12.601 2 0 11 5 0 1 0 81 14 0 0 6330 17640 0 563 2 0.63 0.82 0.81 1 0 140 0 8 0 0 0 0 0 0 2420 580 3000 111360 248440 359799 6580 360 6940
20230511 09:26:12.701 2 0 11 3 0 0 0 83 13 0 0 6230 20580 0 563 0 0.63 0.82 0.81 0 1 40 0 2 0 0 10 0 0 0 3140 640 3780 150200 221440 371640 12400 31560 43960
20230511 09:26:12.801 2 0 4 5 0 0 0 88 7 0 0 4820 11020 0 563 2 0.63 0.82 0.81 1 1 20 0 1 0 0 0 0 0 0 2690 370 3060 130080 178080 308160 9680 40 9720
20230511 09:26:12.901 3 0 6 4 0 0 0 88 9 0 0 7920 11470 0 563 1 0.63 0.82 0.81 1 0 10 0 1 0 0 20 0 0 0 1990 910 2900 151400 220040 371440 5960 18220 24180
20230511 09:26:13.001 2 0 5 2 0 1 0 90 7 0 0 4820 10640 0 563 1 0.63 0.82 0.81 1 0 70 0 4 0 0 0 0 0 0 3330 280 3610 115760 275040 390800 9250 65580 74830
20230511 09:26:13.101 5 0 4 4 0 0 0 87 9 0 0 4530 12740 0 563 0 0.63 0.82 0.81 2 0 40 0 2 0 0 0 0 0 0 3200 120 3320 209280 72160 281440 8440 20 8460
20230511 09:26:13.201 4 0 6 4 0 0 0 86 9 0 0 5460 15450 0 563 0 0.63 0.82 0.81 2 0 0 0 0 0 0 10 0 0 0 4290 80 4370 159400 78080 237480 15410 30 15440
20230511 09:26:13.301 2 0 14 6 0 0 0 78 16 0 0 10630 31400 0 563 1 0.63 0.82 0.81 1 1 20 0 1 0 0 0 0 0 0 6680 140 6820 326320 21960 348280 27850 20 27870
20230511 09:26:13.401 0 0 5 3 0 0 0 92 5 0 0 3690 6560 0 563 2 0.63 0.82 0.81 2 0 0 0 0 0 0 0 0 0 0 900 480 1380 55640 216280 271920 2920 50010 52930
20230511 09:26:13.501 2 0 6 5 0 0 0 86 9 0 0 5660 14260 0 563 0 0.63 0.82 0.81 1 1 30 0 2 0 0 0 0 0 0 4530 150 4680 162640 109640 272280 13570 0 13570
20230511 09:26:13.601 1 0 14 3 0 1 0 81 16 0 0 6850 19260 0 563 1 0.63 0.82 0.81 3 0 20 0 1 0 0 0 0 0 0 3400 400 3800 103080 173600 276680 13000 30 13030
20230511 09:26:13.701 6 0 17 2 0 0 0 75 22 0 0 6500 15040 0 563 2 0.63 0.82 0.81 2 0 90 0 5 0 0 0 0 0 0 2830 350 3180 130640 93520 224160 5410 1090 6500
20230511 09:26:13.801 1 0 8 3 0 0 0 88 9 0 0 32700 11020 0 563 2 0.63 0.82 0.81 2 0 30 0 2 0 0 0 0 0 0 5200 240 5440 80920 192760 273680 9850 25390 35240
20230511 09:26:13.901 4 0 5 3 0 0 0 88 9 0 0 16610 10880 0 563 2 0.63 0.82 0.81 2 0 100 0 6 0 0 0 0 0 0 3880 210 4090 82000 148360 230360 11570 14640 26210
20230511 09:26:14.001 5 0 7 1 0 0 0 87 12 0 0 58320 2650 0 563 2 0.63 0.82 0.81 1 1 60 0 4 0 0 0 0 0 0 1050 290 1340 11480 288440 299920 1850 70240 72090
20230511 09:26:14.101 9 0 2 1 0 0 0 88 11 0 0 3000 3420 0 563 2 0.63 0.82 0.81 2 0 30 0 2 0 0 0 0 0 0 1670 0 1670 20080 0 20080 3320 0 3320
20230511 09:26:14.201 8 0 3 1 0 0 0 87 11 0 0 3150 4400 0 563 2 0.74 0.84 0.81 2 0 100 0 6 0 0 0 0 0 0 1970 0 1970 37680 0 37680 7500 0 7500
20230511 09:26:14.301 8 0 18 2 0 0 0 72 26 0 0 7290 21150 0 563 3 0.74 0.84 0.81 3 0 100 0 6 0 0 0 0 0 0 3750 10 3760 75680 2560 78240 15120 330 15450
20230511 09:26:14.401 6 0 3 4 0 0 0 87 9 0 0 5100 8110 0 563 2 0.74 0.84 0.81 1 0 140 0 8 0 0 0 0 0 0 2550 260 2810 46560 192080 238640 9090 1240 10330
20230511 09:26:14.501 6 0 3 3 0 0 0 89 8 0 0 4680 10610 0 563 2 0.74 0.84 0.81 1 1 40 0 2 0 0 0 0 0 0 3610 190 3800 72960 128680 201640 14730 20 14750
20230511 09:26:14.601 7 0 11 3 0 0 0 79 18 0 0 10110 14760 0 563 2 0.74 0.84 0.81 1 1 70 0 4 0 0 0 0 0 0 2890 240 3130 70360 116200 186560 14600 7860 22460
20230511 09:26:14.701 9 0 10 2 0 0 0 79 19 0 0 6510 10830 0 563 1 0.74 0.84 0.81 2 0 40 0 2 0 0 10 0 0 0 1930 90 2020 46960 54840 101800 9810 6370 16180
20230511 09:26:14.801 11 0 1 0 0 0 0 88 12 0 0 3670 1650 0 563 2 0.74 0.84 0.81 2 0 30 0 2 0 0 0 0 0 0 230 140 370 5120 53760 58880 1050 1680 2730
20230511 09:26:14.901 11 0 2 1 0 0 0 87 12 0 0 5830 2450 0 563 1 0.74 0.84 0.81 6 0 0 0 0 0 0 0 0 0 0 860 130 990 20560 67120 87680 4350 5850 10200
20230511 09:26:15.001 8 0 4 2 0 0 0 86 12 0 0 21270 6500 0 563 0 0.74 0.84 0.81 2 0 40 0 2 0 0 10 0 0 0 2330 180 2510 54760 148200 202960 11290 26600 37890
20230511 09:26:15.101 9 0 2 2 0 0 0 87 11 0 0 3530 7350 0 563 1 0.74 0.84 0.81 1 1 20 0 1 0 0 0 0 0 0 2290 110 2400 53040 55840 108880 10970 0 10970
20230511 09:26:15.201 7 0 4 1 0 0 0 88 11 0 0 27460 3920 0 563 2 0.74 0.84 0.81 3 0 10 0 1 0 0 10 0 0 0 1500 160 1660 32520 116680 149200 6630 27960 34590
20230511 09:26:15.301 8 0 13 1 0 0 0 77 21 0 0 49260 16410 0 563 2 0.74 0.84 0.81 2 0 10 0 1 0 0 0 0 0 0 2700 170 2870 62520 174080 236600 12930 40600 53530
20230511 09:26:15.401 8 0 2 2 0 0 0 88 10 0 0 7610 5730 0 563 1 0.74 0.84 0.81 2 0 40 0 2 0 0 0 0 0 0 6390 0 6390 55720 0 55720 7540 0 7540
20230511 09:26:15.501 11 0 2 1 0 0 0 87 12 0 0 3850 3910 0 563 2 0.74 0.84 0.81 3 0 50 0 3 0 0 0 0 0 0 2740 0 2740 26240 0 26240 3820 0 3820
20230511 09:26:15.601 11 0 9 2 0 0 0 78 20 0 0 6060 14100 0 563 2 0.74 0.84 0.81 3 0 20 0 1 0 0 0 0 0 0 2950 0 2950 53280 0 53280 10400 0 10400
20230511 09:26:15.701 10 0 11 2 0 0 0 77 21 0 0 7160 12090 0 563 1 0.74 0.84 0.81 1 2 20 0 1 0 0 20 0 0 0 940 340 1280 20320 88160 108480 4180 4060 8240
20230511 09:26:15.801 6 0 1 6 0 0 0 87 8 0 0 6400 6880 0 563 2 0.74 0.84 0.81 2 0 110 0 6 0 0 0 0 0 0 2240 460 2700 35560 134440 170000 6610 7690 14300
20230511 09:26:15.901 6 0 3 3 0 1 0 87 10 0 0 15280 7880 0 563 2 0.74 0.84 0.81 2 0 120 0 7 0 0 0 0 0 0 3210 240 3450 79000 132600 211600 16510 22640 39150
20230511 09:26:16.001 12 0 1 0 0 3 0 84 16 0 0 1350 1330 0 563 2 0.74 0.84 0.81 2 0 30 0 2 0 0 10 0 0 0 240 0 240 5640 0 5640 1170 0 1170
20230511 09:26:16.101 11 0 2 1 0 0 0 86 13 0 0 2230 3360 0 563 3 0.74 0.84 0.81 2 1 30 0 2 0 0 0 0 0 0 860 300 1160 15880 67800 83680 3110 1080 4190
20230511 09:26:16.201 6 0 4 4 0 0 0 87 9 0 0 2710 980 0 563 0 0.74 0.84 0.81 0 2 110 0 6 0 0 0 0 0 0 50 390 440 1240 177920 179160 260 49970 50230
20230511 09:26:16.301 0 0 6 6 0 1 0 87 7 0 0 2920 12250 0 563 0 0.74 0.84 0.81 0 2 110 0 6 0 0 0 0 0 0 400 110 510 10880 115200 126080 2390 160 2550
20230511 09:26:16.401 1 0 0 18 0 0 0 81 1 0 0 800 1180 0 563 0 0.74 0.84 0.81 0 3 60 0 4 0 0 0 0 0 0 130 70 200 3360 8560 11920 740 0 740
20230511 09:26:16.501 1 0 0 19 0 0 0 81 1 0 0 370 640 0 563 0 0.74 0.84 0.81 0 3 90 20 6 2 0 10 0 0 0 20 0 20 480 0 480 140 0 140
20230511 09:26:16.601 1 0 12 17 0 0 0 70 13 0 0 2600 6070 0 563 0 0.74 0.84 0.81 0 3 50 10 3 1 0 0 0 0 0 0 0 0 0 0 0 0 0 0
20230511 09:26:16.701 1 0 7 16 0 0 0 77 8 0 0 1800 6880 0 563 0 0.74 0.84 0.81 0 2 60 0 4 0 0 10 0 0 0 270 10 280 7680 40 7720 1610 0 1610
20230511 09:26:16.801 4 0 2 4 0 0 0 89 6 0 0 2620 3160 0 563 0 0.74 0.84 0.81 2 1 20 0 1 0 0 0 0 0 0 870 0 870 18240 0 18240 3640 0 3640
20230511 09:26:16.901 3 0 2 8 0 0 0 87 4 0 0 2150 5160 0 563 0 0.74 0.84 0.81 1 1 40 0 2 0 0 0 0 0 0 1220 390 1610 22960 73920 96880 4540 20 4560
20230511 09:26:17.001 2 0 1 5 0 0 0 91 4 0 0 1910 4440 0 563 1 0.74 0.84 0.81 1 0 60 0 4 0 0 10 0 0 0 1170 0 1170 25640 0 25640 5170 0 5170
20230511 09:26:17.101 6 0 1 4 0 0 0 88 8 0 0 2760 7150 0 563 2 0.74 0.84 0.81 0 2 50 10 3 1 0 0 0 0 0 1310 180 1490 31960 51960 83920 6750 0 6750
20230511 09:26:17.201 8 0 2 2 0 0 0 88 10 0 0 4260 1980 0 563 2 0.74 0.84 0.81 2 2 20 0 1 0 0 10 0 0 0 620 80 700 8800 26520 35320 1510 2620 4130
20230511 09:26:17.301 7 0 9 4 0 1 0 78 17 0 0 4180 14360 0 563 0 0.74 0.84 0.81 1 1 10 0 1 0 0 0 0 0 0 490 380 870 8600 136960 145560 1690 60 1750
20230511 09:26:17.401 7 0 2 2 0 1 0 87 10 0 0 3250 7180 0 563 2 0.74 0.84 0.81 2 1 20 0 1 0 0 0 0 0 0 2050 210 2260 41200 53600 94800 8220 100 8320
20230511 09:26:17.501 7 0 3 1 0 0 0 89 10 0 0 12680 5910 0 563 2 0.74 0.84 0.81 1 1 30 0 2 0 0 10 0 0 0 1360 280 1640 33520 114760 148280 7020 13370 20390
20230511 09:26:17.601 13 0 9 0 0 0 0 78 22 0 0 3310 7750 0 563 2 0.74 0.84 0.81 3 0 140 0 8 0 0 0 0 0 0 0 0 0 0 0 0 0 0 0
20230511 09:26:17.701 9 0 8 2 0 0 0 81 17 0 0 5970 13920 0 563 2 0.74 0.84 0.81 2 0 30 0 2 0 0 10 0 0 0 1710 670 2380 33440 152360 185800 6650 1310 7960
20230511 09:26:17.801 7 0 2 2 0 1 0 87 11 0 0 7850 7370 0 563 0 0.74 0.84 0.81 1 2 20 0 1 0 0 0 0 0 0 2220 260 2480 41840 147600 189440 8300 24610 32910
20230511 09:26:17.901 8 0 2 2 0 0 0 87 11 0 0 5340 6890 0 563 2 0.74 0.84 0.81 2 0 30 0 2 0 0 0 0 0 0 2210 280 2490 49320 89320 138640 10060 3700 13760
20230511 09:26:18.001 12 0 1 0 0 3 0 84 16 0 0 1240 800 0 563 2 0.74 0.84 0.81 2 0 20 0 1 0 0 0 0 0 0 50 0 50 1520 0 1520 330 0 330
20230511 09:26:18.101 6 0 4 1 0 0 0 88 11 0 0 19110 7670 0 563 2 0.74 0.84 0.81 3 0 30 0 2 0 0 0 0 0 0 2350 380 2730 47960 127680 175640 9640 18100 27740
20230511 09:26:18.201 9 0 3 1 0 0 0 87 12 0 0 8140 5170 0 563 2 0.74 0.84 0.81 3 0 40 0 2 0 0 0 0 0 0 1150 200 1350 22440 88040 110480 4460 3900 8360
20230511 09:26:18.301 8 0 11 1 0 1 0 79 20 0 0 13760 16750 0 563 0 0.74 0.84 0.81 2 0 130 10 8 1 0 0 0 0 0 1960 400 2360 42960 152640 195600 8780 8330 17110
20230511 09:26:18.401 12 0 1 0 0 0 0 87 13 0 0 1480 1270 0 563 2 0.74 0.84 0.81 2 0 70 10 4 1 0 0 0 0 0 180 0 180 4120 0 4120 850 0 850
20230511 09:26:18.501 6 0 2 2 0 0 0 91 8 0 0 10800 8040 0 563 0 0.74 0.84 0.81 3 0 30 0 2 0 0 10 0 0 0 2460 350 2810 49920 139680 189600 10050 15950 26000
20230511 09:26:18.601 2 0 11 1 0 1 0 85 14 0 0 5580 14320 0 563 1 0.74 0.84 0.81 1 0 20 0 1 0 0 0 0 0 0 1750 530 2280 37560 354679 392239 7610 91800 99410
20230511 09:26:18.701 7 0 10 2 0 0 0 81 17 0 0 6000 17000 0 563 1 0.74 0.84 0.81 2 0 30 0 2 0 0 20 0 0 0 3680 140 3820 78720 136760 215480 16000 13060 29060
20230511 09:26:18.801 9 0 2 2 0 0 0 87 11 0 0 4660 8410 0 563 2 0.74 0.84 0.81 2 0 20 0 1 0 0 0 0 0 0 2970 0 2970 65800 0 65800 13480 0 13480
20230511 09:26:18.901 7 0 3 2 0 0 0 88 10 0 0 4710 9420 0 563 2 0.74 0.84 0.81 2 0 110 0 6 0 0 0 0 0 0 3610 0 3610 91120 0 91120 19170 0 19170
20230511 09:26:19.001 9 0 2 3 0 0 0 85 12 0 0 5400 7260 0 563 2 0.74 0.84 0.81 2 0 60 0 4 0 0 10 0 0 0 3750 550 4300 127560 143920 271480 4740 10 4750
20230511 09:26:19.101 1 0 4 3 0 0 0 92 5 0 0 5310 18070 0 563 2 0.74 0.84 0.81 2 0 30 0 2 0 0 0 0 0 0 4290 260 4550 135600 123080 258680 18830 20 18850
20230511 09:26:19.201 1 0 3 3 0 0 0 93 4 0 0 5110 14640 0 563 2 0.84 0.86 0.82 2 0 70 0 4 0 0 10 0 0 0 3520 450 3970 103760 109160 212920 14910 9070 23980
20230511 09:26:19.301 1 0 18 2 0 0 0 78 19 0 0 139430 19060 0 563 1 0.84 0.86 0.82 2 0 10 0 1 0 0 0 0 0 0 3050 590 3640 79720 582039 661759 11920 143870 155790
20230511 09:26:19.401 6 0 2 5 0 0 0 86 9 0 0 7210 16730 0 563 2 0.84 0.86 0.82 2 1 30 0 2 0 0 0 0 0 0 6110 0 6110 285840 0 285840 21980 0 21980
20230511 09:26:19.501 2 0 1 6 0 0 0 91 3 0 0 6290 15980 0 563 0 0.84 0.86 0.82 1 0 10 0 1 0 0 0 0 0 0 5190 200 5390 178440 61560 240000 21100 20 21120
20230511 09:26:19.601 2 0 14 4 0 0 0 80 16 0 0 8680 25610 0 563 1 0.84 0.86 0.82 2 0 60 0 4 0 0 0 0 0 0 5460 0 5460 159320 0 159320 24150 0 24150
20230511 09:26:19.701 1 0 16 4 0 0 0 79 17 0 0 5800 17890 0 563 1 0.84 0.86 0.82 1 1 30 0 2 0 0 10 0 0 0 3650 400 4050 100040 146360 246400 13610 10 13620
20230511 09:26:19.801 4 0 4 3 0 0 0 89 8 0 0 5880 12060 0 563 2 0.84 0.86 0.82 2 0 10 0 1 0 0 0 0 0 0 3670 210 3880 248120 91680 339800 9750 30 9780
20230511 09:26:19.901 1 0 4 3 0 0 0 91 6 0 0 4240 12260 0 563 0 0.84 0.86 0.82 1 1 120 10 7 1 0 0 0 0 0 2950 380 3330 103600 141960 245560 13890 7970 21860
20230511 09:26:20.001 1 0 4 3 0 0 0 92 5 0 0 3620 10990 0 563 1 0.84 0.86 0.82 0 1 20 0 1 0 0 10 0 0 0 2680 350 3030 55280 191600 246880 10840 14940 25780
20230511 09:26:20.101 2 0 5 2 0 1 0 91 8 0 0 3860 9170 0 563 2 0.84 0.86 0.82 0 1 100 0 6 0 0 0 0 0 0 2290 500 2790 135920 195000 330920 4740 26500 31240
20230511 09:26:20.201 0 0 3 4 0 0 0 94 3 0 0 6090 18050 0 563 1 0.84 0.86 0.82 2 0 40 0 2 0 0 0 0 0 0 5090 260 5350 91120 143840 234960 17730 2420 20150
20230511 09:26:20.301 1 0 13 4 0 0 0 82 14 0 0 7460 28280 0 563 1 0.84 0.86 0.82 2 0 60 0 4 0 0 0 0 0 0 4140 410 4550 92080 173760 265840 17580 21530 39110
20230511 09:26:20.401 3 0 5 4 0 0 0 88 8 0 0 3850 10040 0 563 1 0.84 0.86 0.82 0 1 20 0 4 0 0 0 0 0 0 2220 450 2670 148960 150520 299480 4630 30 4660
20230511 09:26:20.501 0 0 8 2 0 1 0 89 9 0 0 4480 8060 0 563 1 0.84 0.86 0.82 2 0 20 0 1 0 0 0 0 0 0 1600 560 2160 38760 315960 354720 5990 26400 32390
20230511 09:26:20.601 2 0 11 7 0 0 0 80 13 0 0 5790 16480 0 563 1 0.84 0.86 0.82 1 2 10 0 1 0 0 0 0 0 0 2370 360 2730 116600 202560 319160 6630 2290 8920
20230511 09:26:20.701 3 0 8 9 0 0 0 81 11 0 0 3370 13570 0 563 0 0.84 0.86 0.82 0 3 10 0 1 0 0 0 0 0 0 1190 190 1380 108800 54360 163160 1140 270 1410
20230511 09:26:20.801 0 0 0 16 0 0 0 84 0 0 0 1010 610 0 563 0 0.84 0.86 0.82 0 3 120 0 7 0 0 10 0 0 0 20 0 20 2560 0 2560 0 0 0
20230511 09:26:20.901 1 0 0 19 0 0 0 81 1 0 0 180 160 0 563 0 0.84 0.86 0.82 0 3 60 0 4 0 0 0 0 0 0 0 0 0 0 0 0 0 0 0
20230511 09:26:21.001 0 0 0 18 0 0 0 82 0 0 0 410 640 0 563 0 0.84 0.86 0.82 0 3 50 0 3 0 0 10 0 0 0 0 0 0 0 0 0 0 0 0
20230511 09:26:21.101 1 0 4 11 0 0 0 84 5 0 0 1800 5140 0 563 0 0.84 0.86 0.82 1 3 40 0 2 0 0 0 0 0 0 570 310 880 45800 55200 101000 340 640 980
20230511 09:26:21.201 0 0 2 7 0 0 0 91 2 0 0 1710 3090 0 563 2 0.84 0.86 0.82 2 1 70 0 4 0 0 0 0 0 0 880 160 1040 27400 62880 90280 1630 340 1970
20230511 09:26:21.301 2 0 10 19 0 0 0 69 12 0 0 3430 10330 0 563 0 0.84 0.86 0.82 0 4 40 0 2 0 0 0 0 0 0 320 70 390 14800 41800 56600 290 200 490
20230511 09:26:21.401 1 0 0 25 0 0 0 75 1 0 0 280 330 0 563 0 0.84 0.86 0.82 0 4 10 0 1 0 0 0 0 0 0 20 10 30 1360 1280 2640 30 0 30
20230511 09:26:21.501 1 0 2 11 0 0 0 87 2 0 0 2230 6160 0 563 0 0.84 0.86 0.82 0 1 50 30 3 3 0 0 0 0 0 1340 210 1550 50200 26400 76600 4740 30 4770
20230511 09:26:21.601 3 0 8 6 0 0 0 83 11 0 0 8470 25070 0 563 0 0.84 0.86 0.82 1 2 160 10 10 1 0 0 0 0 0 1830 3710 5540 72640 72520 145160 6960 930 7890
20230511 09:26:21.701 1 0 7 6 0 0 0 85 8 0 0 9450 32040 0 563 2 0.84 0.86 0.82 2 0 30 0 2 0 0 0 0 0 0 1240 5280 6520 78520 101760 180280 2020 2320 4340
20230511 09:26:21.801 2 0 4 5 0 1 0 88 7 0 0 10650 13670 0 563 0 0.84 0.86 0.82 2 0 40 0 2 0 0 20 0 0 0 2600 1040 3640 170000 114520 284520 4980 12620 17600
20230511 09:26:21.901 3 0 3 4 0 0 0 90 6 0 0 17000 14320 0 563 2 0.84 0.86 0.82 1 1 10 0 1 0 0 0 0 0 0 4240 200 4440 214600 159320 373920 11040 23890 34930
20230511 09:26:22.001 3 0 4 5 0 1 0 87 8 0 0 10840 20140 0 563 1 0.84 0.86 0.82 0 2 90 0 5 0 0 0 0 0 0 5190 510 5700 277840 99440 377280 17150 10390 27540
20230511 09:26:22.101 1 0 4 6 0 0 0 89 5 0 0 36290 7530 0 563 1 0.84 0.86 0.82 2 0 30 10 2 1 0 0 0 0 0 2400 310 2710 136520 303560 440079 8660 72390 81050
20230511 09:26:22.201 2 0 2 4 0 0 0 92 4 0 0 7430 23090 0 563 2 0.84 0.86 0.82 0 2 60 0 4 0 0 0 0 0 0 6600 180 6780 154160 116440 270600 24740 20 24760
20230511 09:26:22.301 3 0 16 3 0 0 0 78 19 0 0 8150 25060 0 563 0 0.84 0.86 0.82 1 1 100 0 6 0 0 0 0 0 0 4250 350 4600 184840 159520 344360 16300 0 16300
20230511 09:26:22.401 2 0 6 7 0 0 0 84 8 0 0 7790 13290 0 563 2 0.84 0.86 0.82 2 0 10 0 1 0 0 0 0 0 0 4050 420 4470 189080 165760 354840 14460 10040 24500
20230511 09:26:22.501 7 0 3 3 0 1 0 86 10 0 0 26290 8630 0 563 2 0.84 0.86 0.82 3 0 0 0 0 0 0 10 0 0 0 5590 120 5710 66480 118120 184600 6620 27550 34170
20230511 09:26:22.601 8 0 8 2 0 1 0 81 17 0 0 6240 18490 0 563 2 0.84 0.86 0.82 0 1 10 0 1 0 0 0 0 0 0 3300 210 3510 62320 104880 167200 12300 50 12350
20230511 09:26:22.701 8 0 14 1 0 0 0 76 23 0 0 4050 12760 0 563 1 0.84 0.86 0.82 2 0 110 0 6 0 0 0 0 0 0 1680 130 1810 32520 69160 101680 6460 50 6510
20230511 09:26:22.801 1 0 2 4 0 0 0 93 3 0 0 1830 1780 0 563 0 0.84 0.86 0.82 0 1 90 0 5 0 0 10 0 0 0 50 220 270 680 143720 144400 90 27950 28040
20230511 09:26:22.901 3 0 1 6 0 0 0 91 4 0 0 1430 2740 0 563 1 0.84 0.86 0.82 2 0 110 0 6 0 0 0 0 0 0 830 30 860 17000 20760 37760 3420 60 3480
20230511 09:26:23.001 4 0 1 6 0 0 0 89 6 0 0 2420 3610 0 563 1 0.84 0.86 0.82 1 1 130 0 8 0 0 20 0 0 0 1300 0 1300 30680 0 30680 6370 0 6370
20230511 09:26:23.101 6 0 2 7 0 1 0 84 9 0 0 8430 5160 0 563 2 0.84 0.86 0.82 2 1 20 0 1 0 0 0 0 0 0 910 170 1080 22000 139160 161160 4590 9380 13970
20230511 09:26:23.201 4 0 3 8 0 0 0 86 6 0 0 2380 4820 0 563 0 0.84 0.86 0.82 2 1 50 0 3 0 0 0 0 0 0 1280 70 1350 31440 33280 64720 6570 0 6570
20230511 09:26:23.301 9 0 16 4 0 0 0 71 25 0 0 5230 15700 280 563 0 0.84 0.86 0.82 0 3 20 0 1 0 0 10 0 0 0 820 100 920 18600 47560 66160 3920 30 3950
20230511 09:26:23.401 2 0 1 7 0 0 0 90 3 0 0 2120 3160 0 563 2 0.84 0.86 0.82 2 0 40 10 2 1 0 0 0 0 0 910 170 1080 32920 71160 104080 3640 2040 5680
20230511 09:26:23.501 9 0 2 2 0 1 0 86 12 0 0 10900 7310 0 563 2 0.84 0.86 0.82 2 0 50 0 3 0 0 0 0 0 0 1910 210 2120 39880 104080 143960 8060 7450 15510
20230511 09:26:23.601 10 0 11 2 0 0 0 77 21 0 0 6850 11810 300 565 2 0.84 0.86 0.82 2 0 80 20 5 2 0 0 0 0 0 1040 230 1270 23720 65120 88840 4890 7080 11970
20230511 09:26:23.701 6 0 13 1 0 0 0 79 19 0 0 6910 10000 0 565 2 0.84 0.86 0.82 2 0 20 0 1 0 0 0 0 0 0 1180 240 1420 28520 179400 207920 6020 34990 41010
20230511 09:26:23.801 10 0 1 1 0 2 0 85 14 0 0 3450 4330 0 565 2 0.84 0.86 0.82 2 0 40 20 12 12 0 10 0 0 0 1640 0 1640 37280 0 37280 7680 0 7680
20230511 09:26:23.901 5 0 3 4 0 0 0 88 8 0 0 7030 9620 0 565 1 0.84 0.86 0.82 1 1 10 0 1 0 0 0 0 0 0 4100 220 4320 96920 131160 228080 20090 4480 24570
20230511 09:26:24.001 6 0 3 4 0 1 0 85 10 0 0 25920 9650 0 565 1 0.84 0.86 0.82 0 2 30 20 2 6 0 10 0 0 0 4310 250 4560 103960 220560 324520 21750 53900 75650
20230511 09:26:24.101 9 0 2 2 0 0 0 87 11 0 0 3640 6290 0 565 2 0.84 0.86 0.82 2 0 60 0 4 0 0 0 0 0 0 2400 0 2400 50240 0 50240 10130 0 10130
20230511 09:26:24.201 9 0 1 2 0 0 0 88 11 0 0 4460 8730 0 565 2 0.84 0.86 0.82 2 0 50 10 3 1 0 0 0 0 0 3190 90 3280 63720 53880 117600 12670 0 12670
20230511 09:26:24.301 7 0 15 2 0 1 0 75 22 0 0 33370 17780 0 565 1 1.01 0.90 0.83 1 1 30 20 2 2 0 0 0 0 0 3210 140 3350 62280 132240 194520 12350 27220 39570
20230511 09:26:24.401 11 0 1 1 0 0 0 87 12 0 0 2420 3300 0 565 3 1.01 0.90 0.83 2 0 10 0 1 0 0 0 0 0 0 1130 30 1160 21520 120 21640 4260 0 4260
20230511 09:26:24.501 11 0 1 1 0 1 0 86 13 0 0 8950 3880 0 565 2 1.01 0.90 0.83 2 1 20 10 2 1 0 10 0 0 0 1370 200 1570 33200 68040 101240 7000 5970 12970
20230511 09:26:24.601 11 0 9 1 0 0 0 80 19 0 0 3690 8580 0 565 6 1.01 0.90 0.83 2 0 20 10 2 1 0 0 0 0 0 720 0 720 17760 0 17760 3650 0 3650
20230511 09:26:24.701 9 0 8 1 0 0 0 82 17 0 0 17380 15140 0 563 1 1.01 0.90 0.83 1 1 20 20 1 2 0 0 0 0 0 1990 520 2510 44960 83560 128520 9250 16170 25420
20230511 09:26:24.801 4 0 4 3 0 0 0 89 8 0 0 19910 13970 0 563 0 1.01 0.90 0.83 0 1 110 0 7 0 0 10 0 0 0 3870 380 4250 74440 184000 258440 14760 19390 34150
20230511 09:26:24.901 7 0 3 2 0 0 0 89 9 0 0 6640 7770 0 563 1 1.01 0.90 0.83 1 1 50 0 3 0 0 0 0 0 0 2070 210 2280 46320 92440 138760 9490 12280 21770
20230511 09:26:25.001 9 0 2 2 0 1 0 86 11 0 0 4840 7940 0 563 1 1.01 0.90 0.83 2 0 100 0 6 0 0 10 0 0 0 3560 70 3630 114960 26400 141360 7610 410 8020
20230511 09:26:25.101 4 0 4 3 0 0 0 89 8 0 0 9660 13440 0 563 1 1.01 0.90 0.83 1 0 20 0 1 0 0 0 0 0 0 3860 250 4110 168600 52680 221280 4120 11750 15870
20230511 09:26:25.201 1 0 6 1 0 0 0 92 7 0 0 3500 7590 0 563 1 1.01 0.90 0.83 2 0 50 0 3 0 0 0 0 0 0 2430 270 2700 67120 229080 296200 9420 55090 64510
20230511 09:26:25.301 2 0 17 5 0 0 0 76 19 0 0 8940 27860 0 563 2 1.01 0.90 0.83 0 2 20 0 1 0 0 20 0 0 0 5390 300 5690 160720 97640 258360 20530 40 20570
20230511 09:26:25.401 3 0 5 4 0 0 0 89 8 0 0 5570 13890 0 563 1 1.01 0.90 0.83 2 1 40 0 2 0 0 0 0 0 0 4190 370 4560 134720 115400 250120 12720 20 12740
20230511 09:26:25.501 6 0 4 2 0 0 0 88 10 0 0 7350 10310 0 563 0 1.01 0.90 0.83 0 2 0 0 0 0 0 0 0 0 0 2550 390 2940 172200 167760 339960 7030 33120 40150
20230511 09:26:25.601 1 0 9 4 0 0 0 85 11 0 0 8510 22600 0 563 1 1.01 0.90 0.83 0 1 10 0 3 0 0 0 0 0 0 4890 590 5480 141000 106920 247920 18310 40 18350
20230511 09:26:25.701 2 0 9 8 0 0 0 82 11 0 0 5770 21150 0 563 0 1.01 0.90 0.83 0 4 210 0 12 0 0 0 0 0 0 2270 720 2990 119200 109760 228960 6400 1750 8150
20230511 09:26:25.801 1 0 2 13 0 0 0 84 2 0 0 5910 3840 0 563 1 1.01 0.90 0.83 0 2 30 0 2 0 0 20 0 0 0 430 470 900 21200 60440 81640 840 9880 10720
20230511 09:26:25.901 3 0 2 8 0 0 0 88 4 0 0 8990 3830 0 563 2 1.01 0.90 0.83 0 2 10 0 1 0 0 0 0 0 0 1060 90 1150 104720 70040 174760 940 16500 17440
20230511 09:26:26.001 1 0 3 9 0 1 0 87 4 0 0 2540 5020 0 563 1 1.01 0.90 0.83 1 1 10 0 1 0 0 0 0 0 0 1470 0 1470 78760 0 78760 5200 0 5200
20230511 09:26:26.101 1 0 2 5 0 0 0 92 3 0 0 1820 4770 0 563 1 1.01 0.90 0.83 0 2 20 0 1 0 0 0 0 0 0 970 230 1200 21400 83040 104440 3830 4040 7870
20230511 09:26:26.201 0 0 1 5 0 0 0 94 1 0 0 1650 4090 0 563 0 1.01 0.90 0.83 2 0 50 0 3 0 0 0 0 0 0 1140 0 1140 20680 0 20680 3990 0 3990
20230511 09:26:26.301 0 0 28 3 0 0 0 69 28 0 0 6120 24900 0 563 1 1.01 0.90 0.83 0 1 10 0 1 0 0 0 0 0 0 2100 510 2610 46320 150000 196320 9520 17360 26880
20230511 09:26:26.401 2 0 5 4 0 0 0 89 7 0 0 4770 14320 0 563 0 1.01 0.90 0.83 2 0 30 0 2 0 0 0 0 0 0 3480 470 3950 159480 154640 314120 10010 1210 11220
20230511 09:26:26.501 0 0 3 4 0 0 0 93 3 0 0 4440 13790 0 563 0 1.01 0.90 0.83 0 2 10 10 1 1 0 0 0 0 0 3110 360 3470 63080 161000 224080 12630 22540 35170
20230511 09:26:26.601 1 0 13 3 0 0 0 82 14 0 0 9930 32170 0 563 2 1.01 0.90 0.83 3 0 30 10 2 1 0 0 0 0 0 1540 5290 6830 36760 321160 357919 5480 26270 31750
20230511 09:26:26.701 2 0 13 3 0 0 0 82 14 0 0 6030 20710 0 563 3 1.01 0.90 0.83 1 1 40 10 2 1 0 0 0 0 0 3660 360 4020 167960 136720 304680 9190 90 9280
20230511 09:26:26.801 0 0 5 6 0 0 0 89 5 0 0 4460 10630 0 563 0 1.01 0.90 0.83 0 3 20 0 1 0 0 20 0 0 0 2090 670 2760 59520 285680 345200 7540 23680 31220
20230511 09:26:26.901 2 0 5 3 0 0 0 90 7 0 0 4770 12950 0 563 1 1.01 0.90 0.83 1 1 20 0 1 0 0 0 0 0 0 3660 180 3840 141360 153600 294960 11280 20 11300
20230511 09:26:27.001 5 0 4 6 0 1 0 85 10 0 0 5340 13080 0 563 1 1.01 0.90 0.83 2 0 50 0 3 0 0 0 0 0 0 3950 220 4170 196640 84800 281440 12900 20 12920
20230511 09:26:27.101 1 0 8 3 0 0 0 88 9 0 0 26200 12550 0 563 1 1.01 0.90 0.83 2 0 0 10 0 1 0 20 0 0 0 2210 630 2840 112160 273600 385759 4980 22480 27460
20230511 09:26:27.201 2 0 8 3 0 1 0 85 12 0 0 4170 10660 0 563 2 1.01 0.90 0.83 2 0 50 0 3 0 0 0 0 0 0 2930 240 3170 147520 121480 269000 8150 70 8220
20230511 09:26:27.301 4 0 17 6 0 0 0 74 21 0 0 17870 25130 0 563 2 1.01 0.90 0.83 2 0 20 0 1 0 0 30 0 0 0 3040 470 3510 197600 107880 305480 8900 14700 23600
20230511 09:26:27.401 2 0 8 2 0 1 0 87 11 0 0 52560 8240 0 563 0 1.01 0.90 0.83 1 0 60 0 4 0 0 0 0 0 0 2900 180 3080 128360 199680 328040 9340 45900 55240
20230511 09:26:27.501 4 0 4 4 0 0 0 89 8 0 0 6550 15930 20 565 2 1.01 0.90 0.83 1 1 30 30 2 2 0 0 0 0 0 4700 190 4890 194920 95840 290760 14590 10 14600
20230511 09:26:27.601 5 0 16 4 0 0 0 75 21 0 0 10040 24150 0 565 2 1.01 0.90 0.83 1 2 50 30 13 13 0 0 0 0 0 6420 200 6620 254200 39040 293240 17760 20 17780
20230511 09:26:27.701 2 0 12 4 0 0 0 82 14 0 0 10990 16050 0 565 0 1.01 0.90 0.83 0 1 60 20 4 6 0 0 0 0 0 2310 280 2590 104160 124360 228520 8480 49850 58330
20230511 09:26:27.801 1 0 1 6 0 0 0 93 1 0 0 1980 1520 0 563 0 1.01 0.90 0.83 1 1 60 70 6 8 0 40 0 0 0 0 110 110 0 120320 120320 70 27250 27320
20230511 09:26:27.901 0 0 1 6 0 0 0 94 1 0 0 1540 2390 0 563 0 1.01 0.90 0.83 1 1 20 0 1 0 0 0 0 0 0 550 70 620 10720 71000 81720 2090 0 2090
20230511 09:26:28.001 0 0 1 5 0 0 0 94 1 0 0 1480 4590 0 563 0 1.01 0.90 0.83 0 1 10 0 1 0 0 0 0 0 0 1110 0 1110 24000 0 24000 4310 0 4310
20230511 09:26:28.101 0 0 3 5 0 0 0 92 3 0 0 1710 4990 0 563 0 1.01 0.90 0.83 1 2 20 0 1 0 0 0 0 0 0 1260 0 1260 41080 0 41080 5320 0 5320
20230511 09:26:28.201 0 0 1 15 0 0 0 84 1 0 0 2190 6030 0 563 0 1.01 0.90 0.83 0 2 50 0 3 0 0 0 0 0 0 800 510 1310 43320 127840 171160 2830 30 2860
20230511 09:26:28.301 3 0 11 9 0 0 0 77 14 0 0 5170 15410 0 563 0 1.01 0.90 0.83 2 1 10 0 1 0 0 0 0 0 0 1780 10 1790 84440 8960 93400 6110 0 6110
20230511 09:26:28.401 2 0 5 6 0 0 0 86 8 0 0 4830 11280 0 563 0 1.01 0.90 0.83 2 1 20 0 1 0 0 0 0 0 0 3170 300 3470 149760 159880 309640 11860 20 11880
20230511 09:26:28.501 1 0 6 5 0 0 0 88 7 0 0 4890 12630 0 563 0 1.01 0.90 0.83 0 2 10 0 1 0 0 0 0 0 0 3620 270 3890 112800 186000 298800 10270 3390 13660
20230511 09:26:28.601 1 0 11 3 0 0 0 85 12 0 0 6780 20840 0 563 1 1.01 0.90 0.83 1 0 10 0 1 0 0 0 0 0 0 3550 310 3860 79800 142880 222680 13620 7350 20970
20230511 09:26:28.701 1 0 15 5 0 0 0 79 16 0 0 31970 12660 0 563 0 1.01 0.90 0.83 0 2 40 0 2 0 0 0 0 0 0 1810 390 2200 75760 314000 389760 6650 59570 66220
20230511 09:26:28.801 3 0 1 6 0 0 0 89 4 0 0 7800 19260 0 563 1 1.01 0.90 0.83 2 0 20 0 1 0 0 10 0 0 0 5920 200 6120 242320 109800 352119 22350 0 22350
20230511 09:26:28.901 3 0 6 5 0 0 0 86 9 0 0 3770 9500 0 563 2 1.01 0.90 0.83 2 0 60 0 4 0 0 0 0 0 0 2480 220 2700 156240 142080 298320 7440 40 7480
20230511 09:26:29.001 3 0 7 4 0 1 0 85 11 0 0 3780 9660 0 563 2 1.01 0.90 0.83 2 0 20 0 1 0 0 0 0 0 0 2460 200 2660 144520 144400 288920 8560 50 8610
20230511 09:26:29.101 3 0 7 4 0 0 0 85 10 0 0 5800 14290 0 563 2 1.01 0.90 0.83 2 0 0 0 0 0 0 20 0 0 0 3920 360 4280 172440 93880 266320 12930 2490 15420
20230511 09:26:29.201 4 0 3 4 0 0 0 89 7 0 0 19860 12820 0 563 2 1.01 0.90 0.83 1 1 60 0 4 0 0 0 0 0 0 5220 510 5730 121520 77960 199480 15210 17720 32930
20230511 09:26:29.301 5 0 16 4 0 0 0 76 21 0 0 25740 49440 0 563 0 1.09 0.92 0.84 1 1 30 0 2 0 0 20 0 0 0 4510 9490 14000 45960 94360 140320 6950 14100 21050
20230511 09:26:29.401 6 0 4 1 0 0 0 89 11 0 0 49820 9560 0 563 2 1.09 0.92 0.84 2 0 60 0 4 0 0 0 0 0 0 300 1800 2100 7040 195840 202880 1460 49040 50500
20230511 09:26:29.501 11 0 1 1 0 0 0 87 12 0 0 5410 2060 0 563 2 1.09 0.92 0.84 2 0 20 0 1 0 0 0 0 0 0 860 20 880 18440 17920 36360 3750 1400 5150
20230511 09:26:29.601 11 0 11 1 0 0 0 77 22 0 0 5140 12490 0 563 1 1.09 0.92 0.84 2 0 20 10 1 1 0 0 0 0 0 2140 0 2140 35240 0 35240 6670 0 6670
20230511 09:26:29.701 9 0 8 2 0 0 0 81 18 0 0 4520 12200 0 563 1 1.09 0.92 0.84 1 2 140 0 8 0 0 0 0 0 0 2330 50 2380 42240 63000 105240 8230 10 8240
20230511 09:26:29.801 7 0 2 3 0 1 0 87 10 0 0 22100 8630 0 563 2 1.09 0.92 0.84 2 0 20 0 1 0 0 10 0 0 0 3390 430 3820 75560 203240 278800 15500 40030 55530
20230511 09:26:29.901 9 0 2 2 0 0 0 86 12 0 0 19170 5280 0 563 1 1.09 0.92 0.84 1 1 30 0 2 0 0 0 0 0 0 2470 110 2580 62040 126080 188120 11250 28090 39340
20230511 09:26:30.001 9 0 1 1 0 2 0 86 12 0 0 3900 5930 0 563 2 1.09 0.92 0.84 2 0 30 10 2 1 0 0 0 0 0 2720 0 2720 56680 0 56680 11380 0 11380
20230511 09:26:30.101 11 0 1 1 0 1 0 86 13 0 0 2320 3060 0 563 2 1.09 0.92 0.84 2 0 20 0 1 0 0 10 0 0 0 1230 0 1230 27360 0 27360 5610 0 5610
20230511 09:26:30.201 10 0 1 1 0 0 0 88 11 0 0 3080 5870 0 563 2 1.09 0.92 0.84 1 1 30 0 2 0 0 0 0 0 0 2160 0 2160 36800 0 36800 7040 0 7040
20230511 09:26:30.301 4 0 12 6 0 0 0 78 16 0 0 5200 15370 0 563 0 1.09 0.92 0.84 0 2 10 0 1 0 0 10 0 0 0 2100 50 2150 33800 48640 82440 6420 10 6430
20230511 09:26:30.401 1 0 1 8 0 0 0 89 2 0 0 1160 2780 0 563 0 1.09 0.92 0.84 0 1 40 0 2 0 0 0 0 0 0 690 140 830 15520 54840 70360 3190 20 3210
20230511 09:26:30.501 4 0 2 6 0 0 0 88 6 0 0 2230 4180 0 563 1 1.09 0.92 0.84 2 0 20 0 1 0 0 0 0 0 0 1480 0 1480 29320 0 29320 5850 0 5850
20230511 09:26:30.601 4 0 14 6 0 0 0 77 18 0 0 7250 10150 0 563 1 1.09 0.92 0.84 1 2 10 0 1 0 0 10 0 0 0 1840 60 1900 23400 28280 51680 3940 3210 7150
20230511 09:26:30.701 4 0 7 8 0 0 0 81 11 0 0 17010 7520 0 563 0 1.09 0.92 0.84 0 3 130 0 8 0 0 0 0 0 0 750 170 920 14720 80920 95640 3070 15750 18820
20230511 09:26:30.801 1 0 1 16 0 0 0 83 1 0 0 1290 690 0 563 0 1.09 0.92 0.84 0 3 20 0 1 0 0 30 0 0 0 20 0 20 640 0 640 100 0 100
20230511 09:26:30.901 1 0 0 19 0 0 0 81 1 0 0 260 240 0 563 0 1.09 0.92 0.84 0 3 10 0 1 0 0 0 0 0 0 0 0 0 0 0 0 0 0 0
20230511 09:26:31.001 1 0 1 17 0 0 0 81 2 0 0 740 1340 0 563 0 1.09 0.92 0.84 2 2 10 0 1 0 0 0 0 0 0 410 10 420 10040 40 10080 2070 0 2070
20230511 09:26:31.101 4 0 2 7 0 1 0 86 7 0 0 3250 6860 0 563 1 1.09 0.92 0.84 0 2 30 0 2 0 0 10 0 0 0 2240 0 2240 45080 0 45080 8990 0 8990
20230511 09:26:31.201 7 0 1 6 0 0 0 86 8 0 0 14470 3790 0 563 2 1.09 0.92 0.84 1 2 40 10 2 1 0 0 0 0 0 1470 150 1620 26080 57640 83720 5020 13170 18190
20230511 09:26:31.301 6 0 11 4 0 0 0 79 17 0 0 23990 13630 0 563 2 1.09 0.92 0.84 0 2 40 0 2 0 0 0 0 0 0 960 180 1140 17600 78880 96480 3540 18720 22260
20230511 09:26:31.401 5 0 2 5 0 0 0 88 7 0 0 2250 5260 0 563 1 1.09 0.92 0.84 2 0 20 0 1 0 0 20 0 0 0 1610 0 1610 29520 0 29520 5670 0 5670
20230511 09:26:31.501 6 0 1 4 0 0 0 89 7 0 0 2600 5840 0 563 2 1.09 0.92 0.84 1 1 30 20 2 2 0 0 0 0 0 1600 190 1790 29520 97080 126600 5780 5210 10990
20230511 09:26:31.601 9 0 8 1 0 2 0 80 19 0 0 4970 11740 0 563 0 1.09 0.92 0.84 2 0 40 10 3 1 0 0 0 0 0 1300 340 1640 30440 63560 94000 6310 10 6320
20230511 09:26:31.701 7 0 10 2 0 1 0 81 18 0 0 9050 14950 0 563 2 1.09 0.92 0.84 2 0 40 0 2 0 0 0 0 0 0 2270 340 2610 43080 191720 234800 8500 17940 26440
20230511 09:26:31.801 11 0 1 1 0 0 0 87 12 0 0 2780 3250 0 563 1 1.09 0.92 0.84 2 0 20 0 1 0 0 0 0 0 0 880 170 1050 15800 64400 80200 3100 0 3100
20230511 09:26:31.901 6 0 3 3 0 0 0 88 9 0 0 14750 6940 0 563 1 1.09 0.92 0.84 2 1 30 0 2 0 0 10 0 0 0 1910 200 2110 36160 123480 159640 7170 14920 22090
20230511 09:26:32.001 8 0 2 1 0 1 0 87 12 0 0 8580 8450 0 563 2 1.09 0.92 0.84 3 0 20 0 1 0 0 0 0 0 0 2630 100 2730 48880 60800 109680 9520 4780 14300
20230511 09:26:32.101 10 0 2 1 0 1 0 86 12 0 0 2580 5210 0 563 2 1.09 0.92 0.84 2 0 20 10 1 1 0 0 0 0 0 1220 120 1340 26680 69560 96240 5450 3480 8930
20230511 09:26:32.201 9 0 4 0 0 0 0 87 13 0 0 11930 3260 0 563 2 1.09 0.92 0.84 3 0 40 0 2 0 0 0 0 0 0 920 160 1080 16840 83760 100600 3290 11200 14490
20230511 09:26:32.301 7 0 19 2 0 0 0 72 27 0 0 10820 18090 0 563 1 1.09 0.92 0.84 0 1 0 0 0 0 0 0 0 0 0 2500 110 2610 44280 61760 106040 8560 3610 12170
20230511 09:26:32.401 8 0 3 1 0 0 0 88 11 0 0 9710 6410 0 563 2 1.09 0.92 0.84 2 0 140 0 8 0 0 0 0 0 0 2050 190 2240 42720 88000 130720 8640 10900 19540
20230511 09:26:32.501 9 0 2 1 0 0 0 88 11 0 0 1290 1030 0 563 2 1.09 0.92 0.84 2 0 10 0 1 0 0 0 0 0 0 150 130 280 3000 67640 70640 600 11550 12150
20230511 09:26:32.601 6 0 8 3 0 0 0 84 14 0 0 12500 16850 0 563 2 1.09 0.92 0.84 1 0 10 0 1 0 0 10 0 0 0 3130 570 3700 65680 213160 278840 13360 13570 26930
20230511 09:26:32.701 7 0 7 2 0 1 0 83 15 0 0 14960 14970 0 563 2 1.09 0.92 0.84 2 0 10 0 1 0 0 0 0 0 0 2420 430 2850 57200 143400 200600 11810 18150 29960
20230511 09:26:32.801 12 0 0 0 0 1 0 87 13 0 0 2140 1050 0 563 2 1.09 0.92 0.84 2 0 170 0 10 0 0 0 0 0 0 190 0 190 5360 0 5360 1150 0 1150
20230511 09:26:32.901 11 0 1 0 0 0 0 87 13 0 0 1600 1570 0 563 2 1.09 0.92 0.84 2 0 10 0 1 0 0 0 0 0 0 550 0 550 13080 0 13080 2720 0 2720
20230511 09:26:33.001 8 0 2 3 0 0 0 87 10 0 0 9290 6980 0 563 0 1.09 0.92 0.84 2 0 20 0 1 0 0 0 0 0 0 1730 620 2350 34240 133480 167720 6830 5870 12700
20230511 09:26:33.101 8 0 4 1 0 0 0 88 11 0 0 19520 7910 0 563 2 1.09 0.92 0.84 2 0 20 0 1 0 0 20 0 0 0 1430 450 1880 29080 160960 190040 5840 16330 22170
20230511 09:26:33.201 11 0 1 1 0 0 0 87 12 0 0 2820 7290 0 563 2 1.09 0.92 0.84 2 0 100 0 6 0 0 0 0 0 0 1410 310 1720 30200 78680 108880 6140 0 6140
20230511 09:26:33.301 12 0 27 0 0 0 0 61 39 0 0 3860 16240 0 563 2 1.09 0.92 0.84 2 0 30 0 2 0 0 0 0 0 0 10 0 10 320 0 320 70 0 70
20230511 09:26:33.401 6 0 5 1 0 0 0 88 11 0 0 18230 7890 0 563 3 1.09 0.92 0.84 2 0 10 0 1 0 0 0 0 0 0 2550 350 2900 50120 110520 160640 9980 14410 24390
20230511 09:26:33.501 7 0 4 2 0 0 0 86 12 0 0 37900 6690 0 563 2 1.09 0.92 0.84 2 0 40 0 2 0 0 0 0 0 0 2000 480 2480 43520 238160 281680 8880 37930 46810
20230511 09:26:33.601 9 0 9 1 0 0 0 81 18 0 0 68410 15010 0 563 2 1.09 0.92 0.84 2 0 60 0 4 0 0 0 0 0 0 2560 210 2770 51680 241400 293080 10360 58310 68670
20230511 09:26:33.701 10 0 7 2 0 1 0 81 18 0 0 5070 14500 0 563 2 1.09 0.92 0.84 2 0 20 0 1 0 0 0 0 0 0 3050 0 3050 53080 0 53080 10220 0 10220
20230511 09:26:33.801 9 0 0 4 0 1 0 87 9 0 0 7680 11770 0 563 1 1.09 0.92 0.84 1 1 20 0 1 0 0 0 0 0 0 5960 0 5960 140640 0 140640 19980 0 19980
20230511 09:26:33.901 1 0 4 4 0 0 0 91 6 0 0 5850 15330 0 563 2 1.09 0.92 0.84 1 1 50 0 3 0 0 10 0 0 0 4760 360 5120 94040 128640 222680 14930 20 14950
20230511 09:26:34.001 4 0 4 4 0 1 0 88 9 0 0 4450 11510 0 563 2 1.09 0.92 0.84 2 0 10 0 1 0 0 0 0 0 0 3200 400 3600 82840 163920 246760 11960 30 11990
20230511 09:26:34.101 6 0 4 2 0 1 0 88 10 0 0 3470 8050 0 563 2 1.09 0.92 0.84 2 0 30 0 2 0 0 0 0 0 0 2200 190 2390 81720 98080 179800 7660 30 7690
20230511 09:26:34.201 9 0 3 1 0 0 0 87 12 0 0 1830 3340 0 563 2 1.09 0.92 0.84 2 0 20 0 1 0 0 0 0 0 0 840 0 840 87120 0 87120 1100 0 1100
20230511 09:26:34.301 7 0 13 2 0 0 0 78 20 0 0 37990 19920 0 563 2 1.16 0.93 0.84 2 1 20 0 1 0 0 0 0 0 0 2650 220 2870 97040 132440 229480 9210 31240 40450
20230511 09:26:34.401 4 0 4 4 0 0 0 88 8 0 0 5660 14680 0 563 1 1.16 0.93 0.84 0 1 130 0 8 0 0 0 0 0 0 4160 500 4660 109960 188640 298600 15030 10 15040
20230511 09:26:34.501 4 0 4 2 0 0 0 91 8 0 0 7660 9460 0 563 2 1.16 0.93 0.84 1 1 40 0 2 0 0 0 0 0 0 2340 300 2640 105360 207400 312760 8120 47620 55740
20230511 09:26:34.601 7 0 11 2 0 0 0 80 19 0 0 5130 13120 0 563 0 1.16 0.93 0.84 2 0 30 10 2 1 0 0 0 0 0 2200 200 2400 142720 24880 167600 6510 0 6510
20230511 09:26:34.701 1 0 10 3 0 0 0 86 11 0 0 6260 20850 0 563 0 1.16 0.93 0.84 0 1 20 0 1 0 0 0 0 0 0 4000 430 4430 79920 202960 282880 16030 10210 26240
20230511 09:26:34.801 3 0 3 3 0 0 0 91 6 0 0 6570 14310 0 563 2 1.16 0.93 0.84 2 0 160 0 9 0 0 0 0 0 0 4370 380 4750 103680 151560 255240 15970 15090 31060
20230511 09:26:34.901 9 0 1 1 0 0 0 88 11 0 0 3110 4670 0 563 2 1.16 0.93 0.84 2 0 10 0 1 0 0 10 0 0 0 2040 0 2040 49680 0 49680 10310 0 10310
20230511 09:26:35.001 7 0 4 1 0 0 0 87 12 0 0 26270 5090 0 563 2 1.16 0.93 0.84 3 0 30 0 2 0 0 0 0 0 0 1510 340 1850 32520 175760 208280 6620 23220 29840
20230511 09:26:35.101 9 0 3 1 0 0 0 87 12 0 0 3100 7810 0 563 2 1.16 0.93 0.84 3 0 10 0 1 0 0 10 0 0 0 1810 200 2010 39520 88160 127680 8070 0 8070
20230511 09:26:35.201 9 0 2 1 0 1 0 87 12 0 0 5560 2490 0 563 2 1.16 0.93 0.84 2 0 50 0 3 0 0 0 0 0 0 860 160 1020 10280 52000 62280 1710 4630 6340
20230511 09:26:35.301 12 0 13 0 0 1 0 74 26 0 0 3940 14170 0 563 2 1.16 0.93 0.84 2 0 40 0 2 0 0 0 0 0 0 310 0 310 5240 0 5240 1000 0 1000
20230511 09:26:35.401 9 0 2 2 0 0 0 88 11 0 0 7070 6400 0 563 2 1.16 0.93 0.84 2 0 20 0 1 0 0 30 0 0 0 1730 670 2400 37960 125360 163320 7760 5780 13540
20230511 09:26:35.501 4 0 6 1 0 0 0 89 9 0 0 4280 8720 0 563 2 1.16 0.93 0.84 1 1 30 0 2 0 0 0 0 0 0 2310 740 3050 48600 218360 266960 9840 11810 21650
20230511 09:26:35.601 7 0 13 3 0 0 0 78 20 0 0 14100 17210 0 563 2 1.16 0.93 0.84 2 0 50 0 3 0 0 10 0 0 0 3100 580 3680 96040 118640 214680 8820 7430 16250
20230511 09:26:35.701 7 0 10 6 0 0 0 77 17 0 0 2860 10800 0 563 0 1.16 0.93 0.84 0 3 90 0 5 0 0 0 0 0 0 670 130 800 52360 22680 75040 710 230 940
20230511 09:26:35.801 1 0 0 16 0 0 0 83 1 0 0 1530 730 0 563 0 1.16 0.93 0.84 0 3 20 0 1 0 0 0 0 0 0 20 40 60 1600 3800 5400 20 0 20
20230511 09:26:35.901 0 0 0 19 0 0 0 81 0 0 0 190 200 0 563 0 1.16 0.93 0.84 0 3 10 0 1 0 0 20 0 0 0 0 0 0 0 0 0 0 0 0
20230511 09:26:36.001 0 0 1 19 0 0 0 81 1 0 0 290 540 0 563 0 1.16 0.93 0.84 0 3 40 0 2 0 0 0 0 0 0 0 0 0 0 0 0 0 0 0
20230511 09:26:36.101 4 0 1 9 0 0 0 87 4 0 0 2580 4740 0 563 0 1.16 0.93 0.84 0 2 30 0 2 0 0 0 0 0 0 1150 250 1400 36760 13200 49960 4060 2170 6230
20230511 09:26:36.201 1 0 1 10 0 0 0 88 2 0 0 4710 2330 0 563 0 1.16 0.93 0.84 0 2 110 0 6 0 0 0 0 0 0 260 340 600 16680 72160 88840 740 20810 21550
20230511 09:26:36.301 2 0 7 9 0 1 0 81 10 0 0 4870 12840 0 563 0 1.16 0.93 0.84 0 2 20 0 1 0 0 0 0 0 0 660 90 750 27280 83840 111120 2440 20870 23310
20230511 09:26:36.401 0 0 2 11 0 0 0 88 2 0 0 3760 3510 0 563 0 1.16 0.93 0.84 0 2 140 0 8 0 0 0 0 0 0 1010 70 1080 28160 84480 112640 3580 21050 24630
20230511 09:26:36.501 1 0 2 8 0 0 0 89 3 0 0 8880 6430 0 563 0 1.16 0.93 0.84 1 1 50 20 3 2 0 0 0 0 0 2410 130 2540 47280 151240 198520 6090 34490 40580
20230511 09:26:36.601 1 0 12 16 0 0 0 72 12 0 0 3320 7750 0 563 0 1.16 0.93 0.84 0 3 30 10 2 1 0 0 0 0 0 390 40 430 7560 800 8360 1180 160 1340
20230511 09:26:36.701 2 0 7 7 0 0 0 84 9 0 0 4190 15490 0 563 1 1.16 0.93 0.84 0 2 30 0 2 0 0 0 0 0 0 2710 10 2720 55000 40 55040 9450 0 9450
20230511 09:26:36.801 5 0 1 6 0 0 0 88 6 0 0 5650 11780 0 563 0 1.16 0.93 0.84 2 0 40 0 2 0 0 0 0 0 0 4070 0 4070 106840 0 106840 15150 0 15150
20230511 09:26:36.901 4 0 4 4 0 0 0 88 8 0 0 5510 14710 0 563 1 1.16 0.93 0.84 1 1 10 0 1 0 0 10 0 0 0 3700 730 4430 115120 160280 275400 13900 160 14060
20230511 09:26:37.001 7 0 4 2 0 0 0 87 11 0 0 4020 9790 0 563 2 1.16 0.93 0.84 2 0 30 0 2 0 0 0 0 0 0 2630 350 2980 93240 108480 201720 8660 20 8680
20230511 09:26:37.101 8 0 4 2 0 0 0 86 12 0 0 3540 8180 0 563 2 1.16 0.93 0.84 2 0 20 10 1 1 0 10 0 0 0 2000 200 2200 110840 61960 172800 6420 0 6420
20230511 09:26:37.201 10 0 2 2 0 0 0 86 12 0 0 2930 6030 0 563 2 1.16 0.93 0.84 2 0 20 0 1 0 0 0 0 0 0 1770 60 1830 117560 6680 124240 5300 0 5300
20230511 09:26:37.301 5 0 14 2 0 0 0 79 19 0 0 5990 18550 0 563 1 1.16 0.93 0.84 1 0 40 0 2 0 0 0 0 0 0 2160 260 2420 69880 114640 184520 8490 17190 25680
20230511 09:26:37.401 1 0 3 3 0 0 0 93 4 0 0 4640 11950 0 563 1 1.16 0.93 0.84 1 1 30 0 2 0 0 10 0 0 0 3700 150 3850 92000 149240 241240 15030 35310 50340
20230511 09:26:37.501 2 0 4 4 0 0 0 90 6 0 0 5150 14960 0 563 2 1.16 0.93 0.84 1 3 20 0 1 0 0 0 0 0 0 3720 410 4130 113520 213960 327480 14430 170 14600
20230511 09:26:37.601 5 0 14 4 0 0 0 77 19 0 0 9980 18950 0 563 2 1.16 0.93 0.84 2 0 170 0 10 0 0 0 0 0 0 2340 1400 3740 106840 165600 272440 7050 8450 15500
20230511 09:26:37.701 5 0 9 3 0 0 0 83 15 0 0 54650 15470 0 563 1 1.16 0.93 0.84 1 1 110 0 6 0 0 0 0 0 0 2250 640 2890 77080 388240 465320 8030 65300 73330
20230511 09:26:37.801 3 0 1 4 0 0 0 91 4 0 0 8330 21020 0 563 0 1.16 0.93 0.84 0 2 20 0 1 0 0 0 0 0 0 6250 240 6490 127760 53640 181400 19490 50 19540
20230511 09:26:37.901 5 0 3 4 0 0 0 88 8 0 0 3760 10080 0 563 2 1.16 0.93 0.84 2 0 10 0 1 0 0 0 0 0 0 2310 590 2900 66600 123720 190320 5600 30 5630
20230511 09:26:38.001 11 0 2 1 0 0 0 86 14 0 0 2130 2600 0 563 2 1.16 0.93 0.84 3 0 30 0 2 0 0 0 0 0 0 760 240 1000 26480 92680 119160 3260 20 3280
20230511 09:26:38.101 11 0 1 0 0 0 0 88 12 0 0 1440 1350 0 563 2 1.16 0.93 0.84 2 0 10 0 1 0 0 0 0 0 0 390 0 390 4000 0 4000 610 0 610
20230511 09:26:38.201 8 0 3 1 0 0 0 88 11 0 0 3360 7060 0 563 2 1.16 0.93 0.84 4 0 10 0 1 0 0 10 0 0 0 1930 500 2430 38360 128000 166360 7660 10 7670
20230511 09:26:38.301 10 0 8 4 0 0 0 78 18 0 0 6940 20660 300 563 1 1.16 0.93 0.84 1 1 50 0 3 0 0 0 0 0 0 2340 640 2980 53800 128120 181920 11110 1070 12180
20230511 09:26:38.401 6 0 2 6 0 0 0 86 9 0 0 6910 3740 0 563 1 1.16 0.93 0.84 2 0 40 0 2 0 0 0 0 0 0 1170 290 1460 24000 70840 94840 4860 4600 9460
20230511 09:26:38.501 3 0 2 5 0 0 0 90 5 0 0 5290 3520 0 563 2 1.16 0.93 0.84 1 1 30 0 2 0 0 0 0 0 0 1140 140 1280 23560 56240 79800 4840 9790 14630
20230511 09:26:38.601 6 0 12 6 0 0 0 76 18 0 0 6560 10910 300 563 1 1.16 0.93 0.84 2 0 20 0 1 0 0 0 0 0 0 1080 270 1350 26360 44160 70520 4840 2360 7200
20230511 09:26:38.701 6 0 11 3 0 0 0 81 17 0 0 2900 7590 0 563 0 1.16 0.93 0.84 0 1 40 0 2 0 0 10 0 0 0 540 270 810 12400 99880 112280 2630 21410 24040
20230511 09:26:38.801 1 0 1 7 0 0 0 91 2 0 0 2600 3350 0 563 1 1.16 0.93 0.84 1 1 30 0 2 0 0 0 0 0 0 900 20 920 19040 24240 43280 3820 0 3820
20230511 09:26:38.901 6 0 2 5 0 0 0 87 8 0 0 6960 3610 0 563 2 1.16 0.93 0.84 2 0 0 0 0 0 0 10 0 0 0 930 110 1040 21880 68560 90440 4580 5060 9640
20230511 09:26:39.001 10 0 1 1 0 1 0 87 12 0 0 2180 3390 0 563 1 1.16 0.93 0.84 3 0 30 0 2 0 0 0 0 0 0 1180 0 1180 23280 0 23280 4570 0 4570
20230511 09:26:39.101 9 0 2 2 0 1 0 86 12 0 0 3100 8020 0 563 2 1.16 0.93 0.84 2 0 20 0 1 0 0 0 0 0 0 1810 160 1970 39560 87440 127000 8080 7110 15190
20230511 09:26:39.201 5 0 3 3 0 0 0 89 8 0 0 11260 9550 0 563 1 1.16 0.93 0.84 2 0 20 0 1 0 0 10 0 0 0 2250 560 2810 53360 184640 238000 11090 18260 29350
20230511 09:26:39.301 7 0 13 3 0 0 0 77 20 0 0 10140 21130 0 563 0 1.31 0.97 0.86 1 1 10 0 1 0 0 0 0 0 0 3170 810 3980 59240 89920 149160 11740 7300 19040
20230511 09:26:39.401 11 0 2 1 0 0 0 87 12 0 0 5720 4180 0 563 2 1.31 0.97 0.86 2 0 130 0 8 0 0 20 0 0 0 1580 100 1680 36120 10440 46560 7350 2510 9860
20230511 09:26:39.501 8 0 2 1 0 0 0 88 11 0 0 29930 15410 0 563 1 1.31 0.97 0.86 1 1 30 0 2 0 0 0 0 0 0 1050 3770 4820 26840 122440 149280 5660 28630 34290
20230511 09:26:39.601 8 0 10 1 0 0 0 81 18 0 0 70610 9330 0 563 2 1.31 0.97 0.86 3 0 120 0 7 0 0 0 0 0 0 860 250 1110 15800 299440 315240 3120 71890 75010
20230511 09:26:39.701 9 0 12 2 0 0 0 77 21 0 0 4670 12560 0 563 2 1.31 0.97 0.86 0 2 30 0 2 0 0 10 0 0 0 2680 0 2680 59480 0 59480 12160 0 12160
20230511 09:26:39.801 6 0 1 4 0 1 0 88 8 0 0 8480 18590 0 563 0 1.31 0.97 0.86 0 2 20 0 1 0 0 0 0 0 0 6660 0 6660 142200 0 142200 28950 0 28950
20230511 09:26:39.901 7 0 1 4 0 0 0 88 8 0 0 4770 9150 0 563 2 1.31 0.97 0.86 1 1 80 0 5 0 0 10 0 0 0 3310 390 3700 71160 123680 194840 14420 120 14540
20230511 09:26:40.001 6 0 4 4 0 1 0 86 10 0 0 5400 11480 0 563 1 1.31 0.97 0.86 3 1 10 0 1 0 0 0 0 0 0 4270 200 4470 166080 36960 203040 9410 30 9440
20230511 09:26:40.101 4 0 5 4 0 0 0 87 9 0 0 17010 16320 0 563 2 1.31 0.97 0.86 2 0 0 0 0 0 0 0 0 0 0 5200 370 5570 205160 74080 279240 12930 10560 23490
20230511 09:26:40.201 3 0 6 3 0 0 0 89 9 0 0 37670 11130 0 563 2 1.31 0.97 0.86 2 0 10 0 1 0 0 0 0 0 0 2440 720 3160 180200 155240 335440 4790 36310 41100
20230511 09:26:40.301 4 0 16 4 0 0 0 76 20 0 0 51500 24930 0 563 1 1.31 0.97 0.86 2 1 110 0 6 0 0 0 0 0 0 4380 240 4620 145880 230680 376559 12950 50120 63070
20230511 09:26:40.401 3 0 3 4 0 0 0 90 6 0 0 6190 15370 0 563 2 1.31 0.97 0.86 0 1 180 0 11 0 0 20 0 0 0 4630 270 4900 221760 40000 261760 13870 10 13880
20230511 09:26:40.501 2 0 4 5 0 0 0 89 6 0 0 5560 15230 0 563 2 1.31 0.97 0.86 1 0 20 0 1 0 0 0 0 0 0 4500 350 4850 141120 103640 244760 16870 110 16980
20230511 09:26:40.601 2 0 16 4 0 1 0 78 18 0 0 7430 20830 0 563 0 1.31 0.97 0.86 2 0 50 0 3 0 0 0 0 0 0 3910 500 4410 153720 102480 256200 15280 120 15400
20230511 09:26:40.701 2 0 15 3 0 0 0 80 17 0 0 5470 16070 0 563 2 1.31 0.97 0.86 0 2 30 0 2 0 0 10 0 0 0 1560 570 2130 50240 161520 211760 5680 29950 35630
20230511 09:26:40.801 1 0 1 6 0 0 0 93 1 0 0 1670 2910 0 563 0 1.31 0.97 0.86 0 1 30 0 2 0 0 0 0 0 0 0 100 100 0 73040 73040 0 37300 37300
20230511 09:26:40.901 1 0 1 7 0 1 0 90 2 0 0 1120 2490 0 563 0 1.31 0.97 0.86 0 2 0 0 0 0 0 10 0 0 0 720 70 790 34720 76840 111560 2450 0 2450
20230511 09:26:41.001 3 0 1 8 0 0 0 89 3 0 0 2650 5350 0 563 1 1.31 0.97 0.86 1 1 40 0 2 0 0 0 0 0 0 1790 0 1790 110520 0 110520 4690 0 4690
20230511 09:26:41.101 0 0 1 6 0 0 0 93 1 0 0 2160 7460 0 563 0 1.31 0.97 0.86 1 1 10 0 1 0 0 0 0 0 0 1240 360 1600 23840 44600 68440 4730 110 4840
20230511 09:26:41.201 0 0 2 4 0 0 0 93 2 0 0 1400 4240 0 563 0 1.31 0.97 0.86 1 0 30 0 2 0 0 20 0 0 0 1040 0 1040 22240 0 22240 4540 0 4540
20230511 09:26:41.301 1 0 10 6 0 0 0 82 11 0 0 4560 16310 0 563 0 1.31 0.97 0.86 0 2 10 0 1 0 0 0 0 0 0 1020 100 1120 22480 44120 66600 4640 1320 5960
20230511 09:26:41.401 0 0 2 13 0 0 0 86 2 0 0 2320 5680 0 563 0 1.31 0.97 0.86 0 2 60 0 4 0 0 10 0 0 0 1290 220 1510 26360 85680 112040 4950 20 4970
20230511 09:26:41.501 1 0 4 4 0 0 0 91 5 0 0 5530 15470 0 563 1 1.31 0.97 0.86 3 0 120 20 8 2 0 0 0 0 0 4060 480 4540 147800 106800 254600 12400 60 12460
20230511 09:26:41.601 2 0 8 11 0 0 0 79 9 0 0 3080 8240 0 563 0 1.31 0.97 0.86 1 0 40 10 3 1 0 0 0 0 0 400 30 430 41400 880 42280 340 190 530
20230511 09:26:41.701 1 0 10 4 0 0 0 85 11 0 0 2810 9950 0 563 0 1.31 0.97 0.86 0 1 70 10 4 1 0 0 0 0 0 270 510 780 4040 184200 188240 740 43390 44130
20230511 09:26:41.801 1 0 1 5 0 0 0 93 2 0 0 3010 6030 0 563 1 1.31 0.97 0.86 0 1 40 0 2 0 0 0 0 0 0 1520 100 1620 24120 113240 137360 4540 25020 29560
20230511 09:26:41.901 1 0 1 5 0 0 0 93 2 0 0 3300 7340 20 565 0 1.31 0.97 0.86 0 1 120 20 7 2 0 10 0 0 0 1960 0 1960 34760 0 34760 6750 0 6750
20230511 09:26:42.001 0 0 2 5 0 0 0 93 2 0 0 2490 7870 0 565 0 1.31 0.97 0.86 0 1 0 0 0 0 0 0 0 0 0 1950 0 1950 36600 0 36600 7180 0 7180
20230511 09:26:42.101 1 0 5 4 0 0 0 90 6 0 0 3430 12250 0 565 0 1.31 0.97 0.86 1 1 20 20 11 12 0 0 0 0 0 2210 600 2810 73440 345400 418839 7480 280 7760
20230511 09:26:42.201 1 0 5 4 0 0 0 89 6 0 0 5660 16390 0 565 0 1.31 0.97 0.86 0 2 10 10 1 1 0 20 0 0 0 4150 370 4520 149800 129240 279040 10710 100 10810
20230511 09:26:42.301 1 0 11 6 0 0 0 82 13 0 0 7150 25120 0 565 1 1.31 0.97 0.86 2 0 120 0 7 0 0 0 0 0 0 3450 470 3920 107040 205000 312040 10850 330 11180
20230511 09:26:42.401 4 0 6 3 0 1 0 86 11 0 0 4700 11040 0 565 2 1.31 0.97 0.86 2 0 150 20 9 6 0 0 0 0 0 2640 430 3070 161240 176560 337800 5740 290 6030
20230511 09:26:42.501 3 0 6 5 0 1 0 86 9 0 0 10030 15580 0 565 0 1.31 0.97 0.86 2 1 20 0 1 0 0 0 0 0 0 2850 1440 4290 169600 116120 285720 7310 10910 18220
20230511 09:26:42.601 3 0 9 6 0 0 0 82 12 0 0 19930 18530 0 565 2 1.31 0.97 0.86 0 2 110 10 7 1 0 0 0 0 0 3500 630 4130 150160 306160 456319 12980 24810 37790
20230511 09:26:42.701 4 0 14 3 0 0 0 79 18 0 0 22650 16060 0 565 0 1.31 0.97 0.86 0 1 110 0 6 0 0 10 0 0 0 2450 290 2740 137000 141760 278760 8220 29660 37880
20230511 09:26:42.801 0 0 1 5 0 0 0 94 1 0 0 1910 750 0 565 0 1.31 0.97 0.86 0 1 20 30 2 2 0 0 0 0 0 0 130 130 0 158920 158920 70 48400 48470
20230511 09:26:42.901 1 0 1 9 0 0 0 90 1 0 0 1580 3690 0 565 0 1.31 0.97 0.86 0 1 30 0 2 0 0 20 0 0 0 1030 50 1080 41520 53440 94960 4090 0 4090
20230511 09:26:43.001 1 0 3 7 0 0 0 90 3 0 0 2470 5590 0 565 1 1.31 0.97 0.86 2 1 30 0 2 0 0 0 0 0 0 1860 0 1860 83240 0 83240 5310 0 5310
20230511 09:26:43.101 2 0 2 9 0 0 0 86 5 0 0 3050 7810 0 565 2 1.31 0.97 0.86 0 2 20 10 2 1 0 0 0 0 0 1830 120 1950 103880 25920 129800 4230 20 4250
20230511 09:26:43.201 1 0 1 10 0 0 0 89 2 0 0 2670 5480 0 565 0 1.31 0.97 0.86 1 2 100 0 6 0 0 10 0 0 0 1850 0 1850 78600 0 78600 5710 0 5710
20230511 09:26:43.301 3 0 8 7 0 0 0 82 11 0 0 5170 15490 0 563 0 1.31 0.97 0.86 0 1 30 30 2 4 0 0 0 0 0 1390 0 1390 52720 0 52720 5040 0 5040
20230511 09:26:43.401 1 0 4 6 0 0 0 90 4 0 0 5010 14450 0 563 1 1.31 0.97 0.86 1 1 250 0 15 0 0 0 0 0 0 3800 480 4280 134320 63600 197920 14900 80 14980
20230511 09:26:43.501 4 0 4 3 0 0 0 88 9 0 0 4580 11810 0 563 2 1.31 0.97 0.86 1 1 40 0 2 0 0 10 0 0 0 3050 270 3320 232040 70160 302200 6540 90 6630
20230511 09:26:43.601 2 0 9 3 0 0 0 86 11 0 0 5550 18750 0 563 1 1.31 0.97 0.86 3 0 10 0 1 0 0 0 0 0 0 2520 440 2960 86160 198760 284920 8950 30330 39280
20230511 09:26:43.701 4 0 13 4 0 0 0 79 17 0 0 6730 20370 0 563 1 1.31 0.97 0.86 1 0 40 0 2 0 0 10 0 0 0 4280 250 4530 197320 112360 309680 13730 8580 22310
20230511 09:26:43.801 0 0 3 3 0 0 0 94 3 0 0 4420 10650 0 563 1 1.31 0.97 0.86 1 0 30 0 2 0 0 0 0 0 0 2580 240 2820 45480 267840 313320 8790 65640 74430
20230511 09:26:43.901 1 0 4 7 0 0 0 87 6 0 0 6470 17880 0 563 1 1.31 0.97 0.86 1 1 30 0 2 0 0 0 0 0 0 5110 330 5440 163920 215960 379880 19750 0 19750
20230511 09:26:44.001 2 0 6 4 0 1 0 87 9 0 0 5420 14080 0 563 2 1.31 0.97 0.86 2 0 0 0 0 0 0 10 0 0 0 4140 130 4270 135960 93000 228960 15590 10 15600
20230511 09:26:44.101 2 0 5 6 0 0 0 86 7 0 0 7450 15870 0 563 2 1.31 0.97 0.86 2 0 110 0 6 0 0 0 0 0 0 6070 230 6300 141720 165120 306840 22040 130 22170
20230511 09:26:44.201 6 0 3 3 0 0 0 88 9 0 0 8090 9240 0 563 1 1.31 0.97 0.86 2 0 10 0 1 0 0 20 0 0 0 6750 310 7060 50400 24160 74560 5850 960 6810
20230511 09:26:44.301 7 0 10 3 0 1 0 80 17 0 0 14090 17750 0 563 2 1.37 0.99 0.86 2 0 40 0 2 0 0 0 0 0 0 2870 320 3190 28320 161920 190240 4210 24610 28820
20230511 09:26:44.401 9 0 2 1 0 0 0 87 12 0 0 2670 3970 0 563 2 1.37 0.99 0.86 2 1 100 10 6 1 0 0 0 0 0 1220 90 1310 24240 50240 74480 4840 10 4850
20230511 09:26:44.501 9 0 2 1 0 1 0 87 12 0 0 7920 3320 0 563 1 1.37 0.99 0.86 2 0 10 0 1 0 0 10 0 0 0 1120 110 1230 21360 54200 75560 4230 5460 9690
20230511 09:26:44.601 8 0 14 3 0 0 0 76 21 0 0 14800 13230 0 563 1 1.37 0.99 0.86 1 2 50 0 3 0 0 0 0 0 0 2500 310 2810 48680 102800 151480 9730 13530 23260
20230511 09:26:44.701 7 0 11 2 0 0 0 80 18 0 0 36210 15790 0 563 1 1.37 0.99 0.86 0 1 150 0 9 0 0 0 0 0 0 3100 170 3270 64000 142040 206040 12900 33580 46480
20230511 09:26:44.801 6 0 1 4 0 0 0 89 7 0 0 5880 10420 0 563 0 1.37 0.99 0.86 1 1 110 0 6 0 0 0 0 0 0 3690 320 4010 90440 200480 290920 13650 4430 18080
20230511 09:26:44.901 7 0 3 2 0 0 0 89 9 0 0 6720 5320 0 563 1 1.37 0.99 0.86 2 0 10 0 1 0 0 0 0 0 0 2080 100 2180 48840 50720 99560 10070 3560 13630
20230511 09:26:45.001 9 0 3 1 0 0 0 87 11 0 0 8130 4380 0 563 2 1.37 0.99 0.86 2 0 30 0 2 0 0 0 0 0 0 1730 90 1820 39640 76200 115840 8170 14580 22750
20230511 09:26:45.101 7 0 4 2 0 1 0 86 12 0 0 20960 5340 0 563 2 1.37 0.99 0.86 0 2 10 0 1 0 0 0 0 0 0 1440 120 1560 31720 89280 121000 6520 18810 25330
20230511 09:26:45.201 9 0 1 1 0 0 0 88 10 0 0 4040 7130 0 563 2 1.37 0.99 0.86 2 0 140 30 10 3 0 20 0 0 0 2750 0 2750 59400 0 59400 12070 0 12070
20230511 09:26:45.301 10 0 9 1 0 0 0 80 19 0 0 12430 14650 0 563 2 1.37 0.99 0.86 0 1 20 0 1 0 0 0 0 0 0 1880 160 2040 46840 73760 120600 9330 9630 18960
20230511 09:26:45.401 6 0 3 3 0 0 0 88 9 0 0 47010 3450 0 563 1 1.37 0.99 0.86 1 1 120 0 7 0 0 0 0 0 0 960 340 1300 14280 158000 172280 2610 44680 47290
20230511 09:26:45.501 6 0 1 4 0 0 0 89 7 0 0 12260 2800 0 563 0 1.37 0.99 0.86 1 1 110 0 6 0 0 0 0 0 0 840 90 930 17680 82720 100400 3680 10550 14230
20230511 09:26:45.601 4 0 11 6 0 0 0 79 15 0 0 4260 10850 0 563 1 1.37 0.99 0.86 2 1 20 0 1 0 0 0 0 0 0 1490 0 1490 31160 0 31160 6270 0 6270
20230511 09:26:45.701 7 0 9 7 0 0 0 77 16 0 0 3120 10880 0 563 2 1.37 0.99 0.86 1 2 30 0 2 0 0 0 0 0 0 1220 10 1230 29200 800 30000 6080 190 6270
20230511 09:26:45.801 5 0 1 14 0 0 0 80 6 0 0 1600 3440 0 563 0 1.37 0.99 0.86 0 3 180 50 14 7 0 0 0 0 0 10 0 10 320 0 320 120 0 120
20230511 09:26:45.901 1 0 0 19 0 0 0 80 1 0 0 470 1530 0 563 0 1.37 0.99 0.86 0 3 160 40 12 6 0 0 0 0 0 0 0 0 0 0 0 0 0 0
20230511 09:26:46.001 1 0 0 19 0 0 0 81 1 0 0 430 1770 0 563 0 1.37 0.99 0.86 0 3 80 40 8 5 0 10 0 0 0 0 0 0 0 0 0 0 0 0
20230511 09:26:46.101 4 0 1 9 0 0 0 87 4 0 0 1840 3140 0 563 2 1.37 0.99 0.86 2 1 110 10 7 1 0 0 0 0 0 920 10 930 23520 40 23560 4840 0 4840
20230511 09:26:46.201 6 0 2 6 0 0 0 86 8 0 0 5580 4830 0 563 1 1.37 0.99 0.86 3 0 10 0 1 0 0 0 0 0 0 1250 340 1590 25280 66120 91400 5140 3030 8170
20230511 09:26:46.301 6 0 9 6 0 0 0 78 15 0 0 5290 15130 0 563 2 1.37 0.99 0.86 0 2 20 10 1 1 0 0 0 0 0 2130 0 2130 42160 0 42160 8340 0 8340
20230511 09:26:46.401 6 0 1 5 0 0 0 88 7 0 0 9040 4670 10 564 2 1.37 0.99 0.86 2 1 170 20 10 1 0 0 0 0 0 1330 120 1450 30320 45760 76080 6250 6390 12640
20230511 09:26:46.501 7 0 3 4 0 0 0 86 10 0 0 43150 1650 30 567 0 1.37 0.99 0.86 0 2 70 50 15 15 0 10 0 0 0 160 170 330 3640 173320 176960 820 39970 40790
20230511 09:26:46.601 7 0 6 8 0 0 0 80 13 0 0 4990 12420 0 567 1 1.37 0.99 0.86 0 2 190 60 22 19 0 0 0 0 0 2090 30 2120 49720 920 50640 10340 200 10540
20230511 09:26:46.701 9 0 4 3 0 1 0 83 14 0 0 8050 17540 0 567 2 1.37 0.99 0.86 1 1 150 20 9 1 0 0 0 0 0 5230 270 5500 122040 8600 130640 16450 10 16460
20230511 09:26:46.801 7 0 5 2 0 1 0 85 13 0 0 5800 11920 0 567 1 1.37 0.99 0.86 4 0 150 50 11 9 0 0 0 0 0 3600 120 3720 128560 34560 163120 8530 30 8560
20230511 09:26:46.901 2 0 6 2 0 0 0 90 8 0 0 9200 9380 0 565 1 1.37 0.99 0.86 1 0 50 30 4 4 0 0 0 0 0 2860 310 3170 69560 232800 302360 7500 55480 62980
20230511 09:26:47.001 2 0 3 5 0 0 0 91 4 0 0 9370 23220 0 565 0 1.37 0.99 0.86 0 1 30 10 2 1 0 20 0 0 0 7360 380 7740 186280 57040 243320 25230 10 25240
20230511 09:26:47.101 4 0 4 3 0 0 0 89 8 0 0 4780 14280 0 565 2 1.37 0.99 0.86 2 0 30 30 2 3 0 0 0 0 0 3470 80 3550 194880 47760 242640 7550 0 7550
20230511 09:26:47.201 5 0 5 3 0 0 0 87 10 0 0 4820 12730 10 565 2 1.37 0.99 0.86 2 0 70 30 5 2 0 10 0 0 0 3290 210 3500 221720 50200 271920 8390 30 8420
20230511 09:26:47.301 3 0 9 4 0 0 0 85 12 0 0 6510 19010 0 565 0 1.37 0.99 0.86 0 2 20 20 2 2 0 0 0 0 0 2600 830 3430 95160 200320 295480 9100 38520 47620
20230511 09:26:47.401 1 0 4 4 0 1 0 89 6 0 0 7420 18350 0 563 0 1.37 0.99 0.86 1 1 70 80 7 8 0 0 0 0 0 4500 780 5280 176880 138000 314880 16780 90 16870
20230511 09:26:47.501 2 0 6 2 0 0 0 90 8 0 0 34520 9750 0 563 1 1.37 0.99 0.86 1 1 50 0 3 0 0 20 0 0 0 3090 240 3330 109480 172360 281840 9710 30590 40300
20230511 09:26:47.601 2 0 9 6 0 1 0 82 12 0 0 6530 17090 0 563 0 1.37 0.99 0.86 1 1 30 0 2 0 0 0 0 0 0 3420 200 3620 182960 43520 226480 8840 3210 12050
20230511 09:26:47.701 1 0 8 3 0 0 0 89 8 0 0 6090 21530 0 563 2 1.37 0.99 0.86 0 1 20 0 2 0 0 0 0 0 0 3740 640 4380 78520 238360 316880 15890 16380 32270
20230511 09:26:47.801 3 0 3 4 0 0 0 90 6 0 0 6020 15390 0 563 0 1.37 0.99 0.86 0 1 160 90 14 13 0 0 0 0 0 3390 610 4000 168840 188960 357799 8440 24780 33220
20230511 09:26:47.901 1 0 4 2 0 0 0 92 6 0 0 4560 12240 0 563 1 1.37 0.99 0.86 1 0 130 80 12 10 0 0 0 0 0 2980 380 3360 40320 214560 254880 7170 5560 12730
20230511 09:26:48.001 1 0 6 3 0 0 0 91 7 0 0 3870 10560 0 563 2 1.37 0.99 0.86 2 0 160 10 10 1 0 10 0 0 0 2190 480 2670 108280 206080 314360 5590 4940 10530
20230511 09:26:48.101 1 0 3 4 0 0 0 92 4 0 0 2090 4440 0 563 0 1.37 0.99 0.86 1 1 50 0 3 0 0 0 0 0 0 1000 190 1190 56160 74760 130920 1910 60 1970
20230511 09:26:48.201 0 0 2 5 0 0 0 93 2 0 0 1790 4200 0 563 7 1.37 0.99 0.86 0 1 10 0 1 0 0 10 0 0 0 1100 70 1170 20320 27520 47840 3670 0 3670
20230511 09:26:48.301 1 0 8 4 0 0 0 87 9 0 0 4410 15680 0 563 2 1.37 0.99 0.86 1 0 10 0 1 0 0 0 0 0 0 1210 400 1610 23880 64560 88440 4800 2010 6810
20230511 09:26:48.401 0 0 3 4 0 0 0 93 3 0 0 1010 820 0 563 0 1.37 0.99 0.86 0 1 50 0 3 0 0 0 0 0 0 10 150 160 320 135320 135640 0 47430 47430
20230511 09:26:48.501 1 0 1 4 0 0 0 94 2 0 0 530 380 0 563 0 1.37 0.99 0.86 0 1 40 0 2 0 0 0 0 0 0 0 150 150 0 159920 159920 70 70190 70260
20230511 09:26:48.601 0 0 14 5 0 0 0 81 14 0 0 2460 6860 0 563 0 1.37 0.99 0.86 0 1 30 0 2 0 0 0 0 0 0 0 80 80 0 81920 81920 0 0 0
20230511 09:26:48.701 1 0 5 6 0 0 0 89 6 0 0 1800 5520 0 563 0 1.37 0.99 0.86 0 1 210 0 12 0 0 10 0 0 0 310 100 410 5120 104040 109160 900 0 900
20230511 09:26:48.801 1 0 6 6 0 0 0 88 7 0 0 7000 18190 0 563 1 1.37 0.99 0.86 0 2 150 10 9 1 0 0 0 0 0 4880 300 5180 155080 154120 309200 13500 50 13550
20230511 09:26:48.901 3 0 4 6 0 0 0 87 8 0 0 6580 17140 0 563 0 1.37 0.99 0.86 0 1 160 0 9 0 0 0 0 0 0 5070 210 5280 215880 148000 363880 14140 160 14300
20230511 09:26:49.001 2 0 8 5 0 0 0 86 9 0 0 3840 9850 0 563 2 1.37 0.99 0.86 2 0 10 0 1 0 0 30 0 0 0 2310 410 2720 147920 201200 349120 6740 340 7080
20230511 09:26:49.101 4 0 6 4 0 0 0 86 10 0 0 4120 12810 0 563 1 1.37 0.99 0.86 0 2 20 0 1 0 0 0 0 0 0 2690 240 2930 191160 120320 311480 6350 270 6620
20230511 09:26:49.201 3 0 6 3 0 0 0 88 9 0 0 12790 11430 0 563 0 1.37 0.99 0.86 1 1 70 0 4 0 0 20 0 0 0 2720 150 2870 162840 92520 255360 6920 21990 28910
20230511 09:26:49.301 4 0 13 6 0 0 0 78 17 0 0 10640 30870 0 563 2 1.42 1.00 0.87 1 1 10 0 1 0 0 0 0 0 0 6210 470 6680 218400 105480 323880 16080 1280 17360
20230511 09:26:49.401 4 0 4 3 0 1 0 87 9 0 0 8780 12610 0 563 1 1.42 1.00 0.87 1 1 10 0 1 0 0 0 0 0 0 3050 330 3380 231680 79600 311280 5330 7410 12740
20230511 09:26:49.501 1 0 5 3 0 0 0 91 6 0 0 10010 14930 0 563 0 1.42 1.00 0.87 0 1 20 10 2 1 0 20 0 0 0 3410 230 3640 91840 223880 315720 13610 45430 59040
20230511 09:26:49.601 2 0 10 6 0 0 0 83 12 0 0 8650 24680 0 563 2 1.42 1.00 0.87 1 2 30 0 2 0 0 0 0 0 0 5370 290 5660 218720 103520 322240 21340 10 21350
20230511 09:26:49.701 1 0 8 3 0 0 0 89 9 0 0 5190 14450 0 563 0 1.42 1.00 0.87 1 0 10 0 1 0 0 0 0 0 0 2260 440 2700 54240 488360 542601 7900 120400 128300
20230511 09:26:49.801 1 0 3 3 0 0 0 94 3 0 0 10220 21830 0 563 0 1.42 1.00 0.87 1 2 70 0 4 0 0 0 0 0 0 8750 0 8750 117920 0 117920 16720 0 16720
20230511 09:26:49.901 2 0 4 10 0 1 0 83 7 0 0 4450 9980 0 563 0 1.42 1.00 0.87 0 3 10 0 1 0 0 0 0 0 0 3240 190 3430 115080 125120 240200 11860 120 11980
20230511 09:26:50.001 1 0 1 10 0 0 0 87 3 0 0 2940 6080 0 563 1 1.42 1.00 0.87 0 2 20 0 1 0 0 0 0 0 0 1790 170 1960 73520 86000 159520 6750 80 6830
20230511 09:26:50.101 0 0 3 8 0 0 0 89 3 0 0 2640 5720 0 563 1 1.42 1.00 0.87 1 2 40 0 2 0 0 0 0 0 0 1720 0 1720 53840 0 53840 6150 0 6150
20230511 09:26:50.201 0 0 2 10 0 0 0 88 2 0 0 1430 4700 0 563 0 1.42 1.00 0.87 1 1 10 0 1 0 0 0 0 0 0 990 110 1100 23040 112640 135680 4090 160 4250
20230511 09:26:50.301 1 0 11 12 0 0 0 77 12 0 0 4690 15100 0 563 1 1.42 1.00 0.87 1 1 10 0 1 0 0 10 0 0 0 1370 200 1570 43120 121680 164800 5060 50 5110
20230511 09:26:50.401 1 0 3 10 0 1 0 85 5 0 0 2750 5670 0 563 1 1.42 1.00 0.87 0 2 30 0 2 0 0 0 0 0 0 2030 50 2080 62240 51200 113440 5190 10 5200
20230511 09:26:50.501 1 0 3 9 0 1 0 87 4 0 0 3150 6370 0 563 0 1.42 1.00 0.87 1 1 140 20 8 1 0 10 0 0 0 1750 250 2000 74680 116080 190760 4880 40 4920
20230511 09:26:50.601 3 0 11 8 0 1 0 78 14 0 0 6530 14050 0 563 1 1.42 1.00 0.87 2 1 30 0 2 0 0 0 0 0 0 3680 120 3800 111920 9440 121360 8830 10 8840
20230511 09:26:50.701 10 0 8 2 0 1 0 79 18 0 0 7220 14280 20 565 1 1.42 1.00 0.87 1 2 140 20 9 2 0 0 0 0 0 4080 100 4180 98120 41720 139840 8840 180 9020
20230511 09:26:50.801 1 0 2 17 0 0 0 81 2 0 0 2500 4200 0 565 1 1.42 1.00 0.87 1 1 80 0 5 0 0 0 0 0 0 630 10 640 6600 40 6640 1050 0 1050
20230511 09:26:50.901 6 0 4 4 0 1 0 86 10 0 0 46740 1470 0 565 2 1.42 1.00 0.87 2 0 70 20 14 12 0 0 0 0 0 280 150 430 3040 175720 178760 440 48420 48860
20230511 09:26:51.001 4 0 3 6 0 0 0 88 6 0 0 33680 4810 0 565 0 1.42 1.00 0.87 1 1 30 0 2 0 0 10 0 0 0 2100 140 2240 24720 131640 156360 4160 28130 32290
20230511 09:26:51.101 7 0 1 6 0 0 0 87 8 0 0 2890 6080 0 565 1 1.42 1.00 0.87 2 1 50 20 4 6 0 0 0 0 0 1840 0 1840 33920 0 33920 6590 0 6590
20230511 09:26:51.201 5 0 2 5 0 1 0 88 8 0 0 2870 5550 0 565 2 1.42 1.00 0.87 2 1 140 0 8 0 0 0 0 0 0 1940 0 1940 40080 0 40080 8050 0 8050
20230511 09:26:51.301 11 0 8 2 0 0 0 80 18 0 0 5580 15350 0 565 1 1.42 1.00 0.87 2 0 40 0 3 0 0 20 0 0 0 1670 380 2050 40320 167280 207600 8410 70 8480
20230511 09:26:51.401 8 0 2 3 0 0 0 86 11 0 0 5000 8330 0 565 2 1.42 1.00 0.87 0 2 0 10 0 1 0 0 0 0 0 3610 190 3800 72000 106960 178960 14460 250 14710
20230511 09:26:51.501 6 0 6 2 0 0 0 86 12 0 0 41070 6630 0 565 0 1.42 1.00 0.87 0 1 0 10 0 1 0 10 0 0 0 2430 230 2660 55040 189200 244240 11260 48100 59360
20230511 09:26:51.601 6 0 6 4 0 0 0 83 12 0 0 6690 14700 0 565 2 1.42 1.00 0.87 2 0 80 20 5 2 0 0 0 0 0 3900 100 4000 98800 97000 195800 18850 17770 36620
20230511 09:26:51.701 11 0 11 1 0 1 0 77 22 0 0 3670 10940 0 565 2 1.42 1.00 0.87 2 0 20 20 2 2 0 0 0 0 0 1540 0 1540 47600 0 47600 7560 0 7560
20230511 09:26:51.801 11 0 0 1 0 0 0 88 11 0 0 3220 3100 0 565 2 1.42 1.00 0.87 2 0 20 0 1 0 0 0 0 0 0 1240 0 1240 28760 0 28760 5950 0 5950
20230511 09:26:51.901 9 0 2 2 0 1 0 85 12 0 0 5040 10240 0 563 2 1.42 1.00 0.87 2 0 80 30 5 4 0 0 0 0 0 3140 630 3770 65480 52680 118160 13300 10 13310
20230511 09:26:52.001 6 0 3 3 0 0 0 89 8 0 0 5870 11620 0 563 1 1.42 1.00 0.87 1 0 40 0 2 0 0 20 0 0 0 3250 500 3750 78000 128400 206400 16180 16500 32680
20230511 09:26:52.101 5 0 3 3 0 0 0 89 8 0 0 10210 7980 0 563 1 1.42 1.00 0.87 2 1 30 10 2 1 0 0 0 0 0 2850 150 3000 60680 105240 165920 12320 19610 31930
20230511 09:26:52.201 5 0 2 4 0 0 0 89 7 0 0 21800 10910 0 563 2 1.42 1.00 0.87 2 0 130 0 8 0 0 0 0 0 0 2520 1370 3890 61760 165440 227200 12920 37510 50430
20230511 09:26:52.301 12 0 10 1 0 0 0 77 22 0 0 6400 16940 280 563 2 1.42 1.00 0.87 2 0 20 0 1 0 0 10 0 0 0 2240 0 2240 47600 0 47600 9660 0 9660
20230511 09:26:52.401 9 0 1 2 0 0 0 88 10 0 0 4580 7780 0 563 1 1.42 1.00 0.87 3 0 70 0 4 0 0 0 0 0 0 2950 20 2970 61200 8960 70160 12350 2060 14410
20230511 09:26:52.501 5 0 4 2 0 1 0 88 10 0 0 18070 12280 0 563 0 1.42 1.00 0.87 2 0 60 20 5 1 0 0 0 0 0 3680 250 3930 72440 138440 210880 14430 19760 34190
20230511 09:26:52.601 9 0 4 3 0 1 0 84 14 0 0 8780 21140 280 563 2 1.42 1.00 0.87 2 0 10 0 1 0 0 0 0 0 0 3760 370 4130 74480 140520 215000 14860 18190 33050
20230511 09:26:52.701 12 0 10 1 0 1 0 76 24 0 0 3030 8030 0 563 2 1.42 1.00 0.87 2 0 30 0 2 0 0 0 0 0 0 480 0 480 11480 0 11480 2390 0 2390
20230511 09:26:52.801 9 0 2 1 0 0 0 88 11 0 0 37780 4200 0 563 1 1.42 1.00 0.87 1 1 40 0 2 0 0 10 0 0 0 1020 320 1340 23160 117640 140800 4770 34360 39130
20230511 09:26:52.901 7 0 4 2 0 1 0 86 12 0 0 46980 5890 0 563 2 1.42 1.00 0.87 2 0 110 0 6 0 0 0 0 0 0 1920 220 2140 35640 225320 260960 6990 43350 50340
20230511 09:26:53.001 9 0 2 2 0 1 0 85 13 0 0 4800 11550 0 563 2 1.42 1.00 0.87 3 0 20 0 1 0 0 20 0 0 0 3810 0 3810 69600 0 69600 13620 0 13620
20230511 09:26:53.101 7 0 3 2 0 1 0 86 11 0 0 4440 12470 0 563 2 1.42 1.00 0.87 2 0 30 0 2 0 0 0 0 0 0 3190 250 3440 66600 156680 223280 13430 20 13450
20230511 09:26:53.201 6 0 4 2 0 0 0 88 10 0 0 4510 11540 0 563 3 1.42 1.00 0.87 2 0 60 0 4 0 0 0 0 0 0 3320 170 3490 67240 91320 158560 13490 1630 15120
20230511 09:26:53.301 9 0 6 4 0 1 0 80 16 0 0 6250 16930 0 563 2 1.42 1.00 0.87 1 1 20 0 1 0 0 20 0 0 0 3010 50 3060 90920 8400 99320 5930 0 5930
20230511 09:26:53.401 6 0 1 5 0 0 0 87 8 0 0 2180 3640 0 563 0 1.42 1.00 0.87 0 2 20 0 1 0 0 0 0 0 0 1300 0 1300 74680 0 74680 1400 0 1400
20230511 09:26:53.501 1 0 1 8 0 0 0 91 1 0 0 2760 5250 0 563 1 1.42 1.00 0.87 1 1 10 0 1 0 0 10 0 0 0 1880 110 1990 57920 17760 75680 3580 0 3580
20230511 09:26:53.601 1 0 9 6 0 0 0 84 10 0 0 4160 12210 0 563 0 1.42 1.00 0.87 0 1 10 0 1 0 0 0 0 0 0 880 270 1150 19240 95160 114400 3280 19780 23060
20230511 09:26:53.701 0 0 9 5 0 0 0 86 9 0 0 1780 6040 0 563 0 1.42 1.00 0.87 0 1 180 0 11 0 0 0 0 0 0 0 80 80 0 81920 81920 0 20400 20400
20230511 09:26:53.801 1 0 1 5 0 0 0 94 1 0 0 1760 760 0 563 0 1.42 1.00 0.87 0 1 30 0 2 0 0 10 0 0 0 0 130 130 0 115200 115200 0 29950 29950
20230511 09:26:53.901 0 0 1 3 0 0 0 96 1 0 0 650 1410 0 563 0 1.42 1.00 0.87 0 1 20 0 1 0 0 0 0 0 0 270 90 360 5440 81880 87320 1080 17190 18270
20230511 09:26:54.001 2 0 2 5 0 0 0 91 4 0 0 7340 19480 0 563 1 1.42 1.00 0.87 0 2 30 0 2 0 0 10 0 0 0 6410 180 6590 182880 51320 234200 21730 30 21760
20230511 09:26:54.101 1 0 4 6 0 0 0 89 6 0 0 6910 19790 0 563 0 1.42 1.00 0.87 0 2 10 0 1 0 0 0 0 0 0 5740 330 6070 188800 113120 301920 20970 30 21000
20230511 09:26:54.201 4 0 5 3 0 0 0 87 9 0 0 4210 10100 0 563 2 1.42 1.00 0.87 2 0 40 0 2 0 0 0 0 0 0 2700 260 2960 210640 57040 267680 5600 20 5620
20230511 09:26:54.301 4 0 11 4 0 0 0 81 15 0 0 7650 25200 0 563 1 1.46 1.02 0.87 0 1 0 0 0 0 0 20 0 0 0 4000 500 4500 132960 119080 252040 17180 8150 25330
20230511 09:26:54.401 2 0 7 3 0 0 0 88 9 0 0 4670 12350 0 563 1 1.46 1.02 0.87 1 0 40 0 2 0 0 0 0 0 0 2860 730 3590 143240 173720 316960 8120 1230 9350
20230511 09:26:54.501 2 0 6 2 0 0 0 91 8 0 0 3790 5790 0 563 2 1.46 1.02 0.87 0 2 120 0 7 0 0 0 0 0 0 1930 210 2140 156040 205040 361080 2060 50520 52580
20230511 09:26:54.601 3 0 13 4 0 0 0 80 16 0 0 7240 20010 0 563 1 1.46 1.02 0.87 0 1 40 0 2 0 0 0 0 0 0 3920 510 4430 156720 131840 288560 12320 60 12380
20230511 09:26:54.701 1 0 13 4 0 0 0 82 14 0 0 4840 17900 0 563 1 1.46 1.02 0.87 1 1 20 0 1 0 0 0 0 0 0 2880 330 3210 104120 137520 241640 10440 10 10450
20230511 09:26:54.801 2 0 4 3 0 0 0 91 6 0 0 6180 13340 0 563 1 1.46 1.02 0.87 2 0 110 0 6 0 0 0 0 0 0 3720 580 4300 141360 138880 280240 12430 8470 20900
20230511 09:26:54.901 0 0 6 2 0 0 0 92 6 0 0 4370 11150 0 563 1 1.46 1.02 0.87 1 0 150 0 9 0 0 0 0 0 0 2820 400 3220 56600 271520 328120 10680 64030 74710
20230511 09:26:55.001 0 0 4 2 0 1 0 92 5 0 0 4050 11730 0 563 0 1.46 1.02 0.87 2 0 20 0 1 0 0 20 0 0 0 3050 260 3310 70200 269680 339880 11120 45060 56180
20230511 09:26:55.101 2 0 6 5 0 0 0 87 8 0 0 4130 12940 0 563 2 1.46 1.02 0.87 1 1 30 0 2 0 0 0 0 0 0 2920 380 3300 164880 174480 339360 7270 10 7280
20230511 09:26:55.201 0 0 4 4 0 0 0 92 4 0 0 5170 13200 0 563 0 1.46 1.02 0.87 0 1 10 0 1 0 0 0 0 0 0 4200 290 4490 60200 187640 247840 9640 190 9830
20230511 09:26:55.301 1 0 11 4 0 0 0 84 13 0 0 8860 27540 0 563 0 1.46 1.02 0.87 1 1 190 0 11 0 0 0 0 0 0 5120 200 5320 118600 124840 243440 16750 90 16840
20230511 09:26:55.401 2 0 2 7 0 0 0 89 4 0 0 2960 7110 0 563 0 1.46 1.02 0.87 1 1 50 0 3 0 0 0 0 0 0 1860 110 1970 61320 61600 122920 6040 70 6110
20230511 09:26:55.501 1 0 2 8 0 0 0 89 3 0 0 2250 5590 0 563 1 1.46 1.02 0.87 0 3 100 0 6 0 0 10 0 0 0 1320 80 1400 65920 41240 107160 4020 40 4060
20230511 09:26:55.601 3 0 10 9 0 0 0 78 13 0 0 4990 11890 0 563 2 1.46 1.02 0.87 1 2 120 0 10 0 0 0 0 0 0 1720 220 1940 120120 44400 164520 4410 90 4500
20230511 09:26:55.701 2 0 11 8 0 0 0 79 13 0 0 3950 12630 0 563 0 1.46 1.02 0.87 0 4 140 0 8 0 0 0 0 0 0 1350 300 1650 73280 148840 222120 1180 2450 3630
20230511 09:26:55.801 0 0 0 25 0 0 0 75 0 0 0 1660 2530 0 563 0 1.46 1.02 0.87 0 3 0 0 0 0 0 30 0 0 0 20 0 20 1360 0 1360 30 0 30
20230511 09:26:55.901 0 0 0 19 0 0 0 81 0 0 0 290 200 0 563 0 1.46 1.02 0.87 0 3 110 0 6 0 0 0 0 0 0 0 0 0 0 0 0 0 0 0
20230511 09:26:56.001 0 0 0 19 0 0 0 81 0 0 0 310 510 0 563 0 1.46 1.02 0.87 0 3 80 0 5 0 0 0 0 0 0 0 0 0 0 0 0 0 0 0
20230511 09:26:56.101 0 0 0 100 0 0 0 0 0 0 0 2020 4930 0 563 1 1.46 1.02 0.87 2 1 10 0 1 0 0 20 0 0 0 1160 350 1510 71240 72560 143800 1120 110 1230
20230511 09:26:56.201 2 0 3 8 0 0 0 87 5 0 0 2960 5930 0 563 1 1.46 1.02 0.87 0 2 40 0 2 0 0 0 0 0 0 1830 90 1920 89520 67840 157360 3810 50 3860
20230511 09:26:56.301 4 0 11 8 0 0 0 78 14 0 0 5910 17190 0 563 0 1.46 1.02 0.87 0 2 0 0 0 0 0 10 0 0 0 1960 500 2460 116920 76360 193280 4710 480 5190
20230511 09:26:56.401 1 0 3 8 0 0 0 88 4 0 0 8180 8350 0 563 0 1.46 1.02 0.87 0 2 140 0 8 0 0 0 0 0 0 1450 620 2070 83080 66200 149280 4510 17930 22440
20230511 09:26:56.501 2 0 3 9 0 1 0 85 6 0 0 21170 4320 0 563 0 1.46 1.02 0.87 0 2 30 10 2 1 0 0 0 0 0 1120 160 1280 49960 182120 232080 3860 45920 49780
20230511 09:26:56.601 2 0 14 6 0 0 0 78 16 0 0 20030 23800 0 563 2 1.46 1.02 0.87 1 0 30 0 2 0 0 0 0 0 0 5510 170 5680 155200 131680 286880 19360 30200 49560
20230511 09:26:56.701 5 0 12 5 0 0 0 78 17 0 0 8910 26020 0 563 1 1.46 1.02 0.87 2 0 10 0 1 0 0 0 0 0 0 6180 460 6640 212520 114160 326680 18410 40 18450
20230511 09:26:56.801 4 0 3 6 0 0 0 87 7 0 0 8610 21210 0 563 2 1.46 1.02 0.87 1 1 20 20 2 1 0 0 0 0 0 6720 80 6800 323360 24560 347920 25450 20 25470
20230511 09:26:56.901 2 0 6 4 0 0 0 88 8 0 0 7610 13610 0 563 0 1.46 1.02 0.87 1 1 20 0 1 0 0 0 0 0 0 3110 760 3870 151080 206960 358040 9790 20970 30760
20230511 09:26:57.001 2 0 4 6 0 1 0 87 7 0 0 32280 8890 0 563 2 1.46 1.02 0.87 0 2 30 0 2 0 0 0 0 0 0 2510 240 2750 78040 266240 344280 8870 64400 73270
20230511 09:26:57.101 2 0 6 6 0 0 0 87 8 0 0 12450 17620 0 563 0 1.46 1.02 0.87 0 3 50 10 3 1 0 10 0 0 0 5320 240 5560 155480 204760 360239 17130 10940 28070
20230511 09:26:57.201 1 0 4 6 0 0 0 88 6 0 0 6310 14220 0 563 1 1.46 1.02 0.87 1 0 30 0 2 0 0 0 0 0 0 5330 220 5550 143080 159520 302600 11870 160 12030
20230511 09:26:57.301 1 0 10 4 0 1 0 84 12 0 0 10250 28450 0 563 1 1.46 1.02 0.87 1 2 170 0 10 0 0 30 0 0 0 6700 220 6920 70800 140040 210840 10050 30 10080
20230511 09:26:57.401 4 0 6 4 0 0 0 86 10 0 0 5880 15240 0 563 0 1.46 1.02 0.87 2 0 60 50 6 6 0 0 0 0 0 3840 310 4150 175320 166240 341560 10530 90 10620
20230511 09:26:57.501 3 0 6 3 0 0 0 88 9 0 0 3060 6800 0 563 2 1.46 1.02 0.87 0 2 100 20 7 4 0 0 0 0 0 1150 500 1650 144040 171840 315880 140 410 550
20230511 09:26:57.601 4 0 13 4 0 1 0 79 17 0 0 19290 15940 0 563 0 1.46 1.02 0.87 2 0 50 20 4 3 0 30 0 0 0 2880 450 3330 155120 209680 364799 4930 21770 26700
20230511 09:26:57.701 4 0 15 4 0 0 0 77 19 0 0 8300 20090 0 563 1 1.46 1.02 0.87 0 2 400 20 25 5 0 0 0 0 0 5430 100 5530 160840 66560 227400 17090 50 17140
20230511 09:26:57.801 4 0 5 4 0 0 0 87 9 0 0 25670 13550 0 563 1 1.46 1.02 0.87 0 2 50 40 5 5 0 10 0 0 0 7990 510 8500 82400 78680 161080 12520 18540 31060
20230511 09:26:57.901 8 0 3 2 0 0 0 87 11 0 0 13020 7630 0 563 2 1.46 1.02 0.87 2 0 40 0 2 0 0 0 0 0 0 3930 520 4450 41480 35080 76560 6430 8360 14790
20230511 09:26:58.001 9 0 1 1 0 0 0 89 11 0 0 11090 4580 0 563 2 1.46 1.02 0.87 2 0 10 0 1 0 0 0 0 0 0 1700 580 2280 32160 33560 65720 6340 8790 15130
20230511 09:26:58.101 11 0 1 1 0 0 0 87 12 0 0 8620 2550 0 563 2 1.46 1.02 0.87 3 0 0 0 0 0 0 10 0 0 0 840 180 1020 18760 27240 46000 3850 5230 9080
20230511 09:26:58.201 7 0 4 1 0 0 0 89 11 0 0 14730 1230 0 563 1 1.46 1.02 0.87 1 0 30 0 2 0 0 0 0 0 0 210 200 410 5840 193360 199200 1250 50330 51580
20230511 09:26:58.301 6 0 11 2 0 0 0 81 17 0 0 6520 20270 0 563 1 1.46 1.02 0.87 1 1 30 10 2 1 0 10 0 0 0 3330 270 3600 64720 273360 338080 12880 64880 77760
20230511 09:26:58.401 4 0 3 4 0 1 0 88 8 0 0 7840 16600 0 563 1 1.46 1.02 0.87 1 1 10 0 1 0 0 0 0 0 0 6810 0 6810 126720 0 126720 24910 0 24910
20230511 09:26:58.501 6 0 2 4 0 0 0 88 8 0 0 6800 12870 0 563 2 1.46 1.02 0.87 1 1 140 0 8 0 0 0 0 0 0 5590 0 5590 143520 0 143520 26730 0 26730
20230511 09:26:58.601 8 0 6 3 0 1 0 83 15 0 0 5960 14150 0 563 2 1.46 1.02 0.87 2 0 120 0 7 0 0 10 0 0 0 2440 230 2670 65200 118800 184000 11610 280 11890
20230511 09:26:58.701 11 0 10 0 0 1 0 78 22 0 0 2860 7020 0 563 1 1.46 1.02 0.87 2 0 20 10 1 1 0 0 0 0 0 840 0 840 21960 0 21960 4680 0 4680
20230511 09:26:58.801 8 0 2 1 0 0 0 89 10 0 0 3080 3230 0 563 0 1.46 1.02 0.87 1 1 0 0 0 0 0 10 0 0 0 530 230 760 8760 141840 150600 1630 20690 22320
20230511 09:26:58.901 6 0 4 4 0 0 0 87 9 0 0 5000 10530 0 563 2 1.46 1.02 0.87 0 3 20 0 1 0 0 0 0 0 0 3900 240 4140 86200 110120 196320 17650 6460 24110
20230511 09:26:59.001 8 0 1 2 0 0 0 89 10 0 0 3910 6670 0 563 2 1.46 1.02 0.87 2 0 10 0 1 0 0 0 0 0 0 2750 0 2750 62560 0 62560 11760 0 11760
20230511 09:26:59.101 9 0 2 2 0 0 0 87 11 0 0 6240 7690 0 563 2 1.46 1.02 0.87 2 0 40 0 2 0 0 20 0 0 0 2610 230 2840 43840 30160 74000 8350 5410 13760
20230511 09:26:59.201 8 0 2 1 0 1 0 88 11 0 0 10830 7170 0 563 1 1.46 1.02 0.87 1 0 40 10 2 1 0 0 0 0 0 720 1280 2000 14320 81240 95560 2860 14050 16910
20230511 09:26:59.301 9 0 12 1 0 0 0 78 21 0 0 4770 13880 0 563 2 1.51 1.04 0.88 2 0 40 0 2 0 0 0 0 0 0 1520 40 1560 24240 40880 65120 4540 8380 12920
20230511 09:26:59.401 8 0 3 2 0 0 0 88 10 0 0 4450 9440 20 565 2 1.51 1.04 0.88 2 0 80 20 5 2 0 0 0 0 0 2140 430 2570 47520 174840 222360 9740 13990 23730
20230511 09:26:59.501 8 0 3 2 0 0 0 87 11 0 0 4630 6960 0 565 2 1.51 1.04 0.88 1 1 60 0 4 0 0 0 0 0 0 2860 240 3100 91040 90680 181720 3240 630 3870
20230511 09:26:59.601 6 0 11 3 0 0 0 79 17 0 0 14550 17480 0 565 1 1.51 1.04 0.88 1 1 30 20 11 12 0 20 0 0 0 3090 660 3750 103720 199360 303080 8570 34980 43550
20230511 09:26:59.701 2 0 11 6 0 0 0 82 13 0 0 14810 24650 0 565 1 1.51 1.04 0.88 0 1 240 0 14 0 0 0 0 0 0 6190 210 6400 161280 212840 374120 18430 49870 68300
20230511 09:26:59.801 2 0 4 6 0 0 0 88 6 0 0 9820 22830 0 565 0 1.51 1.04 0.88 0 2 30 20 2 6 0 0 0 0 0 6890 300 7190 192640 150280 342920 23950 10 23960
20230511 09:26:59.901 2 0 3 6 0 0 0 90 4 0 0 5680 15080 0 565 0 1.51 1.04 0.88 0 2 10 0 1 0 0 0 0 0 0 4710 160 4870 137120 56520 193640 13730 10 13740
20230511 09:27:00.001 1 0 2 9 0 0 0 88 4 0 0 2920 6230 0 565 1 1.51 1.04 0.88 0 2 30 10 2 1 0 0 0 0 0 2150 20 2170 70040 15400 85440 3880 0 3880
20230511 09:27:00.101 3 0 3 7 0 0 0 88 5 0 0 2370 5020 0 565 1 1.51 1.04 0.88 0 1 20 0 1 0 0 10 0 0 0 1430 70 1500 120920 13120 134040 1520 0 1520
20230511 09:27:00.201 0 0 3 4 0 0 0 94 3 0 0 4480 2620 0 565 1 1.51 1.04 0.88 2 0 60 20 4 2 0 0 0 0 0 420 290 710 12920 133400 146320 1540 41320 42860
20230511 09:27:00.301 1 0 9 4 0 0 0 86 9 0 0 3170 10600 0 565 0 1.51 1.04 0.88 0 1 10 0 1 0 0 0 0 0 0 0 90 90 0 84480 84480 10 47230 47240
20230511 09:27:00.401 1 0 1 6 0 0 0 93 1 0 0 890 980 0 565 0 1.51 1.04 0.88 0 1 120 20 8 2 0 0 0 0 0 0 110 110 0 112520 112520 0 0 0
20230511 09:27:00.501 1 0 1 6 0 0 0 92 1 0 0 1240 3500 0 565 0 1.51 1.04 0.88 0 1 50 20 4 1 0 0 0 0 0 740 50 790 24160 58280 82440 3810 0 3810
20230511 09:27:00.601 2 0 9 6 0 0 0 83 11 0 0 7300 18850 0 563 0 1.51 1.04 0.88 1 0 40 30 3 4 0 0 0 0 0 3040 750 3790 121680 113000 234680 10880 10 10890
20230511 09:27:00.701 2 0 14 4 0 0 0 80 16 0 0 6150 20660 0 563 2 1.51 1.04 0.88 2 0 30 10 2 1 0 0 0 0 0 3680 380 4060 170960 98240 269200 12710 0 12710
20230511 09:27:00.801 3 0 3 8 0 1 0 85 7 0 0 4580 8230 20 565 0 1.51 1.04 0.88 0 2 20 10 1 1 0 30 0 0 0 1730 10 1740 177240 880 178120 1420 210 1630
20230511 09:27:00.901 0 0 1 9 0 0 0 90 1 0 0 1720 4930 0 565 1 1.51 1.04 0.88 1 0 10 0 1 0 0 0 0 0 0 980 340 1320 24840 37320 62160 3300 60 3360
20230511 09:27:01.001 0 0 4 4 0 0 0 91 4 0 0 2090 5880 0 565 0 1.51 1.04 0.88 1 0 30 20 11 12 0 0 0 0 0 910 370 1280 17760 99240 117000 3600 8180 11780
20230511 09:27:01.101 0 0 1 6 0 0 0 93 1 0 0 2990 10220 0 565 3 1.51 1.04 0.88 0 2 20 0 1 0 0 20 0 0 0 1600 430 2030 35560 97960 133520 6700 4750 11450
20230511 09:27:01.201 3 0 1 10 0 0 0 86 4 0 0 2810 8340 0 565 1 1.51 1.04 0.88 0 3 20 20 2 6 0 0 0 0 0 1980 200 2180 73560 66920 140480 7010 10 7020
20230511 09:27:01.301 2 0 11 5 0 0 0 82 13 0 0 8190 24360 0 565 1 1.51 1.04 0.88 0 1 90 0 5 0 0 10 0 0 0 3880 690 4570 150640 174680 325320 9610 100 9710
20230511 09:27:01.401 1 0 4 4 0 0 0 91 4 0 0 9700 19220 0 565 0 1.51 1.04 0.88 1 1 30 10 2 1 0 0 0 0 0 4980 710 5690 104400 227640 332040 16220 20100 36320
20230511 09:27:01.501 0 0 4 3 0 0 0 94 4 0 0 2220 5570 0 565 1 1.51 1.04 0.88 1 0 50 20 3 2 0 0 0 0 0 970 350 1320 22160 223360 245520 3260 47130 50390
20230511 09:27:01.601 1 0 11 4 0 0 0 83 13 0 0 7470 21970 0 565 0 1.51 1.04 0.88 2 0 40 0 2 0 0 10 0 0 0 4740 100 4840 124040 68160 192200 15110 16890 32000
20230511 09:27:01.701 2 0 13 3 0 0 0 81 15 0 0 7010 21300 0 565 0 1.51 1.04 0.88 0 2 230 20 14 2 0 0 0 0 0 3800 830 4630 91880 250360 342240 8010 20 8030
20230511 09:27:01.801 1 0 4 6 0 0 0 89 5 0 0 6650 17850 0 565 0 1.51 1.04 0.88 2 0 70 0 4 0 0 0 0 0 0 4470 320 4790 173760 175600 349360 13240 60 13300
20230511 09:27:01.901 2 0 5 5 0 0 0 88 7 0 0 6300 15560 0 565 2 1.51 1.04 0.88 0 3 30 10 3 1 0 0 0 0 0 4550 470 5020 186120 221680 407800 14390 6740 21130
20230511 09:27:02.001 1 0 3 9 0 0 0 87 4 0 0 4160 8750 0 565 0 1.51 1.04 0.88 1 1 30 0 2 0 0 0 0 0 0 1790 610 2400 132600 114440 247040 3530 450 3980
20230511 09:27:02.101 1 0 2 10 0 1 0 86 4 0 0 9170 4200 0 563 0 1.51 1.04 0.88 1 1 40 40 3 5 0 10 0 0 0 570 440 1010 33040 121840 154880 1110 29110 30220
20230511 09:27:02.201 0 0 1 10 0 0 0 89 1 0 0 3680 7130 0 563 0 1.51 1.04 0.88 1 2 50 0 3 0 0 0 0 0 0 1790 400 2190 60200 69880 130080 4370 1310 5680
20230511 09:27:02.301 2 0 9 9 0 0 0 80 12 0 0 4920 15650 0 563 0 1.51 1.04 0.88 0 2 0 0 0 0 0 0 0 0 0 1790 0 1790 57480 0 57480 5070 0 5070
20230511 09:27:02.401 1 0 1 9 0 0 0 88 3 0 0 2680 5910 0 563 0 1.51 1.04 0.88 2 1 30 0 2 0 0 0 0 0 0 1650 180 1830 75640 49440 125080 4890 40 4930
20230511 09:27:02.501 2 0 2 9 0 0 0 87 4 0 0 2720 5700 0 563 0 1.51 1.04 0.88 0 2 20 0 1 0 0 0 0 0 0 1700 40 1740 84280 4400 88680 5700 0 5700
20230511 09:27:02.601 1 0 12 8 0 0 0 78 13 0 0 9150 13760 0 563 1 1.51 1.04 0.88 0 2 50 0 3 0 0 0 0 0 0 1650 240 1890 66960 52680 119640 5110 13170 18280
20230511 09:27:02.701 2 0 12 3 0 0 0 83 14 0 0 4610 15210 0 563 2 1.51 1.04 0.88 2 1 20 0 1 0 0 0 0 0 0 2580 190 2770 108560 180320 288880 7820 28580 36400
20230511 09:27:02.801 2 0 4 6 0 0 0 87 7 0 0 7480 18050 0 563 0 1.51 1.04 0.88 0 2 10 0 1 0 0 0 0 0 0 5790 160 5950 317800 64840 382639 19820 20 19840
20230511 09:27:02.901 2 0 4 6 0 1 0 87 7 0 0 23950 14740 0 563 1 1.51 1.04 0.88 1 0 10 0 1 0 0 0 0 0 0 3450 690 4140 169160 259200 428360 12760 64110 76870
20230511 09:27:03.001 1 0 4 6 0 1 0 89 6 0 0 7170 19960 0 563 0 1.51 1.04 0.88 1 1 0 0 0 0 0 0 0 0 0 5920 320 6240 144000 157960 301960 19850 2230 22080
20230511 09:27:03.101 2 0 3 6 0 1 0 88 6 0 0 7450 20730 0 563 0 1.51 1.04 0.88 0 2 90 0 5 0 0 20 0 0 0 5720 280 6000 224680 104640 329320 20900 150 21050
20230511 09:27:03.201 1 0 6 4 0 0 0 88 7 0 0 6650 9040 0 563 1 1.51 1.04 0.88 1 0 0 0 0 0 0 0 0 0 0 2170 720 2890 133680 280880 414560 5270 34990 40260
20230511 09:27:03.301 2 0 11 2 0 1 0 84 14 0 0 6810 22730 0 563 1 1.51 1.04 0.88 0 3 40 0 2 0 0 0 0 0 0 3620 290 3910 80800 293560 374359 11010 53880 64890
20230511 09:27:03.401 1 0 4 9 0 0 0 86 5 0 0 6250 14700 0 563 1 1.51 1.04 0.88 1 2 190 0 11 0 0 10 0 0 0 5000 260 5260 205760 211400 417160 19160 30 19190
20230511 09:27:03.501 2 0 5 5 0 0 0 88 7 0 0 4930 13060 0 563 0 1.51 1.04 0.88 2 0 30 0 2 0 0 0 0 0 0 3630 270 3900 139080 146320 285400 11330 20 11350
20230511 09:27:03.601 1 0 14 5 0 0 0 81 15 0 0 6120 17860 0 563 1 1.51 1.04 0.88 1 1 40 0 2 0 0 10 0 0 0 2930 290 3220 162160 142920 305080 7510 210 7720
20230511 09:27:03.701 4 0 13 4 0 2 0 77 19 0 0 4760 13660 0 563 2 1.51 1.04 0.88 1 1 150 0 9 0 0 0 0 0 0 2300 250 2550 186960 147320 334280 3830 210 4040
20230511 09:27:03.801 3 0 4 6 0 1 0 86 8 0 0 13970 13490 0 563 2 1.51 1.04 0.88 2 1 50 0 3 0 0 0 0 0 0 4740 510 5250 231800 138360 370159 10790 7280 18070
20230511 09:27:03.901 3 0 3 5 0 1 0 89 6 0 0 21050 16790 0 563 1 1.51 1.04 0.88 2 0 40 10 3 1 0 0 0 0 0 9350 90 9440 141880 84480 226360 19450 15980 35430
20230511 09:27:04.001 4 0 2 8 0 0 0 87 6 0 0 13310 6090 0 563 2 1.51 1.04 0.88 2 0 10 0 1 0 0 0 0 0 0 2610 420 3030 27920 52680 80600 4340 12750 17090
20230511 09:27:04.101 5 0 2 4 0 0 0 89 7 0 0 11410 3470 0 563 1 1.51 1.04 0.88 2 0 10 0 1 0 0 10 0 0 0 1030 380 1410 23520 37520 61040 4910 9000 13910
20230511 09:27:04.201 6 0 1 6 0 1 0 88 7 0 0 7770 9660 0 563 1 1.51 1.04 0.88 0 2 20 0 1 0 0 0 0 0 0 1190 2170 3360 30200 35440 65640 6370 6690 13060
20230511 09:27:04.301 7 0 8 6 0 0 0 80 14 0 0 10360 13420 0 563 0 1.55 1.05 0.89 2 1 10 0 1 0 0 0 0 0 0 1190 460 1650 30920 34160 65080 6570 8080 14650
20230511 09:27:04.401 6 0 2 6 0 0 0 87 7 0 0 6420 3540 0 563 0 1.55 1.05 0.89 2 0 20 0 1 0 0 10 0 0 0 1190 350 1540 26680 25400 52080 5420 6000 11420
20230511 09:27:04.501 6 0 1 7 0 1 0 85 8 0 0 5780 3080 0 563 1 1.55 1.05 0.89 1 1 50 0 3 0 0 0 0 0 0 1200 280 1480 25760 24000 49760 5240 5720 10960
20230511 09:27:04.601 2 0 5 6 0 0 0 87 7 0 0 11670 27380 0 562 1 1.55 1.05 0.89 2 0 10 0 1 0 0 0 0 0 0 1590 5390 6980 34400 51440 85840 6970 7470 14440
20230511 09:27:04.701 0 0 6 3 0 0 0 90 6 0 0 3120 9060 0 562 1 1.55 1.05 0.89 1 0 90 0 5 0 0 0 0 0 0 640 670 1310 9600 387520 397120 1760 94070 95830
20230511 09:27:04.801 2 0 1 3 0 0 0 94 3 0 0 6560 12770 0 562 1 1.55 1.05 0.89 0 1 20 0 1 0 0 0 0 0 0 5060 0 5060 83560 0 83560 15830 0 15830
20230511 09:27:04.901 2 0 3 2 0 0 0 92 6 0 0 4750 12110 0 562 0 1.55 1.05 0.89 0 1 20 0 1 0 0 0 0 0 0 4180 0 4180 82720 0 82720 16500 0 16500
20230511 09:27:05.001 3 0 1 2 0 0 0 94 4 0 0 3200 7530 0 562 1 1.55 1.05 0.89 1 0 0 0 0 0 0 0 0 0 0 2560 0 2560 82520 0 82520 9080 0 9080
20230511 09:27:05.101 5 0 1 1 0 0 0 94 6 0 0 2260 5620 0 562 2 1.55 1.05 0.89 1 1 30 0 2 0 0 30 0 0 0 1500 60 1560 25320 31000 56320 4830 80 4910
20230511 09:27:05.201 4 0 1 2 0 1 0 92 6 0 0 1620 2650 0 562 1 1.55 1.05 0.89 1 0 0 0 0 0 0 0 0 0 0 950 140 1090 24480 97280 121760 5240 20 5260
20230511 09:27:05.301 4 0 16 1 0 0 0 79 20 0 0 4190 13880 0 562 1 1.55 1.05 0.89 1 0 80 0 5 0 0 0 0 0 0 1070 0 1070 25560 0 25560 5250 0 5250
20230511 09:27:05.401 5 0 1 1 0 0 0 93 6 0 0 2100 3160 0 562 0 1.55 1.05 0.89 2 0 130 0 8 0 0 0 0 0 0 1370 0 1370 29440 0 29440 5990 0 5990
20230511 09:27:05.501 6 0 0 0 0 0 0 94 6 0 0 680 700 0 562 1 1.55 1.05 0.89 1 0 10 0 1 0 0 0 0 0 0 200 0 200 4360 0 4360 890 0 890
20230511 09:27:05.601 6 0 9 1 0 0 0 84 16 0 0 3720 7610 0 562 0 1.55 1.05 0.89 1 0 40 0 2 0 0 10 0 0 0 810 0 810 15320 0 15320 3090 0 3090
20230511 09:27:05.701 1 0 6 3 0 0 0 91 6 0 0 3200 10290 0 562 1 1.55 1.05 0.89 0 1 150 0 9 0 0 0 0 0 0 890 530 1420 19280 339360 358640 3930 71420 75350
20230511 09:27:05.801 2 0 1 7 0 0 0 90 2 0 0 4320 10010 0 562 0 1.55 1.05 0.89 0 2 30 0 2 0 0 0 0 0 0 2910 10 2920 60160 760 60920 12130 180 12310
20230511 09:27:05.901 1 0 2 7 0 0 0 90 2 0 0 1430 3040 0 562 0 1.55 1.05 0.89 1 0 30 0 2 0 0 10 0 0 0 1030 10 1040 20360 40 20400 4060 0 4060
20230511 09:27:06.001 1 0 1 5 0 0 0 94 1 0 0 2230 5200 0 562 0 1.55 1.05 0.89 0 1 40 0 2 0 0 0 0 0 0 1710 0 1710 38120 0 38120 7820 0 7820
20230511 09:27:06.101 3 0 1 3 0 0 0 94 3 0 0 1800 3010 0 562 1 1.55 1.05 0.89 1 0 20 0 1 0 0 30 0 0 0 1040 0 1040 23920 0 23920 4870 0 4870
20230511 09:27:06.201 4 0 2 1 0 1 0 93 7 0 0 1290 2040 0 562 1 1.55 1.05 0.89 1 0 30 0 2 0 0 0 0 0 0 830 0 830 17120 0 17120 3520 0 3520
20230511 09:27:06.301 5 0 14 2 0 0 0 79 19 0 0 4580 15530 0 562 0 1.55 1.05 0.89 1 0 10 0 1 0 0 0 0 0 0 1330 360 1690 29840 132600 162440 6060 30 6090
20230511 09:27:06.401 4 0 1 1 0 0 0 94 6 0 0 2750 4660 0 562 1 1.55 1.05 0.89 1 0 0 0 0 0 0 0 0 0 0 2090 0 2090 40680 0 40680 8080 0 8080
20230511 09:27:06.501 3 0 2 1 0 0 0 93 6 0 0 1680 3070 0 562 1 1.55 1.05 0.89 1 0 40 10 2 1 0 0 0 0 0 890 130 1020 16040 66760 82800 3120 650 3770
20230511 09:27:06.601 6 0 7 0 0 0 0 87 13 0 0 2920 7530 0 562 1 1.55 1.05 0.89 1 0 110 0 7 0 0 20 0 0 0 130 20 150 3680 880 4560 790 200 990
20230511 09:27:06.701 6 0 9 1 0 0 0 85 14 0 0 2150 6670 0 562 1 1.55 1.05 0.89 1 0 130 0 8 0 0 0 0 0 0 190 340 530 5160 72360 77520 1100 80 1180
20230511 09:27:06.801 3 0 1 2 0 1 0 93 5 0 0 4150 8360 0 561 1 1.55 1.05 0.89 1 0 30 20 2 5 0 0 0 0 0 2090 360 2450 44040 154440 198480 8920 2850 11770
20230511 09:27:06.901 1 0 4 3 0 0 0 92 5 0 0 2790 5820 0 561 0 1.55 1.05 0.89 1 0 100 10 7 1 0 0 0 0 0 1340 560 1900 24520 279960 304480 4790 18300 23090
20230511 09:27:07.001 0 0 5 2 0 0 0 93 5 0 0 4070 11380 0 561 1 1.55 1.05 0.89 0 1 0 0 0 0 0 0 0 0 0 3110 360 3470 55760 221800 277560 10830 5280 16110
20230511 09:27:07.101 0 0 4 3 0 0 0 94 4 0 0 3030 9070 0 561 1 1.55 1.05 0.89 0 1 60 10 4 1 0 20 0 0 0 1840 390 2230 37920 254200 292120 7640 25660 33300
20230511 09:27:07.201 0 0 5 3 0 0 0 92 5 0 0 5100 14540 0 561 1 1.55 1.05 0.89 1 0 20 0 1 0 0 0 0 0 0 3910 390 4300 75040 199120 274160 14850 15350 30200
20230511 09:27:07.301 2 0 13 2 0 0 0 84 14 0 0 5190 14960 300 561 0 1.55 1.05 0.89 0 0 10 10 1 1 0 0 0 0 0 410 920 1330 8800 402719 411519 1790 13920 15710
