Date Time [CPU]User% [CPU]Nice% [CPU]Sys% [CPU]Wait% [CPU]Irq% [CPU]Soft% [CPU]Steal% [CPU]Idle% [CPU]Totl% [CPU]Guest% [CPU]GuestN% [CPU]Intrpt/sec [CPU]Ctx/sec [CPU]Proc/sec [CPU]ProcQue [CPU]ProcRun [CPU]L-Avg1 [CPU]L-Avg5 [CPU]L-Avg15 [CPU]RunTot [CPU]BlkTot [NET]RxPktTot [NET]TxPktTot [NET]RxKBTot [NET]TxKBTot [NET]RxCmpTot [NET]RxMltTot [NET]TxCmpTot [NET]RxErrsTot [NET]TxErrsTot [DSK]ReadTot [DSK]WriteTot [DSK]OpsTot [DSK]ReadKBTot [DSK]WriteKBTot [DSK]KbTot [DSK]ReadMrgTot [DSK]WriteMrgTot [DSK]MrgTot
20230509 17:27:26.101 23 0 1 0 0 1 0 74 26 0 0 2940 1860 0 575 5 1.25 1.75 2.76 4 0 840 60 52 7 0 0 0 0 0 0 0 0 0 0 0 0 0 0
20230509 17:27:26.201 23 0 2 0 0 1 0 74 26 0 0 2560 3190 0 575 4 1.25 1.75 2.76 5 0 760 30 46 4 0 0 0 0 0 0 0 0 0 0 0 0 0 0
20230509 17:27:26.301 25 0 4 0 0 0 0 71 29 0 0 2520 1040 60 578 5 1.25 1.75 2.76 5 0 490 0 29 0 0 10 0 0 0 0 0 0 0 0 0 0 0 0
20230509 17:27:26.401 24 0 6 0 0 1 0 69 31 0 0 5030 7720 60 578 4 1.25 1.75 2.76 4 0 940 0 55 0 0 0 0 0 0 0 0 0 0 0 0 0 0 0
20230509 17:27:26.501 22 0 3 0 0 0 0 75 25 0 0 2200 620 0 578 4 1.25 1.75 2.76 4 0 770 0 45 0 0 0 0 0 0 0 0 0 0 0 0 0 0 0
20230509 17:27:26.601 21 0 4 0 0 0 0 75 25 0 0 2620 540 0 578 4 1.25 1.75 2.76 4 0 900 0 53 0 0 10 0 0 0 0 0 0 0 0 0 0 0 0
20230509 17:27:26.701 24 0 4 0 0 1 0 71 29 0 0 3970 4760 0 578 4 1.25 1.75 2.76 4 0 580 0 34 0 0 0 0 0 0 0 0 0 0 0 0 0 0 0
20230509 17:27:26.801 23 0 2 0 0 0 0 75 25 0 0 2560 560 0 578 4 1.25 1.75 2.76 4 0 1070 0 63 0 0 0 0 0 0 0 0 0 0 0 0 0 0 0
20230509 17:27:26.901 23 0 2 0 0 0 0 75 25 0 0 2300 1020 0 578 4 1.25 1.75 2.76 4 0 600 30 36 2 0 0 0 0 0 0 0 0 0 0 0 0 0 0
20230509 17:27:27.001 22 0 7 0 0 1 0 70 30 0 0 3670 5780 0 578 4 1.25 1.75 2.76 4 0 700 0 41 0 0 0 0 0 0 0 0 0 0 0 0 0 0 0
20230509 17:27:27.101 22 0 3 0 0 0 0 75 25 0 0 2000 310 0 578 4 1.25 1.75 2.76 4 0 520 0 30 0 0 0 0 0 0 0 0 0 0 0 0 0 0 0
20230509 17:27:27.201 23 0 3 0 0 0 0 75 25 0 0 2050 320 0 578 4 1.25 1.75 2.76 4 0 570 0 33 0 0 0 0 0 0 0 0 0 0 0 0 0 0 0
20230509 17:27:27.301 24 0 1 0 0 1 0 75 25 0 0 2140 260 0 578 4 1.25 1.75 2.76 4 0 770 0 45 0 0 0 0 0 0 0 0 0 0 0 0 0 0 0
20230509 17:27:27.401 23 0 9 0 0 0 0 68 32 0 0 4780 9880 90 575 4 1.25 1.75 2.76 4 0 670 0 39 0 0 0 0 0 0 0 0 0 0 0 0 0 0 0
20230509 17:27:27.501 23 0 2 0 0 2 0 73 27 0 0 1890 560 0 575 4 1.25 1.75 2.76 4 0 300 0 18 0 0 0 0 0 0 0 0 0 0 0 0 0 0 0
20230509 17:27:27.601 20 0 5 0 0 0 0 75 25 0 0 2090 3030 0 575 4 1.25 1.75 2.76 4 0 470 10 28 1 0 20 0 0 0 0 0 0 0 0 0 0 0 0
20230509 17:27:27.701 24 0 4 1 0 1 0 71 28 0 0 4080 5280 0 575 4 1.25 1.75 2.76 4 0 540 0 32 0 0 0 0 0 0 0 20 20 0 1160 1160 0 270 270
20230509 17:27:27.801 23 0 2 0 0 0 0 75 25 0 0 2260 490 0 575 4 1.25 1.75 2.76 4 0 680 0 40 0 0 10 0 0 0 0 0 0 0 0 0 0 0 0
20230509 17:27:27.901 24 0 2 0 0 0 0 74 26 0 0 2050 620 0 575 4 1.25 1.75 2.76 4 0 370 0 22 0 0 0 0 0 0 0 0 0 0 0 0 0 0 0
20230509 17:27:28.001 22 0 8 0 0 0 0 70 30 0 0 3660 8110 0 575 4 1.25 1.75 2.76 4 0 450 0 26 0 0 0 0 0 0 0 0 0 0 0 0 0 0 0
20230509 17:27:28.101 19 0 6 0 0 1 0 75 25 0 0 2170 340 0 575 4 1.25 1.75 2.76 4 0 860 0 50 0 0 0 0 0 0 0 0 0 0 0 0 0 0 0
20230509 17:27:28.201 22 0 4 0 0 0 0 74 26 0 0 2510 340 0 575 4 1.25 1.75 2.76 4 0 770 0 45 0 0 0 0 0 0 0 0 0 0 0 0 0 0 0
20230509 17:27:28.301 23 0 3 0 0 0 0 75 25 0 0 2200 440 0 575 4 1.25 1.75 2.76 4 0 640 0 37 0 0 0 0 0 0 0 0 0 0 0 0 0 0 0
20230509 17:27:28.401 24 0 5 0 0 2 0 68 32 0 0 4600 8900 0 575 4 1.25 1.75 2.76 4 0 690 0 40 0 0 0 0 0 0 0 0 0 0 0 0 0 0 0
20230509 17:27:28.501 24 0 2 0 0 0 0 75 25 0 0 2290 240 0 575 4 1.25 1.75 2.76 4 0 780 0 46 0 0 0 0 0 0 0 0 0 0 0 0 0 0 0
20230509 17:27:28.601 21 0 4 0 0 1 0 74 26 0 0 2210 460 0 575 4 1.25 1.75 2.76 4 0 700 0 41 0 0 20 0 0 0 0 0 0 0 0 0 0 0 0
20230509 17:27:28.701 24 0 4 0 0 1 0 71 29 0 0 4040 5750 0 575 4 1.25 1.75 2.76 4 0 620 0 36 0 0 0 0 0 0 0 0 0 0 0 0 0 0 0
20230509 17:27:28.801 22 0 3 0 0 1 0 74 26 0 0 1960 380 0 575 4 1.25 1.75 2.76 5 0 490 0 29 0 0 0 0 0 0 0 0 0 0 0 0 0 0 0
20230509 17:27:28.901 22 0 2 0 0 0 0 75 25 0 0 2000 640 0 575 4 1.25 1.75 2.76 4 0 670 0 39 0 0 0 0 0 0 0 0 0 0 0 0 0 0 0
20230509 17:27:29.001 25 0 6 0 0 0 0 69 31 0 0 4070 7660 0 575 4 1.25 1.75 2.76 4 0 860 0 50 0 0 0 0 0 0 0 0 0 0 0 0 0 0 0
20230509 17:27:29.101 25 0 1 0 0 0 0 74 26 0 0 2140 280 0 575 4 1.25 1.75 2.76 4 0 570 0 33 0 0 0 0 0 0 0 0 0 0 0 0 0 0 0
20230509 17:27:29.201 25 0 0 0 0 1 0 75 25 0 0 2250 320 0 575 4 1.47 1.78 2.77 6 0 770 0 45 0 0 0 0 0 0 0 0 0 0 0 0 0 0 0
20230509 17:27:29.301 25 0 1 0 0 0 0 75 25 0 0 2170 260 0 575 4 1.47 1.78 2.77 4 0 680 0 40 0 0 0 0 0 0 0 0 0 0 0 0 0 0 0
20230509 17:27:29.401 25 0 6 0 0 0 0 69 31 0 0 3970 9480 0 575 4 1.47 1.78 2.77 4 0 170 0 10 0 0 0 0 0 0 0 90 90 0 3000 3000 0 660 660
20230509 17:27:29.501 24 0 1 0 0 0 0 74 26 0 0 1870 340 0 575 4 1.47 1.78 2.77 4 0 300 0 18 0 0 0 0 0 0 0 0 0 0 0 0 0 0 0
20230509 17:27:29.601 24 0 1 0 0 0 0 75 25 0 0 2030 1730 0 575 4 1.47 1.78 2.77 4 0 470 0 28 0 0 20 0 0 0 0 0 0 0 0 0 0 0 0
20230509 17:27:29.701 25 0 3 0 0 1 0 70 30 0 0 3910 6160 0 575 4 1.47 1.78 2.77 4 0 520 0 30 0 0 0 0 0 0 0 0 0 0 0 0 0 0 0
20230509 17:27:29.801 24 0 1 0 0 1 0 74 26 0 0 2280 410 0 575 4 1.47 1.78 2.77 5 0 690 0 40 0 0 30 0 0 0 0 0 0 0 0 0 0 0 0
20230509 17:27:29.901 25 0 1 0 0 0 0 74 26 0 0 2320 690 0 575 4 1.47 1.78 2.77 4 0 620 0 36 0 0 0 0 0 0 0 0 0 0 0 0 0 0 0
20230509 17:27:30.001 25 0 5 0 0 0 0 70 30 0 0 3710 8030 0 575 4 1.47 1.78 2.77 4 0 580 0 34 0 0 0 0 0 0 0 0 0 0 0 0 0 0 0
20230509 17:27:30.101 24 0 1 0 0 1 0 74 26 0 0 2460 1500 0 575 4 1.47 1.78 2.77 4 0 810 0 47 0 0 10 0 0 0 0 0 0 0 0 0 0 0 0
20230509 17:27:30.201 24 0 2 0 0 0 0 74 26 0 0 2020 370 0 575 4 1.47 1.78 2.77 5 0 400 0 23 0 0 0 0 0 0 0 0 0 0 0 0 0 0 0
20230509 17:27:30.301 24 0 1 0 0 0 0 75 25 0 0 2130 270 0 575 4 1.47 1.78 2.77 5 0 600 0 35 0 0 0 0 0 0 0 0 0 0 0 0 0 0 0
20230509 17:27:30.401 25 0 6 0 0 0 0 68 32 0 0 4610 9680 0 575 4 1.47 1.78 2.77 5 0 830 0 49 0 0 20 0 0 0 0 0 0 0 0 0 0 0 0
20230509 17:27:30.501 25 0 1 0 0 1 0 74 26 0 0 1850 260 0 575 4 1.47 1.78 2.77 4 0 540 0 32 0 0 0 0 0 0 0 0 0 0 0 0 0 0 0
20230509 17:27:30.601 24 0 1 0 0 0 0 75 25 0 0 2450 320 0 575 4 1.47 1.78 2.77 4 0 760 0 45 0 0 0 0 0 0 0 0 0 0 0 0 0 0 0
20230509 17:27:30.701 25 0 3 0 0 1 0 71 29 0 0 4130 4580 0 575 4 1.47 1.78 2.77 4 0 750 0 44 0 0 0 0 0 0 0 0 0 0 0 0 0 0 0
20230509 17:27:30.801 28 0 4 0 0 1 0 67 33 0 0 3980 1690 30 575 4 1.47 1.78 2.77 4 0 570 20 33 3 0 0 0 0 0 0 0 0 0 0 0 0 0 0
20230509 17:27:30.901 26 0 1 0 0 0 0 74 26 0 0 2720 1220 0 575 4 1.47 1.78 2.77 4 0 870 20 55 2 0 0 0 0 0 0 0 0 0 0 0 0 0 0
20230509 17:27:31.001 23 0 7 0 0 1 0 69 31 0 0 3850 6380 0 575 4 1.47 1.78 2.77 5 0 520 0 30 0 0 0 0 0 0 0 0 0 0 0 0 0 0 0
20230509 17:27:31.101 25 0 1 0 0 0 0 75 25 0 0 2260 750 0 575 4 1.47 1.78 2.77 4 0 600 20 36 2 0 10 0 0 0 0 0 0 0 0 0 0 0 0
20230509 17:27:31.201 25 0 1 0 0 0 0 75 25 0 0 2320 460 0 575 4 1.47 1.78 2.77 4 0 800 10 48 1 0 0 0 0 0 0 0 0 0 0 0 0 0 0
20230509 17:27:31.301 26 0 2 0 0 1 0 71 29 0 0 2940 920 60 578 5 1.47 1.78 2.77 5 0 1050 0 62 0 0 0 0 0 0 0 0 0 0 0 0 0 0 0
20230509 17:27:31.401 26 0 7 0 0 0 0 67 33 0 0 4810 8680 60 578 4 1.47 1.78 2.77 4 0 300 0 18 0 0 10 0 0 0 0 0 0 0 0 0 0 0 0
20230509 17:27:31.501 24 0 1 0 0 1 0 74 26 0 0 2130 360 0 578 4 1.47 1.78 2.77 4 0 540 0 32 0 0 0 0 0 0 0 0 0 0 0 0 0 0 0
20230509 17:27:31.601 25 0 1 0 0 0 0 75 25 0 0 2060 1540 0 578 4 1.47 1.78 2.77 4 0 470 0 28 0 0 10 0 0 0 0 0 0 0 0 0 0 0 0
20230509 17:27:31.701 25 0 2 0 0 2 0 70 30 0 0 3980 5580 0 578 4 1.47 1.78 2.77 4 0 400 0 23 0 0 0 0 0 0 0 0 0 0 0 0 0 0 0
20230509 17:27:31.801 24 0 1 0 0 1 0 74 26 0 0 2120 490 0 578 4 1.47 1.78 2.77 5 0 630 10 37 1 0 0 0 0 0 0 0 0 0 0 0 0 0 0
20230509 17:27:31.901 24 0 1 0 0 0 0 74 26 0 0 2570 1020 0 578 4 1.47 1.78 2.77 4 0 810 20 48 2 0 20 0 0 0 0 0 0 0 0 0 0 0 0
20230509 17:27:32.001 23 0 7 0 0 1 0 69 31 0 0 3720 5860 0 578 4 1.47 1.78 2.77 4 0 590 0 35 0 0 0 0 0 0 0 0 0 0 0 0 0 0 0
20230509 17:27:32.101 25 0 1 0 0 0 0 74 26 0 0 2280 320 0 578 4 1.47 1.78 2.77 4 0 820 0 48 0 0 0 0 0 0 0 0 0 0 0 0 0 0 0
20230509 17:27:32.201 25 0 0 0 0 0 0 75 25 0 0 2120 350 0 578 4 1.47 1.78 2.77 5 0 490 0 29 0 0 0 0 0 0 0 0 0 0 0 0 0 0 0
20230509 17:27:32.301 25 0 1 0 0 1 0 74 26 0 0 1930 300 0 578 4 1.47 1.78 2.77 5 0 390 0 23 0 0 0 0 0 0 0 0 0 0 0 0 0 0 0
20230509 17:27:32.401 25 0 8 0 0 0 0 67 33 0 0 4710 10260 90 575 4 1.47 1.78 2.77 5 0 750 0 44 0 0 10 0 0 0 0 0 0 0 0 0 0 0 0
20230509 17:27:32.501 24 0 1 0 0 0 0 75 25 0 0 2320 520 0 575 4 1.47 1.78 2.77 4 0 620 0 36 0 0 0 0 0 0 0 0 0 0 0 0 0 0 0
20230509 17:27:32.601 25 0 1 0 0 1 0 74 26 0 0 2460 1710 0 575 4 1.47 1.78 2.77 4 0 880 10 52 1 0 20 0 0 0 0 0 0 0 0 0 0 0 0
20230509 17:27:32.701 26 0 3 1 0 0 0 71 28 0 0 4120 5660 0 575 4 1.47 1.78 2.77 4 0 650 0 38 0 0 0 0 0 0 0 20 20 0 160 160 0 20 20
20230509 17:27:32.801 24 0 1 0 0 1 0 74 26 0 0 1890 420 0 575 4 1.47 1.78 2.77 6 0 350 0 21 0 0 0 0 0 0 0 0 0 0 0 0 0 0 0
20230509 17:27:32.901 25 0 1 0 0 0 0 75 25 0 0 2400 710 0 575 4 1.47 1.78 2.77 4 0 920 0 54 0 0 0 0 0 0 0 0 0 0 0 0 0 0 0
20230509 17:27:33.001 25 0 4 0 0 1 0 70 30 0 0 3780 5640 0 575 4 1.47 1.78 2.77 4 0 380 10 22 1 0 0 0 0 0 0 0 0 0 0 0 0 0 0
20230509 17:27:33.101 25 0 1 0 0 0 0 75 25 0 0 2170 320 0 575 4 1.47 1.78 2.77 4 0 580 0 34 0 0 10 0 0 0 0 0 0 0 0 0 0 0 0
20230509 17:27:33.201 24 0 2 0 0 0 0 75 25 0 0 2400 440 0 575 4 1.47 1.78 2.77 4 0 830 0 49 0 0 0 0 0 0 0 0 0 0 0 0 0 0 0
20230509 17:27:33.301 24 0 1 0 0 1 0 74 26 0 0 2170 240 0 575 4 1.47 1.78 2.77 4 0 620 0 36 0 0 0 0 0 0 0 0 0 0 0 0 0 0 0
20230509 17:27:33.401 25 0 6 0 0 0 0 69 31 0 0 4180 9320 0 575 4 1.47 1.78 2.77 4 0 660 0 39 0 0 0 0 0 0 0 0 0 0 0 0 0 0 0
20230509 17:27:33.501 22 0 3 0 0 1 0 74 26 0 0 2170 340 0 575 4 1.47 1.78 2.77 4 0 650 0 38 0 0 0 0 0 0 0 0 0 0 0 0 0 0 0
20230509 17:27:33.601 22 0 3 0 0 0 0 75 25 0 0 1990 1450 0 575 4 1.47 1.78 2.77 5 0 500 0 29 0 0 0 0 0 0 0 0 0 0 0 0 0 0 0
20230509 17:27:33.701 25 0 4 0 0 1 0 70 30 0 0 4250 6380 0 575 4 1.47 1.78 2.77 4 0 790 0 46 0 0 0 0 0 0 0 0 0 0 0 0 0 0 0
20230509 17:27:33.801 24 0 1 0 0 1 0 74 26 0 0 2480 270 0 575 4 1.47 1.78 2.77 4 0 880 0 52 0 0 0 0 0 0 0 0 0 0 0 0 0 0 0
20230509 17:27:33.901 24 0 1 0 0 1 0 75 25 0 0 2360 640 0 575 4 1.47 1.78 2.77 4 0 720 0 42 0 0 10 0 0 0 0 0 0 0 0 0 0 0 0
20230509 17:27:34.001 15 0 15 0 0 0 0 69 31 0 0 4210 6450 0 575 4 1.47 1.78 2.77 4 0 800 0 47 0 0 0 0 0 0 0 0 0 0 0 0 0 0 0
20230509 17:27:34.101 20 0 5 0 0 0 0 75 25 0 0 2490 340 0 575 4 1.47 1.78 2.77 4 0 920 0 54 0 0 0 0 0 0 0 0 0 0 0 0 0 0 0
20230509 17:27:34.201 24 0 1 0 0 0 0 74 26 0 0 2060 400 0 575 4 1.67 1.82 2.78 4 0 510 0 30 0 0 0 0 0 0 0 0 0 0 0 0 0 0 0
20230509 17:27:34.301 24 0 1 0 0 1 0 75 25 0 0 1900 160 0 575 4 1.67 1.82 2.78 4 0 510 0 30 0 0 0 0 0 0 0 0 0 0 0 0 0 0 0
20230509 17:27:34.401 25 0 7 0 0 0 0 69 31 0 0 4550 8760 0 575 4 1.67 1.82 2.78 4 0 810 0 47 0 0 30 0 0 0 0 80 80 0 1120 1120 0 200 200
20230509 17:27:34.501 24 0 1 0 0 1 0 74 26 0 0 2180 380 0 575 4 1.67 1.82 2.78 4 0 670 0 39 0 0 0 0 0 0 0 0 0 0 0 0 0 0 0
20230509 17:27:34.601 24 0 2 0 0 0 0 75 25 0 0 2210 520 0 575 4 1.67 1.82 2.78 4 0 770 10 45 1 0 0 0 0 0 0 0 0 0 0 0 0 0 0
20230509 17:27:34.701 24 0 5 0 0 0 0 71 29 0 0 4600 6560 0 575 4 1.67 1.82 2.78 4 0 830 0 49 0 0 0 0 0 0 0 0 0 0 0 0 0 0 0
20230509 17:27:34.801 24 0 1 0 0 1 0 75 25 0 0 1890 360 0 575 4 1.67 1.82 2.78 4 0 360 0 21 0 0 0 0 0 0 0 0 0 0 0 0 0 0 0
20230509 17:27:34.901 23 0 2 0 0 0 0 74 26 0 0 2460 610 0 575 4 1.67 1.82 2.78 4 0 820 0 48 0 0 10 0 0 0 0 0 0 0 0 0 0 0 0
20230509 17:27:35.001 19 0 10 0 0 1 0 70 30 0 0 3580 5150 0 575 4 1.67 1.82 2.78 4 0 520 0 30 0 0 0 0 0 0 0 0 0 0 0 0 0 0 0
20230509 17:27:35.101 21 0 4 0 0 0 0 75 25 0 0 2310 1580 0 575 4 1.67 1.82 2.78 4 0 690 0 40 0 0 0 0 0 0 0 0 0 0 0 0 0 0 0
20230509 17:27:35.201 21 0 4 0 0 0 0 75 25 0 0 2420 320 0 575 4 1.67 1.82 2.78 4 0 890 0 52 0 0 0 0 0 0 0 0 0 0 0 0 0 0 0
20230509 17:27:35.301 21 0 4 0 0 1 0 74 26 0 0 2520 240 0 575 4 1.67 1.82 2.78 4 0 1030 0 60 0 0 0 0 0 0 0 0 0 0 0 0 0 0 0
20230509 17:27:35.401 18 0 13 0 0 1 0 67 33 0 0 4700 10480 0 575 4 1.67 1.82 2.78 5 0 660 0 39 0 0 10 0 0 0 0 0 0 0 0 0 0 0 0
20230509 17:27:35.501 21 0 4 0 0 1 0 74 26 0 0 2430 320 0 575 4 1.67 1.82 2.78 4 0 570 0 33 0 0 0 0 0 0 0 0 0 0 0 0 0 0 0
20230509 17:27:35.601 21 0 4 0 0 1 0 74 26 0 0 2250 1330 0 575 4 1.67 1.82 2.78 4 0 660 0 39 0 0 10 0 0 0 0 0 0 0 0 0 0 0 0
20230509 17:27:35.701 24 0 4 0 0 2 0 70 30 0 0 3740 5640 0 575 4 1.67 1.82 2.78 4 0 250 0 15 0 0 0 0 0 0 0 0 0 0 0 0 0 0 0
20230509 17:27:35.801 24 0 1 0 0 1 0 74 26 0 0 2320 350 0 575 4 1.67 1.82 2.78 4 0 780 0 46 0 0 0 0 0 0 0 0 0 0 0 0 0 0 0
20230509 17:27:35.901 24 0 1 0 0 0 0 75 25 0 0 2460 660 0 575 4 1.67 1.82 2.78 4 0 710 0 42 0 0 0 0 0 0 0 0 0 0 0 0 0 0 0
20230509 17:27:36.001 24 0 4 0 0 2 0 70 30 0 0 3890 5160 0 575 4 1.67 1.82 2.78 4 0 740 0 43 0 0 0 0 0 0 0 0 0 0 0 0 0 0 0
20230509 17:27:36.101 25 0 1 0 0 1 0 74 26 0 0 2400 340 0 575 4 1.67 1.82 2.78 4 0 940 0 55 0 0 20 0 0 0 0 0 0 0 0 0 0 0 0
20230509 17:27:36.201 25 0 0 0 0 0 0 75 25 0 0 2560 380 0 575 4 1.67 1.82 2.78 4 0 780 0 46 0 0 0 0 0 0 0 0 0 0 0 0 0 0 0
20230509 17:27:36.301 24 0 4 0 0 1 0 71 29 0 0 2670 940 50 577 6 1.67 1.82 2.78 6 0 510 0 30 0 0 0 0 0 0 0 0 0 0 0 0 0 0 0
20230509 17:27:36.401 21 0 12 0 0 0 0 67 33 0 0 5090 10280 70 578 4 1.67 1.82 2.78 4 0 620 0 36 0 0 40 0 0 0 0 0 0 0 0 0 0 0 0
20230509 17:27:36.501 20 0 6 0 0 1 0 73 27 0 0 2500 440 0 578 4 1.67 1.82 2.78 4 0 760 0 45 0 0 0 0 0 0 0 0 0 0 0 0 0 0 0
20230509 17:27:36.601 8 0 18 0 0 0 0 75 25 0 0 2130 380 0 578 4 1.67 1.82 2.78 4 0 560 0 33 0 0 0 0 0 0 0 0 0 0 0 0 0 0 0
20230509 17:27:36.701 22 0 7 0 0 1 0 70 30 0 0 4180 4970 0 578 4 1.67 1.82 2.78 4 0 830 0 49 0 0 0 0 0 0 0 0 0 0 0 0 0 0 0
20230509 17:27:36.801 21 0 4 0 0 2 0 73 27 0 0 2140 760 0 578 4 1.67 1.82 2.78 4 0 640 10 39 1 0 0 0 0 0 0 0 0 0 0 0 0 0 0
20230509 17:27:36.901 24 0 1 0 0 1 0 74 26 0 0 2280 960 0 578 4 1.67 1.82 2.78 5 0 680 10 40 1 0 0 0 0 0 0 0 0 0 0 0 0 0 0
20230509 17:27:37.001 25 0 3 0 0 1 0 71 29 0 0 3780 4890 0 578 4 1.67 1.82 2.78 4 0 630 0 37 0 0 0 0 0 0 0 0 0 0 0 0 0 0 0
20230509 17:27:37.101 20 0 5 0 0 1 0 74 26 0 0 2270 260 0 578 4 1.67 1.82 2.78 4 0 740 0 43 0 0 0 0 0 0 0 0 0 0 0 0 0 0 0
20230509 17:27:37.201 20 0 5 0 0 0 0 75 25 0 0 2320 420 0 578 4 1.67 1.82 2.78 4 0 780 0 46 0 0 10 0 0 0 0 0 0 0 0 0 0 0 0
20230509 17:27:37.301 11 0 14 0 0 0 0 74 26 0 0 2320 300 0 578 4 1.67 1.82 2.78 4 0 720 0 42 0 0 0 0 0 0 0 0 0 0 0 0 0 0 0
20230509 17:27:37.401 20 0 12 0 0 1 0 67 33 0 0 4570 9520 90 575 4 1.67 1.82 2.78 4 0 470 0 28 0 0 20 0 0 0 0 0 0 0 0 0 0 0 0
20230509 17:27:37.501 24 0 1 0 0 0 0 75 25 0 0 2670 500 0 575 4 1.67 1.82 2.78 4 0 870 0 51 0 0 0 0 0 0 0 0 0 0 0 0 0 0 0
20230509 17:27:37.601 22 0 3 0 0 0 0 74 26 0 0 2220 2770 0 575 4 1.67 1.82 2.78 4 0 610 10 36 1 0 0 0 0 0 0 0 0 0 0 0 0 0 0
20230509 17:27:37.701 24 0 5 0 0 1 0 70 30 0 0 4130 5760 0 575 4 1.67 1.82 2.78 4 0 770 0 45 0 0 20 0 0 0 0 20 20 0 200 200 0 30 30
20230509 17:27:37.801 24 0 1 0 0 0 0 75 25 0 0 2500 380 0 575 4 1.67 1.82 2.78 5 0 880 0 52 0 0 0 0 0 0 0 0 0 0 0 0 0 0 0
20230509 17:27:37.901 25 0 0 0 0 1 0 75 25 0 0 2230 750 0 575 4 1.67 1.82 2.78 4 0 600 0 35 0 0 10 0 0 0 0 0 0 0 0 0 0 0 0
20230509 17:27:38.001 20 0 8 0 0 1 0 71 29 0 0 3900 5540 0 575 4 1.67 1.82 2.78 4 0 850 0 50 0 0 0 0 0 0 0 0 0 0 0 0 0 0 0
20230509 17:27:38.101 20 0 5 0 0 0 0 75 25 0 0 2160 340 0 575 4 1.67 1.82 2.78 5 0 600 0 35 0 0 0 0 0 0 0 0 0 0 0 0 0 0 0
20230509 17:27:38.201 12 0 13 0 0 0 0 75 25 0 0 2470 420 0 575 4 1.67 1.82 2.78 4 0 960 0 56 0 0 20 0 0 0 0 0 0 0 0 0 0 0 0
20230509 17:27:38.301 12 0 13 0 0 0 0 75 25 0 0 2320 400 0 575 4 1.67 1.82 2.78 4 0 610 0 36 0 0 0 0 0 0 0 0 0 0 0 0 0 0 0
20230509 17:27:38.401 18 0 13 0 0 1 0 69 31 0 0 4570 9690 0 575 4 1.67 1.82 2.78 4 0 600 0 35 0 0 20 0 0 0 0 0 0 0 0 0 0 0 0
20230509 17:27:38.501 22 0 3 0 0 0 0 75 25 0 0 2320 440 0 575 4 1.67 1.82 2.78 4 0 870 0 51 0 0 0 0 0 0 0 0 0 0 0 0 0 0 0
20230509 17:27:38.601 22 0 3 0 0 0 0 75 25 0 0 2340 250 0 575 4 1.67 1.82 2.78 4 0 710 0 42 0 0 0 0 0 0 0 0 0 0 0 0 0 0 0
20230509 17:27:38.701 23 0 6 0 0 2 0 69 31 0 0 4540 6050 0 575 4 1.67 1.82 2.78 4 0 770 0 45 0 0 0 0 0 0 0 0 0 0 0 0 0 0 0
20230509 17:27:38.801 25 0 1 0 0 0 0 74 26 0 0 2540 380 0 575 4 1.67 1.82 2.78 4 0 930 0 54 0 0 0 0 0 0 0 0 0 0 0 0 0 0 0
20230509 17:27:38.901 25 0 1 0 0 0 0 75 25 0 0 2190 580 0 575 4 1.67 1.82 2.78 4 0 600 0 35 0 0 10 0 0 0 0 0 0 0 0 0 0 0 0
20230509 17:27:39.001 25 0 4 0 0 1 0 70 30 0 0 4050 5610 0 575 4 1.67 1.82 2.78 4 0 720 0 42 0 0 0 0 0 0 0 0 0 0 0 0 0 0 0
20230509 17:27:39.101 20 0 5 0 0 0 0 75 25 0 0 1930 320 0 575 4 1.67 1.82 2.78 4 0 370 0 22 0 0 0 0 0 0 0 0 0 0 0 0 0 0 0
20230509 17:27:39.201 22 0 3 0 0 1 0 74 26 0 0 2040 320 0 575 4 1.86 1.86 2.78 4 0 510 0 30 0 0 10 0 0 0 0 0 0 0 0 0 0 0 0
20230509 17:27:39.301 21 0 4 0 0 0 0 75 25 0 0 2500 300 0 575 4 1.86 1.86 2.78 4 0 1190 0 70 0 0 0 0 0 0 0 0 0 0 0 0 0 0 0
20230509 17:27:39.401 23 0 7 1 0 0 0 69 30 0 0 4560 9820 0 575 4 1.86 1.86 2.78 4 0 680 0 40 0 0 20 0 0 0 0 70 70 0 960 960 0 170 170
20230509 17:27:39.501 24 0 2 0 0 0 0 74 26 0 0 2310 360 0 575 4 1.86 1.86 2.78 4 0 680 0 40 0 0 0 0 0 0 0 0 0 0 0 0 0 0 0
20230509 17:27:39.601 22 0 3 0 0 0 0 74 26 0 0 1940 1930 0 575 4 1.86 1.86 2.78 4 0 480 0 28 0 0 0 0 0 0 0 0 0 0 0 0 0 0 0
20230509 17:27:39.701 19 0 9 0 0 2 0 70 30 0 0 4170 6250 0 575 4 1.86 1.86 2.78 5 0 650 0 38 0 0 10 0 0 0 0 0 0 0 0 0 0 0 0
20230509 17:27:39.801 20 0 5 0 0 1 0 74 26 0 0 2090 480 0 575 4 1.86 1.86 2.78 4 0 540 0 32 0 0 0 0 0 0 0 0 0 0 0 0 0 0 0
20230509 17:27:39.901 24 0 1 0 0 0 0 74 26 0 0 2150 580 0 575 4 1.86 1.86 2.78 4 0 530 0 31 0 0 10 0 0 0 0 0 0 0 0 0 0 0 0
20230509 17:27:40.001 22 0 6 0 0 2 0 70 30 0 0 3570 6980 0 575 4 1.86 1.86 2.78 4 0 580 0 34 0 0 0 0 0 0 0 0 0 0 0 0 0 0 0
20230509 17:27:40.101 23 0 2 0 0 0 0 75 25 0 0 2160 1480 0 575 4 1.86 1.86 2.78 4 0 810 0 47 0 0 0 0 0 0 0 0 0 0 0 0 0 0 0
20230509 17:27:40.201 23 0 2 0 0 1 0 74 26 0 0 2250 320 0 575 4 1.86 1.86 2.78 4 0 600 0 35 0 0 0 0 0 0 0 0 0 0 0 0 0 0 0
20230509 17:27:40.301 20 0 5 0 0 0 0 75 25 0 0 2360 380 0 575 4 1.86 1.86 2.78 4 0 850 0 50 0 0 0 0 0 0 0 0 0 0 0 0 0 0 0
20230509 17:27:40.401 23 0 9 0 0 0 0 68 32 0 0 4550 11020 300 575 4 1.86 1.86 2.78 4 0 480 0 28 0 0 0 0 0 0 0 0 0 0 0 0 0 0 0
20230509 17:27:40.501 25 0 1 0 0 0 0 75 25 0 0 2800 420 0 575 4 1.86 1.86 2.78 4 0 610 0 36 0 0 0 0 0 0 0 0 0 0 0 0 0 0 0
20230509 17:27:40.601 24 0 1 0 0 1 0 74 26 0 0 2030 300 0 575 4 1.86 1.86 2.78 4 0 580 0 34 0 0 0 0 0 0 0 0 0 0 0 0 0 0 0
20230509 17:27:40.701 28 0 5 0 0 0 0 68 32 0 0 4370 8680 300 575 4 1.86 1.86 2.78 4 0 660 0 39 0 0 0 0 0 0 0 0 0 0 0 0 0 0 0
20230509 17:27:40.801 24 0 1 0 0 1 0 75 25 0 0 2940 660 0 575 4 1.86 1.86 2.78 4 0 540 0 32 0 0 0 0 0 0 0 0 0 0 0 0 0 0 0
20230509 17:27:40.901 24 0 1 0 0 0 0 74 26 0 0 2660 740 0 575 4 1.86 1.86 2.78 4 0 740 0 43 0 0 10 0 0 0 0 350 350 0 2840 2840 0 60 60
20230509 17:27:41.001 22 0 7 0 0 2 0 70 30 0 0 3770 6870 0 575 4 1.86 1.86 2.78 5 0 740 0 43 0 0 0 0 0 0 0 0 0 0 0 0 0 0 0
20230509 17:27:41.101 21 0 4 0 0 1 0 74 26 0 0 2220 250 0 575 4 1.86 1.86 2.78 4 0 750 0 44 0 0 0 0 0 0 0 0 0 0 0 0 0 0 0
20230509 17:27:41.201 22 0 4 0 0 0 0 74 26 0 0 1930 270 0 575 4 1.86 1.86 2.78 4 0 480 0 28 0 0 0 0 0 0 0 0 0 0 0 0 0 0 0
20230509 17:27:41.301 19 0 6 0 0 0 0 75 25 0 0 2400 280 0 575 4 1.86 1.86 2.78 4 0 940 0 55 0 0 0 0 0 0 0 0 0 0 0 0 0 0 0
20230509 17:27:41.401 23 0 8 0 0 0 0 70 30 0 0 3970 8940 0 575 4 1.86 1.86 2.78 4 0 610 0 36 0 0 10 0 0 0 0 0 0 0 0 0 0 0 0
20230509 17:27:41.501 25 0 0 0 0 0 0 75 25 0 0 2170 420 0 575 4 1.86 1.86 2.78 4 0 530 0 31 0 0 0 0 0 0 0 0 0 0 0 0 0 0 0
20230509 17:27:41.601 24 0 2 0 0 1 0 74 26 0 0 2090 2190 0 575 4 1.86 1.86 2.78 4 0 560 0 33 0 0 0 0 0 0 0 0 0 0 0 0 0 0 0
20230509 17:27:41.701 23 0 5 0 0 0 0 72 28 0 0 4070 7590 0 575 4 1.86 1.86 2.78 4 0 610 0 36 0 0 10 0 0 0 0 0 0 0 0 0 0 0 0
20230509 17:27:41.801 24 0 1 0 0 1 0 74 26 0 0 1840 630 0 575 4 1.86 1.86 2.78 5 0 410 10 25 1 0 0 0 0 0 0 0 0 0 0 0 0 0 0
20230509 17:27:41.901 24 0 1 0 0 0 0 75 25 0 0 2800 1140 0 575 4 1.86 1.86 2.78 4 0 960 20 57 2 0 10 0 0 0 0 0 0 0 0 0 0 0 0
20230509 17:27:42.001 25 0 3 0 0 3 0 69 31 0 0 3780 6350 0 575 4 1.86 1.86 2.78 4 0 660 0 39 0 0 0 0 0 0 0 0 0 0 0 0 0 0 0
20230509 17:27:42.101 25 0 1 0 0 0 0 75 25 0 0 2130 220 0 575 4 1.86 1.86 2.78 4 0 640 0 37 0 0 0 0 0 0 0 0 0 0 0 0 0 0 0
20230509 17:27:42.201 22 0 3 0 0 1 0 74 26 0 0 2120 240 0 575 4 1.86 1.86 2.78 4 0 720 0 42 0 0 10 0 0 0 0 0 0 0 0 0 0 0 0
20230509 17:27:42.301 16 0 9 0 0 0 0 75 25 0 0 1980 320 0 575 4 1.86 1.86 2.78 4 0 480 0 28 0 0 0 0 0 0 0 0 0 0 0 0 0 0 0
20230509 17:27:42.401 14 0 15 0 0 2 0 69 31 0 0 4660 8110 0 575 4 1.86 1.86 2.78 4 0 610 0 36 0 0 20 0 0 0 0 0 0 0 0 0 0 0 0
20230509 17:27:42.501 19 0 6 0 0 0 0 75 25 0 0 2540 480 0 575 4 1.86 1.86 2.78 5 0 770 0 45 0 0 0 0 0 0 0 0 0 0 0 0 0 0 0
20230509 17:27:42.601 24 0 1 0 0 1 0 74 26 0 0 2110 2260 0 575 4 1.86 1.86 2.78 4 0 550 10 32 1 0 0 0 0 0 0 0 0 0 0 0 0 0 0
20230509 17:27:42.701 23 0 6 0 0 2 0 69 31 0 0 4110 7050 0 575 4 1.86 1.86 2.78 4 0 770 0 45 0 0 10 0 0 0 0 20 20 0 680 680 0 150 150
20230509 17:27:42.801 25 0 1 0 0 0 0 75 25 0 0 2030 320 0 575 4 1.86 1.86 2.78 5 0 580 0 34 0 0 0 0 0 0 0 0 0 0 0 0 0 0 0
20230509 17:27:42.901 22 0 2 0 0 0 0 75 25 0 0 2440 520 0 575 4 1.86 1.86 2.78 4 0 880 0 52 0 0 0 0 0 0 0 0 0 0 0 0 0 0 0
20230509 17:27:43.001 24 0 7 0 0 1 0 68 32 0 0 3760 7750 0 575 4 1.86 1.86 2.78 4 0 730 0 43 0 0 0 0 0 0 0 0 0 0 0 0 0 0 0
20230509 17:27:43.101 24 0 1 0 0 0 0 75 25 0 0 2020 240 0 575 4 1.86 1.86 2.78 4 0 560 0 33 0 0 0 0 0 0 0 0 0 0 0 0 0 0 0
20230509 17:27:43.201 20 0 6 0 0 0 0 74 26 0 0 1910 290 0 575 4 1.86 1.86 2.78 5 0 470 0 28 0 0 0 0 0 0 0 0 0 0 0 0 0 0 0
20230509 17:27:43.301 22 0 3 0 0 1 0 75 25 0 0 2230 330 0 575 4 1.86 1.86 2.78 4 0 780 0 46 0 0 0 0 0 0 0 0 0 0 0 0 0 0 0
20230509 17:27:43.401 25 0 4 0 0 0 0 70 30 0 0 4200 8980 0 575 4 1.86 1.86 2.78 4 0 630 0 37 0 0 0 0 0 0 0 0 0 0 0 0 0 0 0
20230509 17:27:43.501 24 0 1 0 0 0 0 74 26 0 0 2200 400 0 575 4 1.86 1.86 2.78 4 0 660 0 39 0 0 10 0 0 0 0 0 0 0 0 0 0 0 0
20230509 17:27:43.601 19 0 6 0 0 1 0 74 26 0 0 1830 1280 0 575 4 1.86 1.86 2.78 4 0 390 0 23 0 0 0 0 0 0 0 0 0 0 0 0 0 0 0
20230509 17:27:43.701 20 0 9 0 0 2 0 69 31 0 0 4390 7460 0 575 4 1.86 1.86 2.78 4 0 780 0 46 0 0 20 0 0 0 0 0 0 0 0 0 0 0 0
20230509 17:27:43.801 11 0 13 0 0 2 0 73 27 0 0 2050 610 0 575 4 1.86 1.86 2.78 4 0 390 0 23 0 0 0 0 0 0 0 0 0 0 0 0 0 0 0
20230509 17:27:43.901 21 0 4 0 0 1 0 74 26 0 0 2310 640 0 575 4 1.86 1.86 2.78 4 0 730 0 43 0 0 0 0 0 0 0 0 0 0 0 0 0 0 0
20230509 17:27:44.001 21 0 9 0 0 0 0 69 31 0 0 3810 7560 0 575 4 1.86 1.86 2.78 4 0 490 0 29 0 0 10 0 0 0 0 0 0 0 0 0 0 0 0
20230509 17:27:44.101 24 0 1 0 0 1 0 74 26 0 0 2200 240 0 575 4 1.86 1.86 2.78 4 0 970 0 57 0 0 0 0 0 0 0 0 0 0 0 0 0 0 0
20230509 17:27:44.201 24 0 1 0 0 0 0 75 25 0 0 2600 220 0 575 4 2.03 1.89 2.79 4 0 1000 0 59 0 0 0 0 0 0 0 0 0 0 0 0 0 0 0
20230509 17:27:44.301 22 0 4 0 0 0 0 74 26 0 0 2540 460 0 575 4 2.03 1.89 2.79 4 0 920 0 54 0 0 0 0 0 0 0 0 0 0 0 0 0 0 0
20230509 17:27:44.401 15 0 14 0 0 1 0 70 30 0 0 4600 8690 0 575 4 2.03 1.89 2.79 4 0 560 0 33 0 0 0 0 0 0 0 70 70 0 960 960 0 170 170
20230509 17:27:44.501 22 0 4 0 0 1 0 74 26 0 0 2360 400 0 575 4 2.03 1.89 2.79 4 0 740 0 43 0 0 0 0 0 0 0 0 0 0 0 0 0 0 0
20230509 17:27:44.601 24 0 1 0 0 1 0 74 26 0 0 2110 390 0 575 4 2.03 1.89 2.79 5 0 570 0 33 0 0 0 0 0 0 0 0 0 0 0 0 0 0 0
20230509 17:27:44.701 26 0 3 0 0 1 0 71 29 0 0 4150 7280 0 575 4 2.03 1.89 2.79 4 0 540 0 32 0 0 10 0 0 0 0 0 0 0 0 0 0 0 0
20230509 17:27:44.801 24 0 1 0 0 0 0 75 25 0 0 2000 310 0 575 4 2.03 1.89 2.79 5 0 610 0 36 0 0 0 0 0 0 0 0 0 0 0 0 0 0 0
20230509 17:27:44.901 23 0 2 0 0 1 0 74 26 0 0 2270 590 0 575 4 2.03 1.89 2.79 4 0 830 0 49 0 0 0 0 0 0 0 0 0 0 0 0 0 0 0
20230509 17:27:45.001 23 0 7 0 0 1 0 69 31 0 0 3980 7960 0 575 4 2.03 1.89 2.79 4 0 810 0 47 0 0 10 0 0 0 0 0 0 0 0 0 0 0 0
20230509 17:27:45.101 19 0 6 0 0 1 0 74 26 0 0 2480 1910 0 575 4 2.03 1.89 2.79 4 0 680 0 40 0 0 0 0 0 0 0 0 0 0 0 0 0 0 0
20230509 17:27:45.201 21 0 4 0 0 0 0 75 25 0 0 2070 340 0 575 4 2.03 1.89 2.79 4 0 480 0 28 0 0 0 0 0 0 0 0 0 0 0 0 0 0 0
20230509 17:27:45.301 22 0 4 0 0 1 0 74 26 0 0 1910 320 0 575 4 2.03 1.89 2.79 4 0 340 0 20 0 0 0 0 0 0 0 0 0 0 0 0 0 0 0
20230509 17:27:45.401 24 0 6 0 0 0 0 70 30 0 0 4060 8760 0 575 4 2.03 1.89 2.79 4 0 420 0 25 0 0 0 0 0 0 0 0 0 0 0 0 0 0 0
20230509 17:27:45.501 22 0 2 0 0 1 0 74 26 0 0 2170 360 0 575 4 2.03 1.89 2.79 4 0 570 0 33 0 0 20 0 0 0 0 0 0 0 0 0 0 0 0
20230509 17:27:45.601 19 0 6 0 0 0 0 75 25 0 0 2040 1350 0 575 4 2.03 1.89 2.79 4 0 590 0 35 0 0 0 0 0 0 0 0 0 0 0 0 0 0 0
20230509 17:27:45.701 23 0 6 0 0 2 0 68 32 0 0 4200 7140 0 575 4 2.03 1.89 2.79 4 0 630 0 37 0 0 0 0 0 0 0 0 0 0 0 0 0 0 0
20230509 17:27:45.801 22 0 4 0 0 0 0 75 25 0 0 2210 370 0 575 4 2.03 1.89 2.79 4 0 500 0 29 0 0 0 0 0 0 0 0 0 0 0 0 0 0 0
20230509 17:27:45.901 22 0 2 0 0 1 0 74 26 0 0 2580 650 0 575 4 2.03 1.89 2.79 4 0 850 0 50 0 0 0 0 0 0 0 0 0 0 0 0 0 0 0
20230509 17:27:46.001 23 0 7 0 0 0 0 70 30 0 0 3970 6400 0 575 5 2.03 1.89 2.79 4 0 460 0 27 0 0 30 0 0 0 0 500 500 0 6560 6560 0 1090 1090
20230509 17:27:46.101 24 0 2 0 0 0 0 74 26 0 0 2320 420 0 575 4 2.03 1.89 2.79 5 0 680 0 40 0 0 0 0 0 0 0 0 0 0 0 0 0 0 0
20230509 17:27:46.201 22 0 3 0 0 0 0 75 25 0 0 2260 260 0 575 4 2.03 1.89 2.79 4 0 680 0 40 0 0 0 0 0 0 0 0 0 0 0 0 0 0 0
20230509 17:27:46.301 24 0 1 0 0 1 0 74 26 0 0 1910 260 0 575 4 2.03 1.89 2.79 4 0 350 0 21 0 0 0 0 0 0 0 0 0 0 0 0 0 0 0
20230509 17:27:46.401 26 0 4 0 0 0 0 70 30 0 0 4340 8100 0 575 4 2.03 1.89 2.79 4 0 820 0 48 0 0 0 0 0 0 0 0 0 0 0 0 0 0 0
20230509 17:27:46.501 24 0 2 0 0 0 0 75 25 0 0 2150 420 0 575 4 2.03 1.89 2.79 4 0 700 0 41 0 0 0 0 0 0 0 0 0 0 0 0 0 0 0
20230509 17:27:46.601 21 0 4 0 0 0 0 75 25 0 0 2340 380 0 575 4 2.03 1.89 2.79 4 0 670 0 39 0 0 0 0 0 0 0 0 0 0 0 0 0 0 0
20230509 17:27:46.701 23 0 6 0 0 2 0 69 31 0 0 4300 6730 0 575 4 2.03 1.89 2.79 4 0 790 0 46 0 0 0 0 0 0 0 0 0 0 0 0 0 0 0
20230509 17:27:46.801 23 0 2 0 0 0 0 74 26 0 0 1950 440 0 575 4 2.03 1.89 2.79 5 0 480 0 29 0 0 0 0 0 0 0 0 0 0 0 0 0 0 0
20230509 17:27:46.901 21 0 4 0 0 1 0 74 26 0 0 2470 880 0 575 4 2.03 1.89 2.79 4 0 780 30 46 2 0 0 0 0 0 0 0 0 0 0 0 0 0 0
20230509 17:27:47.001 23 0 7 0 0 0 0 70 30 0 0 3950 6620 0 575 4 2.03 1.89 2.79 4 0 780 0 46 0 0 0 0 0 0 0 0 0 0 0 0 0 0 0
20230509 17:27:47.101 24 0 1 0 0 0 0 75 25 0 0 2170 360 0 575 4 2.03 1.89 2.79 4 0 580 0 34 0 0 0 0 0 0 0 0 0 0 0 0 0 0 0
20230509 17:27:47.201 24 0 1 0 0 0 0 74 26 0 0 2170 220 0 575 4 2.03 1.89 2.79 4 0 760 0 45 0 0 0 0 0 0 0 0 0 0 0 0 0 0 0
20230509 17:27:47.301 24 0 1 0 0 1 0 75 25 0 0 2180 360 0 575 4 2.03 1.89 2.79 4 0 630 0 37 0 0 0 0 0 0 0 0 0 0 0 0 0 0 0
20230509 17:27:47.401 23 0 6 0 0 1 0 69 31 0 0 4200 8410 0 575 4 2.03 1.89 2.79 4 0 360 0 21 0 0 0 0 0 0 0 0 0 0 0 0 0 0 0
20230509 17:27:47.501 23 0 3 0 0 0 0 74 26 0 0 2130 400 0 575 4 2.03 1.89 2.79 4 0 510 0 30 0 0 10 0 0 0 0 0 0 0 0 0 0 0 0
20230509 17:27:47.601 23 0 2 0 0 0 0 75 25 0 0 2120 3840 0 575 4 2.03 1.89 2.79 5 0 620 10 36 1 0 0 0 0 0 0 0 0 0 0 0 0 0 0
20230509 17:27:47.701 22 0 9 1 0 1 0 68 31 0 0 3910 6600 0 575 4 2.03 1.89 2.79 4 0 460 0 27 0 0 10 0 0 0 0 20 20 0 200 200 0 30 30
20230509 17:27:47.801 20 0 5 0 0 0 0 75 25 0 0 2080 300 0 575 4 2.03 1.89 2.79 4 0 630 0 37 0 0 0 0 0 0 0 0 0 0 0 0 0 0 0
20230509 17:27:47.901 19 0 6 0 0 0 0 75 25 0 0 2470 680 0 575 4 2.03 1.89 2.79 4 0 730 0 43 0 0 0 0 0 0 0 0 0 0 0 0 0 0 0
20230509 17:27:48.001 22 0 8 0 0 1 0 70 30 0 0 3710 6810 0 575 4 2.03 1.89 2.79 4 0 690 0 40 0 0 0 0 0 0 0 0 0 0 0 0 0 0 0
20230509 17:27:48.101 23 0 2 0 0 0 0 75 25 0 0 2200 490 0 575 4 2.03 1.89 2.79 4 0 620 0 36 0 0 0 0 0 0 0 0 0 0 0 0 0 0 0
20230509 17:27:48.201 22 0 4 2 0 0 0 71 27 0 0 2870 880 0 575 4 2.03 1.89 2.79 4 1 720 0 42 0 0 0 0 0 0 0 620 620 0 468360 468360 0 20 20
20230509 17:27:48.301 22 0 4 2 0 0 0 71 26 0 0 3130 570 0 575 4 2.03 1.89 2.79 5 1 620 0 36 0 0 0 0 0 0 0 850 850 0 867839 867839 0 0 0
20230509 17:27:48.401 25 0 6 4 0 1 0 64 31 0 0 5930 8970 0 575 5 2.03 1.89 2.79 5 0 860 0 50 0 0 0 0 0 0 0 1670 1670 0 823041 823041 0 30 30
20230509 17:27:48.501 25 0 3 4 0 0 0 69 28 0 0 4790 570 0 575 4 2.03 1.89 2.79 4 1 870 0 51 0 0 0 0 0 0 0 2150 2150 0 1207041 1207041 0 30 30
20230509 17:27:48.601 22 0 6 3 0 0 0 70 27 0 0 3540 980 0 575 4 2.03 1.89 2.79 4 0 670 0 39 0 0 0 0 0 0 0 1370 1370 0 1042999 1042999 0 10 10
20230509 17:27:48.701 19 0 10 0 0 2 0 68 32 0 0 4580 6830 0 575 4 2.03 1.89 2.79 4 0 670 0 39 0 0 10 0 0 0 0 160 160 0 137440 137440 0 0 0
20230509 17:27:48.801 20 0 5 0 0 0 0 75 25 0 0 1920 400 0 575 4 2.03 1.89 2.79 4 0 390 0 23 0 0 0 0 0 0 0 0 0 0 0 0 0 0 0
20230509 17:27:48.901 22 0 3 0 0 0 0 74 26 0 0 2320 640 0 575 4 2.03 1.89 2.79 4 0 860 0 50 0 0 0 0 0 0 0 0 0 0 0 0 0 0 0
20230509 17:27:49.001 23 0 6 0 0 0 0 71 29 0 0 4180 7320 0 575 4 2.03 1.89 2.79 4 0 770 0 45 0 0 10 0 0 0 0 0 0 0 0 0 0 0 0
20230509 17:27:49.101 22 0 3 0 0 0 0 75 25 0 0 2340 340 0 575 4 2.03 1.89 2.79 4 0 600 0 35 0 0 0 0 0 0 0 0 0 0 0 0 0 0 0
20230509 17:27:49.201 22 0 3 0 0 1 0 74 26 0 0 2100 260 0 575 4 2.19 1.93 2.80 4 0 650 0 38 0 0 0 0 0 0 0 0 0 0 0 0 0 0 0
20230509 17:27:49.301 22 0 3 0 0 0 0 74 26 0 0 2080 420 0 575 4 2.19 1.93 2.80 4 0 460 0 27 0 0 10 0 0 0 0 0 0 0 0 0 0 0 0
20230509 17:27:49.401 23 0 8 6 0 0 0 64 30 0 0 4550 9360 0 575 4 2.19 1.93 2.80 4 2 370 0 22 0 0 0 0 0 0 0 370 370 0 2480 2480 0 240 240
20230509 17:27:49.501 23 0 3 4 0 0 0 70 26 0 0 2620 630 0 575 5 2.19 1.93 2.80 5 0 330 0 19 0 0 10 0 0 0 0 660 660 0 374840 374840 0 30 30
20230509 17:27:49.601 25 0 2 4 0 1 0 69 27 0 0 3690 1740 0 575 4 2.19 1.93 2.80 4 1 870 0 51 0 0 0 0 0 0 0 1220 1220 0 464279 464279 0 0 0
20230509 17:27:49.701 23 0 6 3 0 1 0 67 30 0 0 4630 7300 0 575 5 2.19 1.93 2.80 6 0 620 0 36 0 0 0 0 0 0 0 590 590 0 482480 482480 0 10 10
20230509 17:27:49.801 23 0 3 4 0 0 0 70 26 0 0 3970 1160 0 575 4 2.19 1.93 2.80 4 1 680 0 40 0 0 10 0 0 0 0 1720 1720 0 582399 582399 0 40 40
20230509 17:27:49.901 25 0 2 4 0 0 0 69 27 0 0 3910 750 0 575 5 2.19 1.93 2.80 4 1 600 0 35 0 0 0 0 0 0 0 1680 1680 0 1166081 1166081 0 120 120
20230509 17:27:50.001 23 0 8 4 0 0 0 65 32 0 0 7810 6740 0 575 5 2.19 1.93 2.80 5 0 830 0 49 0 0 10 0 0 0 0 3970 3970 0 1234921 1234921 0 50 50
20230509 17:27:50.101 23 0 3 0 0 0 0 74 26 0 0 2720 2680 0 575 4 2.19 1.93 2.80 4 0 510 0 30 0 0 0 0 0 0 0 510 510 0 119400 119400 0 10 10
20230509 17:27:50.201 21 0 4 0 0 0 0 75 25 0 0 2290 290 0 575 4 2.19 1.93 2.80 4 0 750 0 44 0 0 0 0 0 0 0 0 0 0 0 0 0 0 0
20230509 17:27:50.301 20 0 5 0 0 0 0 75 25 0 0 2330 400 0 575 4 2.19 1.93 2.80 4 0 740 0 43 0 0 10 0 0 0 0 0 0 0 0 0 0 0 0
20230509 17:27:50.401 22 0 8 0 0 1 0 69 31 0 0 4140 10470 0 575 4 2.19 1.93 2.80 4 0 590 0 35 0 0 0 0 0 0 0 0 0 0 0 0 0 0 0
20230509 17:27:50.501 20 0 4 0 0 1 0 75 25 0 0 2310 300 0 575 4 2.19 1.93 2.80 4 0 880 0 52 0 0 0 0 0 0 0 0 0 0 0 0 0 0 0
20230509 17:27:50.601 22 0 3 0 0 1 0 74 26 0 0 2410 380 0 575 4 2.19 1.93 2.80 4 0 680 0 40 0 0 0 0 0 0 0 0 0 0 0 0 0 0 0
20230509 17:27:50.701 23 0 7 0 0 2 0 69 31 0 0 4260 6170 0 575 4 2.19 1.93 2.80 5 0 670 0 39 0 0 0 0 0 0 0 0 0 0 0 0 0 0 0
20230509 17:27:50.801 20 0 5 0 0 0 0 75 25 0 0 1820 520 0 575 4 2.19 1.93 2.80 4 0 280 0 16 0 0 0 0 0 0 0 0 0 0 0 0 0 0 0
20230509 17:27:50.901 22 0 2 0 0 2 0 73 27 0 0 2460 680 0 575 4 2.19 1.93 2.80 4 0 790 0 46 0 0 0 0 0 0 0 0 0 0 0 0 0 0 0
20230509 17:27:51.001 22 0 7 0 0 1 0 70 30 0 0 3680 5800 0 575 4 2.19 1.93 2.80 4 0 730 0 43 0 0 10 0 0 0 0 0 0 0 0 0 0 0 0
20230509 17:27:51.101 18 0 8 1 0 0 0 73 26 0 0 5080 7460 0 575 4 2.19 1.93 2.80 4 1 790 0 46 0 0 0 0 0 0 0 2880 2880 0 826759 826759 0 50 50
20230509 17:27:51.201 22 0 4 4 0 1 0 69 26 0 0 8200 8120 0 575 4 2.19 1.93 2.80 4 1 480 0 28 0 0 0 0 0 0 0 6110 6110 0 1224881 1224881 0 50 50
20230509 17:27:51.301 22 0 6 3 0 0 0 69 28 0 0 5760 4160 0 575 5 2.19 1.93 2.80 5 0 670 0 39 0 0 0 0 0 0 0 3790 3790 0 1033559 1033559 0 50 50
20230509 17:27:51.401 23 0 9 3 0 0 0 65 32 0 0 7970 11150 0 575 4 2.19 1.93 2.80 4 1 560 0 33 0 0 0 0 0 0 0 3140 3140 0 1238441 1238441 0 110 110
20230509 17:27:51.501 23 0 3 4 0 0 0 69 27 0 0 7850 560 0 575 5 2.19 1.93 2.80 5 0 500 0 29 0 0 20 0 0 0 0 5950 5950 0 1043281 1043281 0 0 0
20230509 17:27:51.601 16 0 12 1 0 0 0 71 28 0 0 7120 14420 0 575 5 2.19 1.93 2.80 5 0 950 0 56 0 0 0 0 0 0 0 4440 4440 0 1251478 1251478 0 70 70
20230509 17:27:51.701 21 0 11 3 0 0 0 65 32 0 0 5810 7940 0 575 5 2.19 1.93 2.80 5 0 620 0 36 0 0 0 0 0 0 0 1570 1570 0 1148161 1148161 0 160 160
20230509 17:27:51.801 21 0 4 6 0 0 0 69 25 0 0 2590 470 0 575 4 2.19 1.93 2.80 5 1 970 0 57 0 0 10 0 0 0 0 160 160 0 129280 129280 0 0 0
20230509 17:27:51.901 22 0 4 6 0 0 0 68 26 0 0 2390 950 0 575 4 2.19 1.93 2.80 4 1 510 30 30 2 0 0 0 0 0 0 90 90 0 76800 76800 0 0 0
20230509 17:27:52.001 22 0 7 6 0 1 0 64 30 0 0 3820 6300 0 575 4 2.19 1.93 2.80 4 1 850 0 50 0 0 10 0 0 0 0 110 110 0 111360 111360 0 0 0
20230509 17:27:52.101 21 0 4 6 0 0 0 69 25 0 0 2150 1190 0 575 4 2.19 1.93 2.80 4 1 520 0 30 0 0 0 0 0 0 0 130 130 0 88320 88320 0 20 20
20230509 17:27:52.201 23 0 2 6 0 1 0 68 27 0 0 2290 200 0 575 4 2.19 1.93 2.80 4 1 810 0 47 0 0 0 0 0 0 0 120 120 0 78080 78080 0 0 0
20230509 17:27:52.301 19 0 6 6 0 0 0 68 26 0 0 2830 440 0 575 4 2.19 1.93 2.80 4 1 730 0 48 0 0 40 0 0 0 0 170 170 0 111360 111360 0 0 0
20230509 17:27:52.401 21 0 8 6 0 2 0 64 31 0 0 5340 11580 0 575 4 2.19 1.93 2.80 4 1 690 0 40 0 0 0 0 0 0 0 610 610 0 126720 126720 0 10 10
20230509 17:27:52.501 25 0 2 5 0 0 0 68 27 0 0 4540 570 0 575 4 2.19 1.93 2.80 4 1 820 0 48 0 0 30 0 0 0 0 2090 2090 0 715521 715521 0 70 70
20230509 17:27:52.601 25 0 4 3 0 0 0 69 29 0 0 4890 2430 0 575 4 2.19 1.93 2.80 4 1 790 10 46 1 0 0 0 0 0 0 2420 2420 0 913879 913879 0 120 120
20230509 17:27:52.701 25 0 7 7 0 0 0 61 32 0 0 4790 8240 0 575 4 2.19 1.93 2.80 4 2 650 0 38 0 0 0 0 0 0 0 550 550 0 501640 501640 0 660 660
20230509 17:27:52.801 21 0 4 6 0 1 0 69 26 0 0 2510 570 0 575 4 2.19 1.93 2.80 4 1 720 0 42 0 0 0 0 0 0 0 360 360 0 334480 334480 0 30 30
20230509 17:27:52.901 15 0 10 6 0 2 0 67 27 0 0 3190 3030 0 575 4 2.19 1.93 2.80 4 1 670 0 39 0 0 0 0 0 0 0 930 930 0 490640 490640 0 0 0
20230509 17:27:53.001 21 0 10 4 0 0 0 65 31 0 0 4610 8250 0 575 4 2.19 1.93 2.80 5 0 810 0 47 0 0 0 0 0 0 0 690 690 0 463360 463360 0 80 80
20230509 17:27:53.101 23 0 3 5 0 0 0 69 26 0 0 5030 2220 0 575 4 2.19 1.93 2.80 4 1 580 0 34 0 0 0 0 0 0 0 2690 2690 0 572559 572559 0 0 0
20230509 17:27:53.201 23 0 5 4 0 0 0 68 28 0 0 6520 5500 0 575 4 2.19 1.93 2.80 4 1 520 0 30 0 0 0 0 0 0 0 4490 4490 0 869081 869081 0 40 40
20230509 17:27:53.301 23 0 4 4 0 0 0 69 27 0 0 3550 420 0 575 5 2.19 1.93 2.80 5 0 780 0 46 0 0 30 0 0 0 0 1210 1210 0 1237758 1237758 0 0 0
20230509 17:27:53.401 25 0 10 3 0 0 0 63 35 0 0 5700 11860 0 575 5 2.19 1.93 2.80 4 1 830 0 49 0 0 0 0 0 0 0 1010 1010 0 1036801 1036801 0 0 0
20230509 17:27:53.501 22 0 5 4 0 0 0 69 27 0 0 3770 1170 0 575 5 2.19 1.93 2.80 5 0 650 0 38 0 0 10 0 0 0 0 1420 1420 0 1249281 1249281 0 110 110
20230509 17:27:53.601 25 0 4 2 0 0 0 69 29 0 0 4620 2580 0 575 4 2.19 1.93 2.80 5 0 750 0 44 0 0 0 0 0 0 0 2170 2170 0 1219718 1219718 0 30 30
20230509 17:27:53.701 25 0 9 2 0 0 0 64 35 0 0 9950 6340 0 575 5 2.19 1.93 2.80 5 0 630 0 37 0 0 0 0 0 0 0 5850 5850 0 1057121 1057121 0 20 20
20230509 17:27:53.801 22 0 8 2 0 0 0 68 29 0 0 5440 910 0 575 4 2.19 1.93 2.80 4 1 710 0 42 0 0 20 0 0 0 0 1310 1310 0 1229958 1229958 0 250 250
20230509 17:27:53.901 24 0 2 4 0 1 0 69 27 0 0 4060 1410 0 575 5 2.19 1.93 2.80 6 0 590 0 35 0 0 0 0 0 0 0 1750 1750 0 1063841 1063841 0 70 70
20230509 17:27:54.001 24 0 7 4 0 0 0 65 31 0 0 7750 6020 0 575 4 2.19 1.93 2.80 4 1 700 0 41 0 0 20 0 0 0 0 4000 4000 0 1236681 1236681 0 100 100
20230509 17:27:54.101 24 0 2 4 0 1 0 69 27 0 0 2970 470 0 575 4 2.19 1.93 2.80 4 1 400 0 23 0 0 0 0 0 0 0 890 890 0 653679 653679 0 0 0
20230509 17:27:54.201 24 0 2 6 0 1 0 68 26 0 0 2170 190 0 575 4 2.41 1.98 2.81 4 1 650 0 38 0 0 0 0 0 0 0 80 80 0 81920 81920 0 0 0
20230509 17:27:54.301 23 0 1 6 0 1 0 68 26 0 0 2430 370 0 575 4 2.41 1.98 2.81 4 1 790 0 46 0 0 10 0 0 0 0 110 110 0 115200 115200 0 0 0
20230509 17:27:54.401 26 0 6 6 0 1 0 62 33 0 0 4490 11600 280 575 4 2.41 1.98 2.81 4 2 440 0 26 0 0 0 0 0 0 0 80 80 0 81920 81920 0 0 0
20230509 17:27:54.501 22 0 4 6 0 0 0 68 26 0 0 3090 820 0 575 4 2.41 1.98 2.81 4 2 810 0 47 0 0 10 0 0 0 0 230 230 0 113560 113560 0 170 170
20230509 17:27:54.601 23 0 2 13 0 0 0 62 25 0 0 2090 420 0 575 4 2.41 1.98 2.81 4 2 570 0 33 0 0 0 0 0 0 0 0 0 0 2560 2560 0 0 0
20230509 17:27:54.701 25 0 7 11 0 1 0 57 32 0 0 4880 8930 280 575 4 2.41 1.98 2.81 4 2 600 0 35 0 0 0 0 0 0 0 470 470 0 151040 151040 0 0 0
20230509 17:27:54.801 23 0 2 12 0 0 0 62 26 0 0 3070 420 0 575 4 2.41 1.98 2.81 4 2 780 0 46 0 0 10 0 0 0 0 0 0 0 0 0 0 0 0
20230509 17:27:54.901 21 0 5 1 0 0 0 72 26 0 0 3090 1220 0 575 4 2.41 1.98 2.81 4 1 610 0 36 0 0 0 0 0 0 0 770 770 0 299560 299560 0 0 0
20230509 17:27:55.001 23 0 6 5 0 1 0 65 30 0 0 4530 7310 0 575 4 2.41 1.98 2.81 4 1 720 0 42 0 0 0 0 0 0 0 540 540 0 352000 352000 0 20 20
20230509 17:27:55.101 23 0 4 5 0 0 0 69 26 0 0 2790 1640 0 575 4 2.41 1.98 2.81 5 1 650 0 38 0 0 0 0 0 0 0 340 340 0 348160 348160 0 10 10
20230509 17:27:55.201 24 0 3 4 0 0 0 69 27 0 0 3000 300 0 575 4 2.41 1.98 2.81 5 0 810 0 47 0 0 0 0 0 0 0 610 610 0 532641 532641 0 10 10
20230509 17:27:55.301 23 0 3 4 0 1 0 69 26 0 0 3360 620 0 575 5 2.41 1.98 2.81 5 0 810 0 50 0 0 10 0 0 0 0 1140 1140 0 1158398 1158398 0 0 0
20230509 17:27:55.401 22 0 9 4 0 0 0 65 32 0 0 7650 10930 0 575 4 2.41 1.98 2.81 5 0 970 0 57 0 0 0 0 0 0 0 2940 2940 0 1205601 1205601 0 80 80
20230509 17:27:55.501 22 0 3 6 0 0 0 69 26 0 0 3180 850 0 575 4 2.41 1.98 2.81 4 1 630 0 37 0 0 0 0 0 0 0 840 840 0 290560 290560 0 30 30
20230509 17:27:55.601 25 0 1 6 0 0 0 69 26 0 0 2340 1470 0 575 4 2.41 1.98 2.81 4 1 650 0 38 0 0 20 0 0 0 0 190 190 0 78080 78080 0 10 10
20230509 17:27:55.701 23 0 7 6 0 1 0 64 31 0 0 3930 5770 0 575 4 2.41 1.98 2.81 4 1 400 0 23 0 0 0 0 0 0 0 250 250 0 96000 96000 0 0 0
20230509 17:27:55.801 23 0 3 6 0 0 0 69 25 0 0 2440 490 0 575 4 2.41 1.98 2.81 4 1 580 0 34 0 0 10 0 0 0 0 430 430 0 108840 108840 0 10 10
20230509 17:27:55.901 22 0 4 6 0 2 0 66 28 0 0 2610 1810 0 575 4 2.41 1.98 2.81 4 1 480 0 28 0 0 0 0 0 0 0 420 420 0 78960 78960 0 0 0
20230509 17:27:56.001 23 0 7 6 0 0 0 64 30 0 0 4370 8160 0 575 4 2.41 1.98 2.81 4 1 890 0 52 0 0 0 0 0 0 0 430 430 0 122440 122440 0 0 0
20230509 17:27:56.101 23 0 2 6 0 1 0 67 27 0 0 2540 610 0 575 4 2.41 1.98 2.81 4 1 610 0 36 0 0 20 0 0 0 0 420 420 0 79120 79120 0 10 10
20230509 17:27:56.201 20 0 6 4 0 1 0 68 27 0 0 5150 1170 0 575 4 2.41 1.98 2.81 4 1 760 0 45 0 0 0 0 0 0 0 2780 2780 0 775321 775321 0 90 90
20230509 17:27:56.301 21 0 6 4 0 0 0 69 27 0 0 3670 1430 0 575 5 2.41 1.98 2.81 5 0 690 0 40 0 0 10 0 0 0 0 1230 1230 0 920759 920759 0 0 0
20230509 17:27:56.401 19 0 13 4 0 0 0 64 32 0 0 4890 12800 0 575 4 2.41 1.98 2.81 4 1 620 0 39 0 0 0 0 0 0 0 450 450 0 369120 369120 0 30 30
20230509 17:27:56.501 23 0 2 6 0 1 0 67 26 0 0 2250 320 0 575 4 2.41 1.98 2.81 4 1 590 0 35 0 0 0 0 0 0 0 90 90 0 79360 79360 0 0 0
20230509 17:27:56.601 24 0 2 6 0 1 0 67 27 0 0 2430 480 0 575 4 2.41 1.98 2.81 4 1 380 0 22 0 0 0 0 0 0 0 470 470 0 456959 456959 0 60 60
20230509 17:27:56.701 23 0 8 4 0 2 0 64 32 0 0 4680 8300 0 575 4 2.41 1.98 2.81 4 1 620 0 36 0 0 0 0 0 0 0 630 630 0 595201 595201 0 50 50
20230509 17:27:56.801 21 0 4 6 0 0 0 69 25 0 0 2360 620 0 575 4 2.41 1.98 2.81 5 1 530 0 32 0 0 0 0 0 0 0 210 210 0 209920 209920 0 0 0
20230509 17:27:56.901 23 0 3 5 0 0 0 69 26 0 0 3310 1430 0 575 5 2.41 1.98 2.81 5 0 1040 30 61 2 0 0 0 0 0 0 700 700 0 583041 583041 0 20 20
20230509 17:27:57.001 25 0 7 3 0 0 0 65 32 0 0 5600 8400 0 575 5 2.41 1.98 2.81 4 1 740 0 43 0 0 0 0 0 0 0 1720 1720 0 1013961 1013961 0 80 80
20230509 17:27:57.101 25 0 5 2 0 0 0 69 30 0 0 5060 560 0 575 4 2.41 1.98 2.81 4 1 720 10 42 1 0 10 0 0 0 0 2500 2500 0 1244278 1244278 0 180 180
20230509 17:27:57.201 21 0 8 2 0 0 0 69 29 0 0 3830 660 0 575 4 2.41 1.98 2.81 4 1 460 0 27 0 0 0 0 0 0 0 1780 1780 0 832721 832721 0 90 90
20230509 17:27:57.301 23 0 1 6 0 2 0 67 27 0 0 2460 390 0 575 4 2.41 1.98 2.81 4 1 660 0 39 0 0 0 0 0 0 0 130 130 0 119040 119040 0 0 0
20230509 17:27:57.401 25 0 5 6 0 1 0 64 31 0 0 4560 12110 0 575 4 2.41 1.98 2.81 4 1 940 0 55 0 0 0 0 0 0 0 120 120 0 94720 94720 0 0 0
20230509 17:27:57.501 22 0 3 6 0 0 0 69 25 0 0 2370 280 0 575 4 2.41 1.98 2.81 4 1 750 0 44 0 0 0 0 0 0 0 100 100 0 102400 102400 0 0 0
20230509 17:27:57.601 23 0 2 6 0 1 0 67 27 0 0 2350 2860 0 575 4 2.41 1.98 2.81 4 1 690 10 40 1 0 10 0 0 0 0 90 90 0 83200 83200 0 50 50
20230509 17:27:57.701 16 0 4 6 0 0 0 74 21 0 0 3300 7370 0 575 1 2.41 1.98 2.81 1 1 690 0 40 0 0 0 0 0 0 0 110 110 0 106240 106240 0 0 0
20230509 17:27:57.801 6 0 0 6 0 0 0 87 6 0 0 1270 200 0 575 1 2.41 1.98 2.81 1 1 660 0 39 0 0 10 0 0 0 0 100 100 0 97280 97280 0 0 0
20230509 17:27:57.901 9 0 1 6 0 0 0 84 10 0 0 1490 1260 0 575 4 2.41 1.98 2.81 4 2 370 0 22 0 0 0 0 0 0 0 340 340 0 342480 342480 0 530 530
20230509 17:27:58.001 26 0 1 12 0 1 0 60 28 0 0 4400 6410 0 575 4 2.41 1.98 2.81 4 2 1000 0 59 0 0 0 0 0 0 0 470 470 0 303200 303200 0 0 0
20230509 17:27:58.101 25 0 1 8 0 1 0 67 26 0 0 2360 500 0 575 4 2.41 1.98 2.81 4 1 390 0 23 0 0 30 0 0 0 0 390 390 0 234280 234280 0 30 30
20230509 17:27:58.201 24 0 2 6 0 0 0 68 26 0 0 2640 400 0 575 4 2.41 1.98 2.81 4 1 530 0 31 0 0 0 0 0 0 0 600 600 0 343240 343240 0 10 10
20230509 17:27:58.301 25 0 2 4 0 0 0 69 27 0 0 3990 350 0 575 5 2.41 1.98 2.81 5 0 590 0 35 0 0 0 0 0 0 0 1870 1870 0 597519 597519 0 50 50
20230509 17:27:58.401 20 0 12 3 0 1 0 64 33 0 0 6700 15190 0 575 5 2.41 1.98 2.81 4 1 810 0 47 0 0 0 0 0 0 0 2340 2340 0 1206801 1206801 0 220 220
20230509 17:27:58.501 23 0 6 3 0 0 0 69 28 0 0 3510 1620 0 575 4 2.41 1.98 2.81 4 1 650 0 38 0 0 0 0 0 0 0 1320 1320 0 1210881 1210881 0 180 180
20230509 17:27:58.601 24 0 1 6 0 0 0 69 25 0 0 2370 400 0 575 4 2.41 1.98 2.81 4 1 520 0 30 0 0 0 0 0 0 0 200 200 0 177920 177920 0 0 0
20230509 17:27:58.701 24 0 5 5 0 1 0 65 30 0 0 4350 7590 0 575 4 2.41 1.98 2.81 4 1 700 0 41 0 0 0 0 0 0 0 70 70 0 70400 70400 0 90 90
20230509 17:27:58.801 20 0 5 6 0 1 0 68 26 0 0 2200 290 0 575 4 2.41 1.98 2.81 4 1 670 0 39 0 0 10 0 0 0 0 130 130 0 128000 128000 0 0 0
20230509 17:27:58.901 23 0 2 6 0 0 0 69 25 0 0 2590 630 0 575 4 2.41 1.98 2.81 4 1 850 0 50 0 0 0 0 0 0 0 70 70 0 83200 83200 0 0 0
20230509 17:27:59.001 24 0 6 6 0 0 0 65 30 0 0 3540 6240 0 575 4 2.41 1.98 2.81 4 1 420 0 25 0 0 0 0 0 0 0 90 90 0 80200 80200 0 0 0
20230509 17:27:59.101 25 0 0 6 0 0 0 69 25 0 0 2520 360 0 575 4 2.41 1.98 2.81 4 1 840 0 49 0 0 10 0 0 0 0 120 120 0 117760 117760 0 0 0
20230509 17:27:59.201 24 0 2 6 0 0 0 68 26 0 0 2210 520 0 575 4 2.62 2.03 2.82 4 1 640 0 38 0 0 0 0 0 0 0 100 100 0 83200 83200 0 50 50
20230509 17:27:59.301 24 0 3 4 0 0 0 69 26 0 0 3100 320 0 575 5 2.62 2.03 2.82 4 1 600 0 35 0 0 20 0 0 0 0 1160 1160 0 762519 762519 0 20 20
20230509 17:27:59.401 25 0 7 8 0 0 0 61 32 0 0 6680 10140 0 575 4 2.62 2.03 2.82 4 2 880 0 52 0 0 0 0 0 0 0 2130 2130 0 611601 611601 0 200 200
20230509 17:27:59.501 25 0 1 6 0 0 0 69 26 0 0 2550 370 0 575 4 2.62 2.03 2.82 4 1 670 0 39 0 0 0 0 0 0 0 320 320 0 101960 101960 0 10 10
20230509 17:27:59.601 23 0 5 3 0 0 0 69 28 0 0 4430 1810 0 575 5 2.62 2.03 2.82 5 0 620 0 36 0 0 20 0 0 0 0 2230 2230 0 879359 879359 0 40 40
20230509 17:27:59.701 23 0 9 3 0 1 0 65 32 0 0 6850 8570 0 575 4 2.62 2.03 2.82 4 1 480 0 28 0 0 0 0 0 0 0 2850 2850 0 1202001 1202001 0 60 60
20230509 17:27:59.801 24 0 4 4 0 1 0 68 28 0 0 3850 610 0 575 4 2.62 2.03 2.82 4 1 540 0 32 0 0 10 0 0 0 0 1760 1760 0 1022119 1022119 0 20 20
20230509 17:27:59.901 19 0 12 1 0 1 0 68 32 0 0 3820 1710 0 575 4 2.62 2.03 2.82 4 1 440 0 26 0 0 0 0 0 0 0 1460 1460 0 1235201 1235201 0 50 50
20230509 17:28:00.001 22 0 9 4 0 0 0 65 32 0 0 5270 6480 0 575 4 2.62 2.03 2.82 4 1 740 0 43 0 0 0 0 0 0 0 1250 1250 0 1206761 1206761 0 20 20
20230509 17:28:00.101 22 0 8 2 0 0 0 68 29 0 0 3030 2220 0 575 4 2.62 2.03 2.82 4 1 390 0 23 0 0 0 0 0 0 0 1060 1060 0 1091838 1091838 0 30 30
20230509 17:28:00.201 23 0 5 2 0 1 0 69 29 0 0 3800 450 0 575 4 2.62 2.03 2.82 4 1 500 0 29 0 0 0 0 0 0 0 1380 1380 0 1228841 1228841 0 110 110
20230509 17:28:00.301 25 0 1 5 0 0 0 69 26 0 0 3010 430 0 575 4 2.62 2.03 2.82 4 1 760 0 45 0 0 0 0 0 0 0 530 530 0 333440 333440 0 30 30
20230509 17:28:00.401 25 0 5 6 0 1 0 64 30 0 0 4320 11130 0 575 4 2.62 2.03 2.82 4 1 560 0 33 0 0 10 0 0 0 0 170 170 0 79560 79560 0 0 0
20230509 17:28:00.501 24 0 2 6 0 2 0 67 28 0 0 2720 510 0 575 4 2.62 2.03 2.82 4 1 570 0 33 0 0 0 0 0 0 0 250 250 0 99880 99880 0 20 20
20230509 17:28:00.601 24 0 1 6 0 0 0 69 25 0 0 2010 320 0 575 4 2.62 2.03 2.82 4 1 380 0 22 0 0 0 0 0 0 0 130 130 0 99840 99840 0 0 0
20230509 17:28:00.701 21 0 8 6 0 1 0 64 30 0 0 4220 7300 0 575 4 2.62 2.03 2.82 5 1 590 0 35 0 0 0 0 0 0 0 90 90 0 75520 75520 0 0 0
20230509 17:28:00.801 21 0 4 6 0 1 0 68 26 0 0 2430 450 0 575 4 2.62 2.03 2.82 4 1 850 0 50 0 0 10 0 0 0 0 140 140 0 124160 124160 0 0 0
20230509 17:28:00.901 21 0 4 6 0 0 0 69 25 0 0 2620 790 0 575 4 2.62 2.03 2.82 5 1 1030 0 60 0 0 0 0 0 0 0 110 110 0 80960 80960 0 0 0
20230509 17:28:01.001 24 0 4 6 0 2 0 63 31 0 0 4010 6530 0 575 4 2.62 2.03 2.82 4 1 570 0 33 0 0 0 0 0 0 0 330 330 0 204840 204840 0 0 0
20230509 17:28:01.101 22 0 4 6 0 0 0 68 25 0 0 2700 400 0 575 4 2.62 2.03 2.82 4 1 870 0 51 0 0 0 0 0 0 0 140 140 0 76800 76800 0 0 0
20230509 17:28:01.201 23 0 2 6 0 0 0 69 25 0 0 2720 420 0 575 5 2.62 2.03 2.82 5 0 660 0 39 0 0 0 0 0 0 0 610 610 0 124520 124520 0 10 10
20230509 17:28:01.301 24 0 2 5 0 0 0 68 27 0 0 2270 330 0 575 4 2.62 2.03 2.82 5 1 250 0 15 0 0 0 0 0 0 0 550 550 0 117960 117960 0 30 30
20230509 17:28:01.401 20 0 9 6 0 1 0 64 30 0 0 4800 11170 0 575 4 2.62 2.03 2.82 5 1 950 0 56 0 0 0 0 0 0 0 160 160 0 80640 80640 0 0 0
20230509 17:28:01.501 21 0 4 6 0 0 0 68 26 0 0 2500 270 0 575 4 2.62 2.03 2.82 4 1 690 0 40 0 0 0 0 0 0 0 240 240 0 122880 122880 0 0 0
20230509 17:28:01.601 24 0 1 6 0 0 0 69 25 0 0 2340 1660 0 575 4 2.62 2.03 2.82 4 1 650 0 38 0 0 20 0 0 0 0 170 170 0 79360 79360 0 10 10
20230509 17:28:01.701 25 0 5 4 0 1 0 65 31 0 0 5380 8000 0 575 5 2.62 2.03 2.82 7 0 720 0 42 0 0 0 0 0 0 0 1100 1100 0 788161 788161 0 130 130
20230509 17:28:01.801 23 0 4 4 0 0 0 69 27 0 0 3410 790 0 575 4 2.62 2.03 2.82 5 0 790 0 47 0 0 0 0 0 0 0 1060 1060 0 869719 869719 0 120 120
20230509 17:28:01.901 23 0 8 1 0 0 0 69 30 0 0 5590 3200 0 575 5 2.62 2.03 2.82 5 0 640 30 38 2 0 10 0 0 0 0 3020 3020 0 1223561 1223561 0 30 30
20230509 17:28:02.001 21 0 11 3 0 0 0 65 32 0 0 4920 6930 0 575 4 2.62 2.03 2.82 4 1 740 0 43 0 0 0 0 0 0 0 990 990 0 1018881 1018881 0 20 20
20230509 17:28:02.101 20 0 9 2 0 1 0 68 30 0 0 3480 1230 0 575 4 2.62 2.03 2.82 4 1 530 0 31 0 0 20 0 0 0 0 1210 1210 0 1228798 1228798 0 0 0
20230509 17:28:02.201 22 0 8 2 0 1 0 68 30 0 0 3330 510 0 575 4 2.62 2.03 2.82 4 1 590 0 35 0 0 0 0 0 0 0 1120 1120 0 1146881 1146881 0 0 0
20230509 17:28:02.301 19 0 9 3 0 0 0 69 28 0 0 3630 430 0 575 5 2.62 2.03 2.82 5 0 750 0 44 0 0 0 0 0 0 0 1100 1100 0 1124758 1124758 0 10 10
20230509 17:28:02.401 21 0 12 3 0 0 0 65 33 0 0 5910 11040 0 575 4 2.62 2.03 2.82 4 1 670 0 39 0 0 10 0 0 0 0 1220 1220 0 1246521 1246521 0 10 10
20230509 17:28:02.501 22 0 4 4 0 0 0 70 26 0 0 3440 430 0 575 4 2.62 2.03 2.82 4 0 680 0 40 0 0 0 0 0 0 0 970 970 0 913561 913561 0 60 60
20230509 17:28:02.601 23 0 2 0 0 0 0 75 25 0 0 2290 2340 0 575 4 2.62 2.03 2.82 4 0 610 10 36 1 0 20 0 0 0 0 0 0 0 0 0 0 0 0
20230509 17:28:02.701 22 0 7 0 0 2 0 69 31 0 0 4210 7060 0 575 4 2.62 2.03 2.82 4 0 620 0 36 0 0 0 0 0 0 0 0 0 0 0 0 0 0 0
20230509 17:28:02.801 17 0 7 0 0 1 0 75 25 0 0 2100 210 0 575 4 2.62 2.03 2.82 4 0 760 0 45 0 0 0 0 0 0 0 0 0 0 0 0 0 0 0
20230509 17:28:02.901 20 0 5 1 0 0 0 74 25 0 0 2080 940 0 575 4 2.62 2.03 2.82 4 1 310 10 18 1 0 0 0 0 0 0 10 10 0 1600 1600 0 390 390
20230509 17:28:03.001 21 0 9 4 0 0 0 66 30 0 0 3770 6380 0 575 4 2.62 2.03 2.82 4 0 650 0 38 0 0 0 0 0 0 0 10 10 0 40 40 0 0 0
20230509 17:28:03.101 24 0 1 0 0 0 0 75 25 0 0 2170 540 0 575 4 2.62 2.03 2.82 4 0 600 10 35 1 0 0 0 0 0 0 0 0 0 0 0 0 0 0
20230509 17:28:03.201 23 0 1 0 0 0 0 76 24 0 0 2180 330 0 574 3 2.62 2.03 2.82 3 0 750 0 44 0 0 0 0 0 0 0 0 0 0 0 0 0 0 0
20230509 17:28:03.301 16 0 1 0 0 0 0 83 17 0 0 2040 400 0 573 2 2.62 2.03 2.82 3 0 770 0 45 0 0 0 0 0 0 0 0 0 0 0 0 0 0 0
20230509 17:28:03.401 13 0 4 0 0 1 0 82 18 0 0 3980 10630 0 573 2 2.62 2.03 2.82 4 0 780 0 46 0 0 20 0 0 0 0 0 0 0 0 0 0 0 0
20230509 17:28:03.501 11 0 1 0 0 0 0 87 13 0 0 1900 550 0 573 2 2.62 2.03 2.82 2 0 710 0 42 0 0 0 0 0 0 0 0 0 0 0 0 0 0 0
20230509 17:28:03.601 10 0 3 0 0 0 0 87 13 0 0 1790 2620 0 573 2 2.62 2.03 2.82 2 0 760 0 45 0 0 10 0 0 0 0 0 0 0 0 0 0 0 0
20230509 17:28:03.701 8 0 9 0 0 2 0 81 19 0 0 3500 6390 0 573 2 2.62 2.03 2.82 2 0 500 0 29 0 0 0 0 0 0 0 0 0 0 0 0 0 0 0
20230509 17:28:03.801 9 0 3 0 0 0 0 87 13 0 0 1540 200 0 573 2 2.62 2.03 2.82 2 0 650 10 38 1 0 0 0 0 0 0 0 0 0 0 0 0 0 0
20230509 17:28:03.901 12 0 0 0 0 0 0 88 12 0 0 1710 680 0 573 2 2.62 2.03 2.82 2 0 550 0 32 0 0 10 0 0 0 0 0 0 0 0 0 0 0 0
20230509 17:28:04.001 12 0 6 0 0 0 0 82 18 0 0 3020 6000 0 572 1 2.62 2.03 2.82 1 0 510 0 30 0 0 0 0 0 0 0 0 0 0 0 0 0 0 0
20230509 17:28:04.101 8 0 3 0 0 0 0 90 10 0 0 5850 5900 50 573 4 2.62 2.03 2.82 3 0 660 100 46 12 0 30 0 0 0 0 0 0 0 0 0 0 0 0
20230509 17:28:04.201 7 0 3 0 0 0 0 90 10 0 0 4360 6410 70 575 1 2.57 2.03 2.82 2 0 840 160 59 19 0 0 0 0 0 0 0 0 0 0 0 0 0 0
20230509 17:28:04.301 6 0 1 0 0 0 0 93 7 0 0 1670 1620 0 575 2 2.57 2.03 2.82 2 0 1060 40 65 6 0 0 0 0 0 0 0 0 0 0 0 0 0 0
20230509 17:28:04.401 8 0 9 0 0 0 0 83 17 0 0 3500 9860 0 575 1 2.57 2.03 2.82 1 0 730 10 43 1 0 0 0 0 0 0 80 80 0 1080 1080 0 190 190
20230509 17:28:04.501 5 0 2 0 0 0 0 93 7 0 0 1270 1910 0 575 1 2.57 2.03 2.82 4 0 620 50 40 6 0 0 0 0 0 0 0 0 0 0 0 0 0 0
20230509 17:28:04.601 5 0 2 0 0 0 0 92 8 0 0 2130 2490 0 575 1 2.57 2.03 2.82 1 0 910 70 57 8 0 10 0 0 0 0 0 0 0 0 0 0 0 0
20230509 17:28:04.701 6 0 6 0 0 1 0 87 13 0 0 3580 7700 0 575 1 2.57 2.03 2.82 1 0 620 20 38 3 0 0 0 0 0 0 0 0 0 0 0 0 0 0
20230509 17:28:04.801 4 0 2 0 0 0 0 94 6 0 0 1240 160 0 575 1 2.57 2.03 2.82 1 0 860 0 50 0 0 0 0 0 0 0 0 0 0 0 0 0 0 0
20230509 17:28:04.901 6 0 1 0 0 0 0 93 7 0 0 1470 1850 0 575 1 2.57 2.03 2.82 1 0 980 30 59 4 0 0 0 0 0 0 0 0 0 0 0 0 0 0
20230509 17:28:05.001 6 0 8 0 0 0 0 86 14 0 0 3620 8880 0 575 2 2.57 2.03 2.82 2 0 970 100 63 12 0 0 0 0 0 0 0 0 0 0 0 0 0 0
20230509 17:28:05.101 7 0 2 0 0 0 0 91 9 0 0 1500 2330 0 575 1 2.57 2.03 2.82 1 0 700 30 43 4 0 0 0 0 0 0 0 0 0 0 0 0 0 0
20230509 17:28:05.201 6 0 2 0 0 1 0 91 9 0 0 2650 1390 90 572 1 2.57 2.03 2.82 1 0 640 0 38 0 0 0 0 0 0 0 0 0 0 0 0 0 0 0
20230509 17:28:05.301 6 0 1 0 0 0 0 94 6 0 0 1150 280 0 572 1 2.57 2.03 2.82 1 0 520 0 30 0 0 0 0 0 0 0 0 0 0 0 0 0 0 0
20230509 17:28:05.401 6 0 14 0 0 0 0 81 19 0 0 3800 11700 0 572 1 2.57 2.03 2.82 2 0 710 0 42 0 0 10 0 0 0 0 0 0 0 0 0 0 0 0
20230509 17:28:05.501 4 0 3 0 0 0 0 94 6 0 0 1180 340 0 572 1 2.57 2.03 2.82 1 0 630 0 37 0 0 0 0 0 0 0 0 0 0 0 0 0 0 0
20230509 17:28:05.601 5 0 4 0 0 0 0 91 9 0 0 1240 1360 0 572 1 2.57 2.03 2.82 1 0 660 0 39 0 0 10 0 0 0 0 0 0 0 0 0 0 0 0
20230509 17:28:05.701 5 0 6 0 0 0 0 89 11 0 0 2950 5930 0 572 1 2.57 2.03 2.82 1 0 830 0 49 0 0 0 0 0 0 0 0 0 0 0 0 0 0 0
20230509 17:28:05.801 5 0 2 0 0 0 0 93 7 0 0 1300 100 0 572 1 2.57 2.03 2.82 1 0 780 0 46 0 0 0 0 0 0 0 0 0 0 0 0 0 0 0
20230509 17:28:05.901 3 0 3 0 0 0 0 94 6 0 0 1570 1180 0 571 1 2.57 2.03 2.82 1 0 820 20 48 5 0 10 0 0 0 0 0 0 0 0 0 0 0 0
20230509 17:28:06.001 1 0 13 0 0 0 0 86 14 0 0 4830 6350 0 571 1 2.57 2.03 2.82 1 0 670 10 40 1 0 0 0 0 0 0 0 0 0 0 0 0 0 0
20230509 17:28:06.101 1 0 6 0 0 1 0 93 7 0 0 3690 540 0 571 1 2.57 2.03 2.82 1 0 440 0 26 0 0 10 0 0 0 0 0 0 0 0 0 0 0 0
20230509 17:28:06.201 0 0 6 0 0 0 0 94 6 0 0 1900 360 0 571 1 2.57 2.03 2.82 1 0 790 0 46 0 0 0 0 0 0 0 0 0 0 0 0 0 0 0
20230509 17:28:06.301 0 0 7 0 0 0 0 93 7 0 0 1730 320 0 571 1 2.57 2.03 2.82 1 0 810 0 47 0 0 0 0 0 0 0 0 0 0 0 0 0 0 0
20230509 17:28:06.401 1 0 18 0 0 1 0 81 19 0 0 4090 12310 0 571 1 2.57 2.03 2.82 1 0 240 0 14 0 0 0 0 0 0 0 0 0 0 0 0 0 0 0
20230509 17:28:06.501 1 0 6 0 0 0 0 93 7 0 0 2200 420 0 571 1 2.57 2.03 2.82 2 0 770 0 45 0 0 0 0 0 0 0 0 0 0 0 0 0 0 0
20230509 17:28:06.601 0 0 6 1 0 0 0 93 6 0 0 2020 490 0 571 1 2.57 2.03 2.82 1 1 780 0 46 0 0 0 0 0 0 0 180 180 0 151440 151440 0 20 20
20230509 17:28:06.701 1 0 12 4 0 0 0 83 13 0 0 4350 7140 0 571 1 2.57 2.03 2.82 1 1 570 0 33 0 0 0 0 0 0 0 940 940 0 794681 794681 0 70 70
20230509 17:28:06.801 0 0 8 2 0 0 0 90 8 0 0 2620 1840 0 571 1 2.57 2.03 2.82 1 1 790 0 47 0 0 0 0 0 0 0 1360 1360 0 844679 844679 0 100 100
20230509 17:28:06.901 0 0 10 1 0 0 0 89 10 0 0 5130 1580 0 571 1 2.57 2.03 2.82 2 0 850 30 50 2 0 0 0 0 0 0 3190 3190 0 1245401 1245401 0 140 140
20230509 17:28:07.001 1 0 18 4 0 1 0 77 20 0 0 6200 9240 30 572 2 2.57 2.03 2.82 2 1 660 10 39 1 0 0 0 0 0 0 1600 1600 0 958441 958441 0 1470 1470
20230509 17:28:07.101 1 0 7 6 0 0 0 86 8 0 0 3410 1230 0 571 1 2.57 2.03 2.82 1 1 760 40 48 5 0 0 0 0 0 0 120 120 0 115360 115360 0 0 0
20230509 17:28:07.201 0 0 7 6 0 0 0 87 7 0 0 2660 360 0 571 1 2.57 2.03 2.82 1 1 790 0 46 0 0 0 0 0 0 0 80 80 0 85760 85760 0 0 0
20230509 17:28:07.301 1 0 4 6 0 0 0 89 4 0 0 1910 1370 0 571 1 2.57 2.03 2.82 1 1 740 40 44 6 0 0 0 0 0 0 80 80 0 78520 78520 0 0 0
