Date Time [CPU]User% [CPU]Nice% [CPU]Sys% [CPU]Wait% [CPU]Irq% [CPU]Soft% [CPU]Steal% [CPU]Idle% [CPU]Totl% [CPU]Guest% [CPU]GuestN% [CPU]Intrpt/sec [CPU]Ctx/sec [CPU]Proc/sec [CPU]ProcQue [CPU]ProcRun [CPU]L-Avg1 [CPU]L-Avg5 [CPU]L-Avg15 [CPU]RunTot [CPU]BlkTot [NET]RxPktTot [NET]TxPktTot [NET]RxKBTot [NET]TxKBTot [NET]RxCmpTot [NET]RxMltTot [NET]TxCmpTot [NET]RxErrsTot [NET]TxErrsTot [DSK]ReadTot [DSK]WriteTot [DSK]OpsTot [DSK]ReadKBTot [DSK]WriteKBTot [DSK]KbTot [DSK]ReadMrgTot [DSK]WriteMrgTot [DSK]MrgTot
20230511 16:29:35.805 18 0 6 0 0 1 0 75 25 0 0 2962 2942 288 373 3 1.76 1.99 2.06 3 0 29 0 2 0 0 0 0 0 0 0 0 0 0 0 0 0 0 0
20230511 16:29:35.901 19 0 5 0 0 0 0 76 24 0 0 2688 1427 83 376 3 1.76 1.99 2.06 4 0 10 0 1 0 0 0 0 0 0 0 0 0 0 0 0 0 0 0
20230511 16:29:36.001 18 0 2 0 0 0 0 81 19 0 0 2310 570 10 376 3 1.76 1.99 2.06 3 0 120 0 7 0 0 0 0 0 0 0 0 0 0 0 0 0 0 0
20230511 16:29:36.101 19 0 1 0 0 0 0 81 19 0 0 1480 720 0 376 3 1.76 1.99 2.06 3 0 0 0 0 0 0 0 0 0 0 0 0 0 0 0 0 0 0 0
20230511 16:29:36.201 17 0 1 0 0 1 0 81 19 0 0 1180 280 0 376 3 1.76 1.99 2.06 3 0 0 0 0 0 0 0 0 0 0 0 0 0 0 0 0 0 0 0
20230511 16:29:36.301 18 0 1 0 0 0 0 81 19 0 0 1410 380 0 376 3 1.76 1.99 2.06 3 0 110 0 6 0 0 0 0 0 0 0 0 0 0 0 0 0 0 0
20230511 16:29:36.401 18 0 1 0 0 1 0 81 19 0 0 1310 1890 0 376 3 1.76 1.99 2.06 3 0 20 0 1 0 0 0 0 0 0 0 0 0 0 0 0 0 0 0
20230511 16:29:36.501 18 0 4 0 0 0 0 78 22 0 0 1650 2190 0 376 3 1.76 1.99 2.06 3 0 40 0 2 0 0 0 0 0 0 0 0 0 0 0 0 0 0 0
20230511 16:29:36.601 17 0 1 0 0 1 0 81 19 0 0 1840 340 0 376 3 1.76 1.99 2.06 3 0 20 0 1 0 0 0 0 0 0 0 0 0 0 0 0 0 0 0
20230511 16:29:36.701 18 0 1 0 0 0 0 81 19 0 0 1250 270 0 376 3 1.76 1.99 2.06 3 0 10 0 1 0 0 0 0 0 0 0 0 0 0 0 0 0 0 0
20230511 16:29:36.801 18 0 5 0 0 1 0 77 23 0 0 2320 1070 0 376 3 1.76 1.99 2.06 3 0 110 0 6 0 0 0 0 0 0 0 60 60 0 2720 2720 0 620 620
20230511 16:29:36.901 19 0 1 0 0 0 0 80 20 0 0 1550 1990 0 376 5 1.76 1.99 2.06 3 0 100 0 6 0 0 0 0 0 0 0 0 0 0 0 0 0 0 0
20230511 16:29:37.001 17 0 2 0 0 4 0 78 22 0 0 2260 860 30 373 3 1.76 1.99 2.06 3 0 0 0 0 0 0 0 0 0 0 0 0 0 0 0 0 0 0 0
20230511 16:29:37.101 17 0 2 0 0 1 0 80 20 0 0 1480 820 0 373 3 1.76 1.99 2.06 3 0 40 0 2 0 0 0 0 0 0 0 0 0 0 0 0 0 0 0
20230511 16:29:37.201 16 0 3 0 0 0 0 81 19 0 0 1260 310 0 373 3 1.76 1.99 2.06 3 0 20 0 1 0 0 20 0 0 0 0 0 0 0 0 0 0 0 0
20230511 16:29:37.301 17 0 2 0 0 0 0 81 19 0 0 1460 200 0 373 3 1.76 1.99 2.06 3 0 210 0 12 0 0 0 0 0 0 0 0 0 0 0 0 0 0 0
20230511 16:29:37.401 17 0 2 0 0 1 0 80 20 0 0 1270 500 0 373 3 1.76 1.99 2.06 3 0 20 0 1 0 0 20 0 0 0 0 0 0 0 0 0 0 0 0
20230511 16:29:37.501 18 0 3 0 0 0 0 79 21 0 0 1630 2560 0 373 3 1.76 1.99 2.06 3 0 10 0 1 0 0 0 0 0 0 0 0 0 0 0 0 0 0 0
20230511 16:29:37.601 18 0 2 0 0 0 0 81 19 0 0 2040 480 0 373 3 1.76 1.99 2.06 3 0 10 0 1 0 0 0 0 0 0 0 0 0 0 0 0 0 0 0
20230511 16:29:37.701 19 0 0 0 0 0 0 81 19 0 0 1220 540 0 373 3 1.76 1.99 2.06 3 0 0 0 0 0 0 0 0 0 0 0 0 0 0 0 0 0 0 0
20230511 16:29:37.801 18 0 4 0 0 1 0 77 23 0 0 1960 970 0 373 3 1.76 1.99 2.06 3 0 0 0 0 0 0 0 0 0 0 0 0 0 0 0 0 0 0 0
20230511 16:29:37.901 19 0 1 0 0 0 0 80 20 0 0 1510 1080 0 373 3 1.76 1.99 2.06 3 0 50 10 4 1 0 0 0 0 0 0 0 0 0 0 0 0 0 0
20230511 16:29:38.001 18 0 1 0 0 0 0 81 19 0 0 1520 270 0 373 3 1.76 1.99 2.06 3 0 60 0 4 0 0 0 0 0 0 0 0 0 0 0 0 0 0 0
20230511 16:29:38.101 18 0 1 0 0 0 0 81 19 0 0 1410 670 0 373 3 1.76 1.99 2.06 3 0 0 0 0 0 0 0 0 0 0 0 0 0 0 0 0 0 0 0
20230511 16:29:38.201 19 0 0 0 0 1 0 80 20 0 0 1170 240 0 373 3 1.76 1.99 2.06 3 0 10 0 1 0 0 0 0 0 0 0 0 0 0 0 0 0 0 0
20230511 16:29:38.301 19 0 0 0 0 0 0 81 19 0 0 1310 280 0 373 3 1.76 1.99 2.06 3 0 30 0 2 0 0 0 0 0 0 0 0 0 0 0 0 0 0 0
20230511 16:29:38.401 18 0 1 0 0 0 0 81 19 0 0 1290 1270 0 373 3 1.76 1.99 2.06 3 0 60 10 4 1 0 0 0 0 0 0 0 0 0 0 0 0 0 0
20230511 16:29:38.501 18 0 3 0 0 1 0 78 22 0 0 1670 2690 0 373 3 1.76 1.99 2.06 3 0 30 0 2 0 0 0 0 0 0 0 0 0 0 0 0 0 0 0
20230511 16:29:38.601 19 0 0 0 0 2 0 79 21 0 0 1980 380 0 373 3 1.76 1.99 2.06 3 0 30 0 2 0 0 0 0 0 0 0 0 0 0 0 0 0 0 0
20230511 16:29:38.701 18 0 1 0 0 0 0 81 19 0 0 1360 380 0 373 3 1.76 1.99 2.06 3 0 50 0 3 0 0 0 0 0 0 0 0 0 0 0 0 0 0 0
20230511 16:29:38.801 18 0 4 0 0 1 0 77 23 0 0 2210 900 0 373 3 1.76 1.99 2.06 3 0 80 0 5 0 0 0 0 0 0 0 0 0 0 0 0 0 0 0
20230511 16:29:38.901 18 0 2 0 0 0 0 80 20 0 0 1390 630 0 373 3 1.76 1.99 2.06 3 1 20 0 1 0 0 0 0 0 0 0 10 10 0 880 880 0 210 210
20230511 16:29:39.001 19 0 0 1 0 1 0 80 19 0 0 1510 350 0 373 3 1.76 1.99 2.06 3 0 0 0 0 0 0 0 0 0 0 0 10 10 0 40 40 0 0 0
20230511 16:29:39.101 19 0 1 0 0 0 0 81 19 0 0 1460 600 0 373 3 1.76 1.99 2.06 3 0 30 0 2 0 0 0 0 0 0 0 0 0 0 0 0 0 0 0
20230511 16:29:39.201 19 0 0 0 0 0 0 81 19 0 0 1220 220 0 373 3 1.76 1.99 2.06 3 0 40 0 2 0 0 20 0 0 0 0 0 0 0 0 0 0 0 0
20230511 16:29:39.301 19 0 0 0 0 0 0 81 19 0 0 1290 200 0 373 3 1.76 1.99 2.06 3 0 60 0 4 0 0 0 0 0 0 0 0 0 0 0 0 0 0 0
20230511 16:29:39.401 18 0 1 0 0 1 0 81 19 0 0 1410 1650 0 373 3 1.76 1.99 2.06 3 0 80 0 5 0 0 0 0 0 0 0 0 0 0 0 0 0 0 0
20230511 16:29:39.501 19 0 3 0 0 0 0 78 22 0 0 1680 2470 0 373 3 1.76 1.99 2.06 3 0 20 0 1 0 0 0 0 0 0 0 0 0 0 0 0 0 0 0
20230511 16:29:39.601 19 0 1 0 0 0 0 81 19 0 0 1920 340 0 373 3 1.86 2.01 2.07 3 0 10 0 1 0 0 0 0 0 0 0 0 0 0 0 0 0 0 0
20230511 16:29:39.701 19 0 0 0 0 0 0 81 19 0 0 1280 240 0 373 3 1.86 2.01 2.07 3 0 10 0 1 0 0 10 0 0 0 0 0 0 0 0 0 0 0 0
20230511 16:29:39.801 18 0 4 0 0 1 0 77 23 0 0 2140 920 0 373 3 1.86 2.01 2.07 3 0 0 0 0 0 0 0 0 0 0 0 0 0 0 0 0 0 0 0
20230511 16:29:39.901 19 0 1 0 0 1 0 80 20 0 0 1520 780 0 373 3 1.86 2.01 2.07 3 0 110 10 6 1 0 0 0 0 0 0 0 0 0 0 0 0 0 0
20230511 16:29:40.001 18 0 1 0 0 0 0 82 18 0 0 1590 320 0 373 3 1.86 2.01 2.07 3 0 100 0 6 0 0 0 0 0 0 0 0 0 0 0 0 0 0 0
20230511 16:29:40.101 19 0 1 0 0 1 0 80 20 0 0 1420 710 0 373 3 1.86 2.01 2.07 3 0 30 0 2 0 0 0 0 0 0 0 0 0 0 0 0 0 0 0
20230511 16:29:40.201 19 0 0 0 0 0 0 81 19 0 0 1150 200 0 373 3 1.86 2.01 2.07 3 0 10 0 1 0 0 0 0 0 0 0 0 0 0 0 0 0 0 0
20230511 16:29:40.301 19 0 0 0 0 0 0 81 19 0 0 1290 300 0 373 3 1.86 2.01 2.07 3 0 40 0 2 0 0 0 0 0 0 0 0 0 0 0 0 0 0 0
20230511 16:29:40.401 19 0 0 0 0 0 0 81 19 0 0 1340 2110 0 373 3 1.86 2.01 2.07 3 0 20 0 1 0 0 0 0 0 0 0 0 0 0 0 0 0 0 0
20230511 16:29:40.501 19 0 3 0 0 0 0 78 22 0 0 1750 2400 0 373 3 1.86 2.01 2.07 3 0 110 0 6 0 0 0 0 0 0 0 0 0 0 0 0 0 0 0
20230511 16:29:40.601 18 0 1 0 0 1 0 81 19 0 0 1980 290 0 373 3 1.86 2.01 2.07 3 0 20 10 1 1 0 0 0 0 0 0 0 0 0 0 0 0 0 0
20230511 16:29:40.701 19 0 0 0 0 0 0 81 19 0 0 1350 380 0 373 4 1.86 2.01 2.07 3 0 60 10 5 1 0 0 0 0 0 0 0 0 0 0 0 0 0 0
20230511 16:29:40.801 19 0 4 0 0 1 0 77 23 0 0 2250 1090 0 373 3 1.86 2.01 2.07 3 0 90 0 5 0 0 0 0 0 0 0 0 0 0 0 0 0 0 0
20230511 16:29:40.901 20 0 3 0 0 0 0 76 24 0 0 2180 1770 70 375 4 1.86 2.01 2.07 4 0 10 0 1 0 0 0 0 0 0 0 0 0 0 0 0 0 0 0
20230511 16:29:41.001 18 0 1 0 0 2 0 79 21 0 0 2440 590 20 376 3 1.86 2.01 2.07 3 0 0 0 0 0 0 0 0 0 0 0 0 0 0 0 0 0 0 0
20230511 16:29:41.101 19 0 0 0 0 0 0 81 19 0 0 1700 760 0 376 3 1.86 2.01 2.07 3 0 130 0 8 0 0 0 0 0 0 0 0 0 0 0 0 0 0 0
20230511 16:29:41.201 19 0 1 0 0 0 0 81 19 0 0 1340 300 0 376 3 1.86 2.01 2.07 3 0 30 0 2 0 0 20 0 0 0 0 0 0 0 0 0 0 0 0
20230511 16:29:41.301 18 0 1 0 0 0 0 81 19 0 0 1310 220 0 376 3 1.86 2.01 2.07 3 0 20 0 1 0 0 0 0 0 0 0 0 0 0 0 0 0 0 0
20230511 16:29:41.401 19 0 0 0 0 0 0 81 19 0 0 1320 300 0 376 3 1.86 2.01 2.07 3 0 140 0 8 0 0 0 0 0 0 0 0 0 0 0 0 0 0 0
20230511 16:29:41.501 18 0 3 0 0 1 0 79 21 0 0 1730 2280 0 376 3 1.86 2.01 2.07 3 0 20 0 1 0 0 0 0 0 0 0 0 0 0 0 0 0 0 0
20230511 16:29:41.601 19 0 1 0 0 1 0 80 20 0 0 1890 260 0 376 3 1.86 2.01 2.07 3 0 20 0 1 0 0 0 0 0 0 0 0 0 0 0 0 0 0 0
20230511 16:29:41.701 19 0 0 0 0 1 0 80 20 0 0 1250 280 0 376 3 1.86 2.01 2.07 3 0 0 0 0 0 0 10 0 0 0 0 0 0 0 0 0 0 0 0
20230511 16:29:41.801 19 0 4 0 0 0 0 77 23 0 0 2080 950 0 376 3 1.86 2.01 2.07 3 0 10 0 1 0 0 0 0 0 0 0 40 40 0 560 560 0 100 100
20230511 16:29:41.901 17 0 2 0 0 1 0 80 20 0 0 1580 2010 0 376 3 1.86 2.01 2.07 3 0 20 0 1 0 0 0 0 0 0 0 0 0 0 0 0 0 0 0
20230511 16:29:42.001 19 0 1 0 0 1 0 80 20 0 0 2240 960 30 373 3 1.86 2.01 2.07 3 0 20 0 1 0 0 0 0 0 0 0 0 0 0 0 0 0 0 0
20230511 16:29:42.101 15 0 4 0 0 1 0 81 19 0 0 1490 720 0 373 3 1.86 2.01 2.07 3 0 20 0 1 0 0 0 0 0 0 0 0 0 0 0 0 0 0 0
20230511 16:29:42.201 18 0 2 0 0 0 0 81 19 0 0 1180 260 0 373 3 1.86 2.01 2.07 3 0 10 0 1 0 0 20 0 0 0 0 0 0 0 0 0 0 0 0
20230511 16:29:42.301 16 0 3 0 0 0 0 81 19 0 0 1270 220 0 373 3 1.86 2.01 2.07 3 0 40 0 2 0 0 0 0 0 0 0 0 0 0 0 0 0 0 0
20230511 16:29:42.401 17 0 2 0 0 1 0 81 19 0 0 1270 1460 0 373 3 1.86 2.01 2.07 3 0 20 0 1 0 0 0 0 0 0 0 0 0 0 0 0 0 0 0
20230511 16:29:42.501 18 0 3 0 0 0 0 78 22 0 0 1630 2580 0 373 3 1.86 2.01 2.07 3 0 0 0 0 0 0 0 0 0 0 0 0 0 0 0 0 0 0 0
20230511 16:29:42.601 19 0 0 0 0 1 0 80 20 0 0 1940 340 0 373 3 1.86 2.01 2.07 3 0 20 0 1 0 0 0 0 0 0 0 0 0 0 0 0 0 0 0
20230511 16:29:42.701 19 0 1 0 0 1 0 80 20 0 0 1280 320 0 373 3 1.86 2.01 2.07 3 0 50 0 3 0 0 0 0 0 0 0 0 0 0 0 0 0 0 0
20230511 16:29:42.801 18 0 4 0 0 1 0 77 23 0 0 2240 940 0 373 3 1.86 2.01 2.07 3 0 50 0 3 0 0 0 0 0 0 0 0 0 0 0 0 0 0 0
20230511 16:29:42.901 19 0 1 0 0 0 0 80 20 0 0 1450 710 0 373 3 1.86 2.01 2.07 3 0 20 0 1 0 0 0 0 0 0 0 0 0 0 0 0 0 0 0
20230511 16:29:43.001 19 0 1 0 0 0 0 81 19 0 0 1550 370 0 373 3 1.86 2.01 2.07 3 0 20 0 1 0 0 0 0 0 0 0 0 0 0 0 0 0 0 0
20230511 16:29:43.101 19 0 0 0 0 1 0 80 20 0 0 1520 710 0 373 3 1.86 2.01 2.07 3 0 80 0 5 0 0 0 0 0 0 0 0 0 0 0 0 0 0 0
20230511 16:29:43.201 17 0 2 0 0 0 0 81 19 0 0 1170 200 0 373 3 1.86 2.01 2.07 3 0 30 0 2 0 0 20 0 0 0 0 0 0 0 0 0 0 0 0
20230511 16:29:43.301 18 0 1 0 0 1 0 80 20 0 0 1290 320 0 373 3 1.86 2.01 2.07 3 0 20 0 1 0 0 0 0 0 0 0 0 0 0 0 0 0 0 0
20230511 16:29:43.401 17 0 1 0 0 0 0 82 18 0 0 1350 360 0 373 3 1.86 2.01 2.07 3 0 120 0 7 0 0 0 0 0 0 0 0 0 0 0 0 0 0 0
20230511 16:29:43.501 18 0 4 0 0 0 0 78 22 0 0 1650 2470 0 373 3 1.86 2.01 2.07 3 0 20 0 1 0 0 20 0 0 0 0 0 0 0 0 0 0 0 0
20230511 16:29:43.601 16 0 2 0 0 1 0 81 19 0 0 1970 370 0 373 3 1.86 2.01 2.07 3 0 20 0 1 0 0 0 0 0 0 0 0 0 0 0 0 0 0 0
20230511 16:29:43.701 19 0 0 0 0 1 0 80 20 0 0 1360 440 0 373 3 1.86 2.01 2.07 3 0 10 0 1 0 0 20 0 0 0 0 0 0 0 0 0 0 0 0
20230511 16:29:43.801 17 0 6 0 0 0 0 77 23 0 0 2110 800 0 373 3 1.86 2.01 2.07 3 0 10 0 1 0 0 0 0 0 0 0 0 0 0 0 0 0 0 0
20230511 16:29:43.901 18 0 1 0 0 1 0 80 20 0 0 1360 780 0 373 3 1.86 2.01 2.07 3 1 10 0 1 0 0 0 0 0 0 0 10 10 0 160 160 0 30 30
20230511 16:29:44.001 18 0 1 0 0 0 0 81 19 0 0 1530 300 0 373 3 1.86 2.01 2.07 3 0 20 0 1 0 0 0 0 0 0 0 10 10 0 40 40 0 0 0
20230511 16:29:44.101 19 0 1 0 0 0 0 81 19 0 0 1460 670 0 373 3 1.86 2.01 2.07 3 0 20 0 1 0 0 0 0 0 0 0 0 0 0 0 0 0 0 0
20230511 16:29:44.201 18 0 1 0 0 1 0 81 19 0 0 1210 280 0 373 3 1.86 2.01 2.07 3 0 10 0 1 0 0 0 0 0 0 0 0 0 0 0 0 0 0 0
20230511 16:29:44.301 18 0 1 0 0 0 0 81 19 0 0 1330 260 0 373 3 1.86 2.01 2.07 3 0 100 0 6 0 0 0 0 0 0 0 0 0 0 0 0 0 0 0
20230511 16:29:44.401 16 0 4 0 0 1 0 80 20 0 0 1480 3570 0 373 3 1.86 2.01 2.07 3 0 20 0 1 0 0 0 0 0 0 0 0 0 0 0 0 0 0 0
20230511 16:29:44.501 18 0 4 0 0 0 0 78 22 0 0 1670 2620 0 373 3 1.86 2.01 2.07 3 0 0 0 0 0 0 0 0 0 0 0 0 0 0 0 0 0 0 0
20230511 16:29:44.601 19 0 0 0 0 0 0 81 19 0 0 1780 250 0 373 3 1.95 2.03 2.07 3 0 10 0 1 0 0 0 0 0 0 0 0 0 0 0 0 0 0 0
20230511 16:29:44.701 19 0 0 0 0 0 0 81 19 0 0 1400 400 0 373 3 1.95 2.03 2.07 3 0 20 0 1 0 0 0 0 0 0 0 0 0 0 0 0 0 0 0
20230511 16:29:44.801 18 0 5 0 0 1 0 76 24 0 0 2340 950 0 373 3 1.95 2.03 2.07 3 0 50 0 3 0 0 0 0 0 0 0 0 0 0 0 0 0 0 0
20230511 16:29:44.901 17 0 2 0 0 1 0 80 20 0 0 1520 780 0 373 3 1.95 2.03 2.07 3 0 40 10 2 1 0 0 0 0 0 0 0 0 0 0 0 0 0 0
20230511 16:29:45.001 15 0 4 0 0 0 0 81 19 0 0 1660 390 0 373 3 1.95 2.03 2.07 3 0 120 0 7 0 0 0 0 0 0 0 0 0 0 0 0 0 0 0
20230511 16:29:45.101 12 0 6 0 0 1 0 81 19 0 0 1480 540 0 373 3 1.95 2.03 2.07 3 0 150 0 9 0 0 0 0 0 0 0 0 0 0 0 0 0 0 0
20230511 16:29:45.201 11 0 9 2 0 1 0 77 20 0 0 2430 2340 0 373 3 1.95 2.03 2.07 3 1 30 0 2 0 0 10 0 0 0 0 1170 1170 0 466880 466880 0 80 80
20230511 16:29:45.301 16 0 4 5 0 0 0 75 20 0 0 2240 1400 0 373 3 1.95 2.03 2.07 3 1 30 0 2 0 0 0 0 0 0 0 910 910 0 771839 771839 0 30 30
20230511 16:29:45.401 18 0 4 4 0 0 0 75 21 0 0 2320 1220 0 373 3 1.95 2.03 2.07 3 1 80 0 5 0 0 0 0 0 0 0 840 840 0 718081 718081 0 20 20
20230511 16:29:45.501 18 0 6 3 0 1 0 72 25 0 0 6690 3120 0 373 3 1.95 2.03 2.07 3 1 20 0 1 0 0 0 0 0 0 0 5090 5090 0 1045041 1045041 0 20 20
20230511 16:29:45.601 17 0 3 4 0 1 0 75 21 0 0 9350 4080 0 373 3 1.95 2.03 2.07 3 1 10 0 1 0 0 0 0 0 0 0 7510 7510 0 1241798 1241798 0 1120 1120
20230511 16:29:45.701 17 0 4 4 0 0 0 75 21 0 0 4620 1290 0 373 3 1.95 2.03 2.07 3 1 30 20 3 2 0 0 0 0 0 0 3290 3290 0 1037681 1037681 0 80 80
20230511 16:29:45.801 18 0 7 3 0 1 0 71 26 0 0 5720 2370 0 373 2 1.95 2.03 2.07 2 2 20 0 1 0 0 0 0 0 0 10 3190 3200 40 1129958 1129998 0 60 60
20230511 16:29:45.901 14 0 4 8 0 0 0 75 18 0 0 2830 1250 0 373 2 1.95 2.03 2.07 2 2 20 0 1 0 0 0 0 0 0 140 1130 1270 7880 963841 971721 0 20 20
20230511 16:29:46.001 10 0 5 9 0 0 0 77 14 0 0 3070 4240 0 373 2 1.95 2.03 2.07 3 1 10 0 1 0 0 0 0 0 0 750 1070 1820 79400 902001 981401 0 40 40
20230511 16:29:46.101 13 0 3 6 0 0 0 79 15 0 0 3430 6080 0 373 3 1.95 2.03 2.07 3 0 20 0 1 0 0 0 0 0 0 910 1340 2250 116480 623519 739999 0 60 60
20230511 16:29:46.201 11 0 7 1 0 0 0 80 19 0 0 2040 3690 0 373 3 1.95 2.03 2.07 3 0 10 0 1 0 0 0 0 0 0 730 0 730 93440 0 93440 0 0 0
20230511 16:29:46.301 11 0 7 1 0 0 0 81 19 0 0 1990 3310 0 373 3 1.95 2.03 2.07 3 0 40 0 2 0 0 10 0 0 0 600 0 600 76800 0 76800 0 0 0
20230511 16:29:46.401 11 0 7 1 0 0 0 81 18 0 0 2310 5280 0 373 3 1.95 2.03 2.07 3 0 20 0 1 0 0 0 0 0 0 740 0 740 94720 0 94720 0 0 0
20230511 16:29:46.501 15 0 6 1 0 0 0 78 21 0 0 2630 5970 0 373 3 1.95 2.03 2.07 3 0 0 0 0 0 0 0 0 0 0 930 0 930 119040 0 119040 0 0 0
20230511 16:29:46.601 15 0 3 1 0 0 0 82 17 0 0 2720 3850 0 373 3 1.95 2.03 2.07 2 1 10 0 1 0 0 0 0 0 0 940 0 940 120320 0 120320 0 0 0
20230511 16:29:46.701 12 0 6 1 0 0 0 81 18 0 0 2130 3850 0 373 3 1.95 2.03 2.07 3 0 40 0 2 0 0 0 0 0 0 790 0 790 101120 0 101120 0 0 0
20230511 16:29:46.801 9 0 4 11 0 0 0 76 14 0 0 1820 2530 0 373 1 1.95 2.03 2.07 1 3 30 0 2 0 0 0 0 0 0 300 40 340 38400 640 39040 0 120 120
20230511 16:29:46.901 10 0 3 3 0 0 0 84 13 0 0 1530 3660 0 373 3 1.95 2.03 2.07 3 0 20 0 1 0 0 0 0 0 0 420 10 430 53760 40 53800 0 0 0
20230511 16:29:47.001 12 0 2 4 0 0 0 81 14 0 0 1810 2370 0 373 2 1.95 2.03 2.07 2 0 110 0 6 0 0 20 0 0 0 450 0 450 57600 0 57600 0 0 0
20230511 16:29:47.101 16 0 2 1 0 0 0 81 18 0 0 2600 4980 0 373 3 1.95 2.03 2.07 3 0 40 0 2 0 0 0 0 0 0 1180 0 1180 151040 0 151040 0 0 0
20230511 16:29:47.201 17 0 2 1 0 0 0 81 19 0 0 1950 3110 0 373 2 1.95 2.03 2.07 2 1 20 0 1 0 0 0 0 0 0 770 0 770 97320 0 97320 0 0 0
20230511 16:29:47.301 18 0 1 1 0 0 0 81 19 0 0 2050 2810 0 373 3 1.95 2.03 2.07 3 0 120 0 7 0 0 20 0 0 0 700 0 700 89600 0 89600 0 0 0
20230511 16:29:47.401 17 0 2 0 0 0 0 81 19 0 0 1450 1220 0 373 3 1.95 2.03 2.07 3 0 20 0 1 0 0 0 0 0 0 170 0 170 20800 0 20800 0 0 0
20230511 16:29:47.501 19 0 3 0 0 0 0 79 21 0 0 1740 2380 0 373 3 1.95 2.03 2.07 3 0 30 0 2 0 0 0 0 0 0 0 0 0 0 0 0 0 0 0
20230511 16:29:47.601 18 0 2 0 0 0 0 81 19 0 0 1800 230 0 373 3 1.95 2.03 2.07 3 0 10 0 1 0 0 0 0 0 0 0 0 0 0 0 0 0 0 0
20230511 16:29:47.701 18 0 1 0 0 0 0 81 19 0 0 1340 470 0 373 3 1.95 2.03 2.07 3 0 10 0 1 0 0 0 0 0 0 0 0 0 0 0 0 0 0 0
20230511 16:29:47.801 17 0 4 0 0 1 0 78 22 0 0 2110 940 0 373 3 1.95 2.03 2.07 3 0 20 0 1 0 0 0 0 0 0 0 0 0 0 0 0 0 0 0
20230511 16:29:47.901 18 0 2 0 0 0 0 81 19 0 0 1440 910 0 373 3 1.95 2.03 2.07 3 0 60 0 4 0 0 0 0 0 0 0 0 0 0 0 0 0 0 0
20230511 16:29:48.001 19 0 1 0 0 0 0 81 19 0 0 1400 730 0 373 3 1.95 2.03 2.07 3 0 10 0 1 0 0 10 0 0 0 0 0 0 0 0 0 0 0 0
20230511 16:29:48.101 17 0 2 0 0 0 0 81 19 0 0 1510 840 0 373 3 1.95 2.03 2.07 3 0 100 0 6 0 0 0 0 0 0 0 0 0 0 0 0 0 0 0
20230511 16:29:48.201 17 0 2 0 0 0 0 81 19 0 0 1170 500 0 373 3 1.95 2.03 2.07 3 0 20 0 1 0 0 0 0 0 0 0 0 0 0 0 0 0 0 0
20230511 16:29:48.301 16 0 2 0 0 0 0 81 19 0 0 1360 690 0 373 3 1.95 2.03 2.07 3 0 80 0 5 0 0 10 0 0 0 0 0 0 0 0 0 0 0 0
20230511 16:29:48.401 16 0 3 0 0 0 0 81 19 0 0 1310 1870 0 373 3 1.95 2.03 2.07 3 0 10 0 1 0 0 0 0 0 0 0 0 0 0 0 0 0 0 0
20230511 16:29:48.501 16 0 4 0 0 0 0 79 21 0 0 1690 2440 0 373 3 1.95 2.03 2.07 3 0 0 0 0 0 0 0 0 0 0 0 0 0 0 0 0 0 0 0
20230511 16:29:48.601 16 0 2 0 0 0 0 81 19 0 0 1970 530 0 373 3 1.95 2.03 2.07 3 0 0 0 0 0 0 0 0 0 0 0 0 0 0 0 0 0 0 0
20230511 16:29:48.701 17 0 2 0 0 0 0 81 19 0 0 1430 530 0 373 3 1.95 2.03 2.07 3 0 120 0 7 0 0 0 0 0 0 0 0 0 0 0 0 0 0 0
20230511 16:29:48.801 18 0 3 0 0 1 0 78 22 0 0 2270 1020 0 373 3 1.95 2.03 2.07 3 0 20 0 1 0 0 10 0 0 0 0 0 0 0 0 0 0 0 0
20230511 16:29:48.901 18 0 1 1 0 0 0 81 19 0 0 1350 740 0 373 3 1.95 2.03 2.07 3 1 40 0 2 0 0 0 0 0 0 0 10 10 0 1720 1720 0 420 420
20230511 16:29:49.001 16 0 2 0 0 0 0 81 19 0 0 1400 1220 0 373 3 1.95 2.03 2.07 3 0 10 0 1 0 0 10 0 0 0 0 10 10 0 40 40 0 0 0
20230511 16:29:49.101 18 0 1 0 0 0 0 81 19 0 0 1520 600 0 373 3 1.95 2.03 2.07 3 0 140 0 8 0 0 0 0 0 0 0 0 0 0 0 0 0 0 0
20230511 16:29:49.201 18 0 1 0 0 0 0 81 19 0 0 1220 360 0 373 3 1.95 2.03 2.07 3 0 40 0 2 0 0 0 0 0 0 0 0 0 0 0 0 0 0 0
20230511 16:29:49.301 18 0 1 0 0 0 0 81 19 0 0 1310 280 0 373 3 1.95 2.03 2.07 3 0 30 0 2 0 0 20 0 0 0 0 0 0 0 0 0 0 0 0
20230511 16:29:49.401 18 0 1 0 0 0 0 81 19 0 0 1500 1840 0 373 3 1.95 2.03 2.07 3 0 30 0 2 0 0 0 0 0 0 0 0 0 0 0 0 0 0 0
20230511 16:29:49.501 18 0 6 3 0 0 0 73 24 0 0 3060 3630 40 375 5 1.95 2.03 2.07 5 0 20 0 1 0 0 0 0 0 0 0 1370 1370 0 828361 828361 0 20 20
20230511 16:29:49.601 16 0 8 3 0 0 0 73 25 0 0 4720 3300 240 373 3 2.12 2.06 2.08 4 0 10 0 1 0 0 0 0 0 0 0 1380 1380 0 1226238 1226238 0 90 90
20230511 16:29:49.701 17 0 3 4 0 0 0 76 20 0 0 3230 1960 0 373 3 2.12 2.06 2.08 3 1 20 0 1 0 0 0 0 0 0 0 1810 1810 0 989241 989241 0 40 40
20230511 16:29:49.801 19 0 3 6 0 1 0 70 24 0 0 3130 2850 280 373 3 2.12 2.06 2.08 3 1 10 0 1 0 0 10 0 0 0 0 370 370 0 157560 157560 0 0 0
20230511 16:29:49.901 19 0 1 6 0 0 0 74 20 0 0 2690 1250 10 373 3 2.12 2.06 2.08 3 1 70 40 5 3 0 0 0 0 0 0 90 90 0 79360 79360 0 0 0
20230511 16:29:50.001 16 0 3 6 0 0 0 75 19 0 0 1690 1080 0 373 3 2.12 2.06 2.08 3 1 40 0 2 0 0 0 0 0 0 0 110 110 0 99840 99840 0 80 80
20230511 16:29:50.101 18 0 2 6 0 0 0 75 19 0 0 1650 1170 0 373 3 2.12 2.06 2.08 3 1 20 0 1 0 0 0 0 0 0 0 120 120 0 103680 103680 0 0 0
20230511 16:29:50.201 16 0 2 6 0 0 0 75 19 0 0 1310 480 0 373 3 2.12 2.06 2.08 3 1 20 0 1 0 0 0 0 0 0 0 90 90 0 76800 76800 0 0 0
20230511 16:29:50.301 18 0 2 6 0 0 0 75 19 0 0 1520 520 0 373 3 2.12 2.06 2.08 3 1 130 0 8 0 0 0 0 0 0 0 330 330 0 125240 125240 0 50 50
20230511 16:29:50.401 19 0 1 6 0 0 0 74 19 0 0 1560 1660 0 373 3 2.12 2.06 2.08 3 1 10 0 1 0 0 0 0 0 0 0 310 310 0 257280 257280 0 0 0
20230511 16:29:50.501 18 0 4 4 0 0 0 73 22 0 0 2780 2680 0 373 3 2.12 2.06 2.08 3 1 10 10 1 1 0 0 0 0 0 0 1050 1050 0 926721 926721 0 90 90
20230511 16:29:50.601 18 0 3 4 0 0 0 75 20 0 0 2680 820 0 373 3 2.12 2.06 2.08 3 1 10 0 1 0 0 0 0 0 0 0 930 930 0 750079 750079 0 60 60
20230511 16:29:50.701 16 0 4 4 0 0 0 75 20 0 0 3940 2410 0 373 4 2.12 2.06 2.08 4 0 160 20 10 2 0 0 0 0 0 0 2490 2490 0 1270721 1270721 0 100 100
20230511 16:29:50.801 18 0 7 1 0 2 0 71 27 0 0 5530 1850 0 373 4 2.12 2.06 2.08 4 0 50 0 3 0 0 0 0 0 0 0 3070 3070 0 1238318 1238318 0 140 140
20230511 16:29:50.901 17 0 4 2 0 0 0 77 22 0 0 4410 2910 0 373 3 2.12 2.06 2.08 3 0 30 0 2 0 0 0 0 0 0 0 3040 3040 0 914801 914801 0 90 90
20230511 16:29:51.001 18 0 2 0 0 0 0 81 19 0 0 1360 500 0 373 3 2.12 2.06 2.08 3 0 10 0 1 0 0 0 0 0 0 0 0 0 0 0 0 0 0 0
20230511 16:29:51.101 17 0 2 0 0 0 0 81 19 0 0 1470 830 0 373 3 2.12 2.06 2.08 3 0 60 0 4 0 0 0 0 0 0 0 0 0 0 0 0 0 0 0
20230511 16:29:51.201 19 0 0 0 0 0 0 81 19 0 0 1290 410 0 373 3 2.12 2.06 2.08 3 0 10 0 1 0 0 0 0 0 0 0 0 0 0 0 0 0 0 0
20230511 16:29:51.301 19 0 1 0 0 0 0 81 19 0 0 1270 340 0 373 3 2.12 2.06 2.08 3 0 20 0 1 0 0 10 0 0 0 0 0 0 0 0 0 0 0 0
20230511 16:29:51.401 18 0 1 0 0 0 0 81 19 0 0 1340 310 0 373 3 2.12 2.06 2.08 3 0 110 0 6 0 0 0 0 0 0 0 0 0 0 0 0 0 0 0
20230511 16:29:51.501 16 0 5 0 0 0 0 78 22 0 0 1670 2730 0 373 3 2.12 2.06 2.08 3 0 30 0 2 0 0 0 0 0 0 0 0 0 0 0 0 0 0 0
20230511 16:29:51.601 18 0 1 0 0 0 0 81 19 0 0 2070 500 0 373 3 2.12 2.06 2.08 3 0 20 10 1 1 0 0 0 0 0 0 0 0 0 0 0 0 0 0
20230511 16:29:51.701 18 0 1 0 0 0 0 81 19 0 0 1290 320 0 373 3 2.12 2.06 2.08 3 0 30 0 2 0 0 0 0 0 0 0 0 0 0 0 0 0 0 0
20230511 16:29:51.801 18 0 2 4 0 2 0 74 22 0 0 2140 980 0 373 3 2.12 2.06 2.08 3 1 10 0 1 0 0 0 0 0 0 0 40 40 0 720 720 0 140 140
20230511 16:29:51.901 11 0 2 7 0 0 0 80 13 0 0 2140 5800 0 373 2 2.12 2.06 2.08 2 1 60 0 4 0 0 0 0 0 0 870 10 880 80760 40 80800 0 0 0
20230511 16:29:52.001 10 0 2 7 0 0 0 80 13 0 0 2070 4090 0 373 2 2.12 2.06 2.08 2 1 20 0 1 0 0 0 0 0 0 960 0 960 122880 0 122880 0 0 0
20230511 16:29:52.101 9 0 2 8 0 0 0 81 11 0 0 1660 3250 0 373 3 2.12 2.06 2.08 3 0 110 0 6 0 0 10 0 0 0 660 0 660 84480 0 84480 0 0 0
20230511 16:29:52.201 11 0 2 4 0 0 0 83 13 0 0 1790 3590 0 373 1 2.12 2.06 2.08 1 2 70 0 4 0 0 0 0 0 0 830 0 830 106240 0 106240 0 0 0
20230511 16:29:52.301 14 0 1 4 0 0 0 81 15 0 0 2160 3850 0 373 3 2.12 2.06 2.08 2 1 160 0 9 0 0 20 0 0 0 930 0 930 119040 0 119040 0 0 0
20230511 16:29:52.401 12 0 4 3 0 0 0 81 16 0 0 2010 4950 0 373 3 2.12 2.06 2.08 2 2 20 0 1 0 0 0 0 0 0 820 0 820 104960 0 104960 0 0 0
20230511 16:29:52.501 11 0 10 2 0 0 0 77 21 0 0 2240 5430 0 373 1 2.12 2.06 2.08 3 0 0 0 0 0 0 0 0 0 0 630 0 630 80640 0 80640 0 0 0
20230511 16:29:52.601 15 0 2 2 0 0 0 81 17 0 0 2960 4400 0 373 3 2.12 2.06 2.08 3 0 10 0 1 0 0 0 0 0 0 1100 0 1100 140800 0 140800 0 0 0
20230511 16:29:52.701 16 0 2 2 0 0 0 80 19 0 0 2640 5330 0 373 3 2.12 2.06 2.08 3 0 60 0 4 0 0 0 0 0 0 1340 0 1340 171520 0 171520 0 0 0
20230511 16:29:52.801 14 0 7 1 0 2 0 77 22 0 0 3010 4530 0 373 3 2.12 2.06 2.08 3 0 30 0 2 0 0 10 0 0 0 920 0 920 117760 0 117760 0 0 0
20230511 16:29:52.901 12 0 6 1 0 0 0 81 19 0 0 1620 1640 0 373 3 2.12 2.06 2.08 3 0 10 0 1 0 0 0 0 0 0 310 0 310 37400 0 37400 0 0 0
20230511 16:29:53.001 18 0 2 0 0 0 0 81 19 0 0 1690 800 0 373 3 2.12 2.06 2.08 3 0 20 0 1 0 0 0 0 0 0 0 0 0 0 0 0 0 0 0
20230511 16:29:53.101 18 0 1 0 0 0 0 81 19 0 0 1300 650 0 373 3 2.12 2.06 2.08 3 0 50 0 3 0 0 10 0 0 0 0 0 0 0 0 0 0 0 0
20230511 16:29:53.201 18 0 1 0 0 0 0 81 19 0 0 1190 330 0 373 3 2.12 2.06 2.08 3 0 10 0 1 0 0 0 0 0 0 0 0 0 0 0 0 0 0 0
20230511 16:29:53.301 18 0 1 0 0 0 0 81 19 0 0 1370 370 0 373 3 2.12 2.06 2.08 3 0 170 0 10 0 0 20 0 0 0 0 0 0 0 0 0 0 0 0
20230511 16:29:53.401 16 0 4 0 0 0 0 81 19 0 0 1110 820 0 373 3 2.12 2.06 2.08 3 0 10 0 1 0 0 0 0 0 0 0 0 0 0 0 0 0 0 0
20230511 16:29:53.501 17 0 4 0 0 0 0 79 21 0 0 1670 2880 0 373 3 2.12 2.06 2.08 3 0 20 0 1 0 0 0 0 0 0 0 0 0 0 0 0 0 0 0
20230511 16:29:53.601 18 0 1 0 0 0 0 81 19 0 0 1870 340 0 373 3 2.12 2.06 2.08 3 0 10 0 1 0 0 0 0 0 0 0 0 0 0 0 0 0 0 0
20230511 16:29:53.701 18 0 1 0 0 0 0 81 19 0 0 1260 640 0 373 3 2.12 2.06 2.08 3 0 0 0 0 0 0 0 0 0 0 0 0 0 0 0 0 0 0 0
20230511 16:29:53.801 19 0 1 0 0 1 0 79 21 0 0 2020 760 0 373 3 2.12 2.06 2.08 3 0 20 0 1 0 0 10 0 0 0 0 0 0 0 0 0 0 0 0
20230511 16:29:53.901 18 0 1 0 0 0 0 81 19 0 0 1280 910 0 373 3 2.12 2.06 2.08 3 1 10 0 1 0 0 0 0 0 0 0 10 10 0 1360 1360 0 330 330
20230511 16:29:54.001 18 0 2 0 0 0 0 81 19 0 0 1630 680 0 373 3 2.12 2.06 2.08 3 0 60 0 4 0 0 0 0 0 0 0 10 10 0 40 40 0 0 0
20230511 16:29:54.101 17 0 2 0 0 0 0 81 19 0 0 1540 1010 0 373 3 2.12 2.06 2.08 3 0 200 0 12 0 0 10 0 0 0 0 0 0 0 0 0 0 0 0
20230511 16:29:54.201 18 0 1 0 0 0 0 81 19 0 0 1300 290 0 373 3 2.12 2.06 2.08 3 0 110 0 6 0 0 0 0 0 0 0 0 0 0 0 0 0 0 0
20230511 16:29:54.301 18 0 2 0 0 0 0 81 19 0 0 1320 470 0 373 3 2.12 2.06 2.08 3 0 100 0 6 0 0 0 0 0 0 0 0 0 0 0 0 0 0 0
20230511 16:29:54.401 18 0 1 0 0 0 0 81 19 0 0 1270 3080 0 373 3 2.12 2.06 2.08 3 0 20 0 1 0 0 0 0 0 0 0 0 0 0 0 0 0 0 0
20230511 16:29:54.501 18 0 3 0 0 0 0 79 21 0 0 1680 2820 0 373 3 2.12 2.06 2.08 3 0 10 0 1 0 0 0 0 0 0 0 0 0 0 0 0 0 0 0
20230511 16:29:54.601 15 0 4 1 0 0 0 81 19 0 0 2180 1490 0 373 3 2.19 2.08 2.09 3 0 0 0 0 0 0 0 0 0 0 200 0 200 13080 0 13080 0 0 0
20230511 16:29:54.701 16 0 1 2 0 0 0 81 17 0 0 3660 8390 0 373 3 2.19 2.08 2.09 3 0 190 0 11 0 0 0 0 0 0 2220 0 2220 267040 0 267040 0 0 0
20230511 16:29:54.801 10 0 9 2 0 2 0 78 20 0 0 4040 8450 0 373 3 2.19 2.08 2.09 3 0 40 0 2 0 0 0 0 0 0 1730 0 1730 221440 0 221440 0 0 0
20230511 16:29:54.901 8 0 4 11 0 0 0 76 13 0 0 6210 10870 0 373 2 2.19 2.08 2.09 4 0 30 10 2 1 0 0 0 0 0 1260 3850 5110 161280 742081 903361 0 60 60
20230511 16:29:55.001 9 0 6 8 0 0 0 77 15 0 0 5480 14130 0 373 1 2.19 2.08 2.09 1 3 10 0 1 0 0 0 0 0 0 820 3180 4000 104960 677321 782281 0 60 60
20230511 16:29:55.101 9 0 4 11 0 0 0 76 13 0 0 4160 6120 0 373 3 2.19 2.08 2.09 3 1 40 0 2 0 0 10 0 0 0 930 2240 3170 119040 553799 672839 0 40 40
20230511 16:29:55.201 10 0 4 8 0 0 0 78 15 0 0 2130 3910 0 373 2 2.19 2.08 2.09 3 1 10 0 1 0 0 0 0 0 0 730 320 1050 93440 80640 174080 0 10 10
20230511 16:29:55.301 7 0 2 16 0 0 0 75 9 0 0 1120 1150 0 373 3 2.19 2.08 2.09 1 3 110 0 6 0 0 10 0 0 0 160 300 460 20480 94720 115200 0 20 20
20230511 16:29:55.401 10 0 1 13 0 0 0 75 11 0 0 1540 2820 0 373 1 2.19 2.08 2.09 1 3 20 0 1 0 0 0 0 0 0 430 320 750 55040 103640 158680 0 10 10
20230511 16:29:55.501 8 0 6 14 0 0 0 72 14 0 0 1670 3620 0 373 3 2.19 2.08 2.09 3 1 20 0 1 0 0 0 0 0 0 290 230 520 37120 79360 116480 0 0 0
20230511 16:29:55.601 10 0 4 10 0 1 0 75 15 0 0 2520 3010 0 373 3 2.19 2.08 2.09 2 2 10 0 1 0 0 0 0 0 0 420 450 870 53760 118120 171880 0 10 10
20230511 16:29:55.701 11 0 4 10 0 0 0 74 16 0 0 2060 3640 0 373 3 2.19 2.08 2.09 2 2 50 20 7 2 0 0 0 0 0 640 190 830 81920 83240 165160 0 0 0
20230511 16:29:55.801 14 0 3 7 0 1 0 75 18 0 0 3510 3250 0 373 4 2.19 2.08 2.09 4 0 20 0 1 0 0 10 0 0 0 510 1150 1660 62400 317760 380159 0 30 30
20230511 16:29:55.901 18 0 4 3 0 0 0 76 22 0 0 4420 2110 0 373 3 2.19 2.08 2.09 4 0 0 0 0 0 0 0 0 0 0 10 3220 3230 40 829081 829121 0 90 90
20230511 16:29:56.001 18 0 3 3 0 0 0 76 22 0 0 4320 1760 0 373 3 2.19 2.08 2.09 3 1 50 0 3 0 0 0 0 0 0 0 2650 2650 0 787281 787281 0 60 60
20230511 16:29:56.101 18 0 4 3 0 0 0 75 22 0 0 5250 1240 0 373 4 2.19 2.08 2.09 4 0 40 0 2 0 0 0 0 0 0 0 3870 3870 0 1098238 1098238 0 30 30
20230511 16:29:56.201 18 0 6 1 0 0 0 75 24 0 0 5050 2590 0 373 4 2.19 2.08 2.09 4 0 10 0 1 0 0 0 0 0 0 0 3580 3580 0 1243081 1243081 0 110 110
20230511 16:29:56.301 18 0 1 4 0 0 0 76 19 0 0 2510 810 0 373 3 2.19 2.08 2.09 3 1 220 0 13 0 0 0 0 0 0 0 930 930 0 352519 352519 0 20 20
20230511 16:29:56.401 17 0 2 6 0 0 0 74 20 0 0 1590 2000 0 373 3 2.19 2.08 2.09 3 1 30 0 2 0 0 0 0 0 0 0 200 200 0 81920 81920 0 20 20
20230511 16:29:56.501 18 0 4 6 0 0 0 72 22 0 0 1920 2530 0 373 3 2.19 2.08 2.09 3 1 20 0 1 0 0 0 0 0 0 0 310 310 0 121600 121600 0 0 0
20230511 16:29:56.601 18 0 1 6 0 0 0 75 19 0 0 2150 570 0 373 3 2.19 2.08 2.09 3 1 10 0 1 0 0 10 0 0 0 0 260 260 0 79360 79360 0 0 0
20230511 16:29:56.701 19 0 1 6 0 0 0 74 19 0 0 1620 490 0 373 3 2.19 2.08 2.09 3 1 120 0 7 0 0 0 0 0 0 0 240 240 0 81920 81920 0 0 0
20230511 16:29:56.801 18 0 2 6 0 1 0 72 21 0 0 2230 1730 0 373 3 2.19 2.08 2.09 3 2 20 0 1 0 0 0 0 0 0 0 270 270 0 94040 94040 0 130 130
20230511 16:29:56.901 17 0 2 12 0 0 0 68 19 0 0 1500 2930 0 373 3 2.19 2.08 2.09 3 2 20 0 1 0 0 0 0 0 0 0 100 100 0 38400 38400 0 0 0
20230511 16:29:57.001 17 0 2 13 0 0 0 69 19 0 0 1930 890 0 373 3 2.19 2.08 2.09 3 2 0 0 0 0 0 0 0 0 0 0 370 370 0 150960 150960 0 0 0
20230511 16:29:57.101 19 0 1 2 0 0 0 78 20 0 0 2700 880 0 373 4 2.19 2.08 2.09 4 0 130 0 8 0 0 0 0 0 0 0 1120 1120 0 331320 331320 0 40 40
20230511 16:29:57.201 19 0 1 6 0 0 0 75 20 0 0 2240 250 0 373 4 2.19 2.08 2.09 3 1 30 0 2 0 0 0 0 0 0 0 1060 1060 0 353280 353280 0 0 0
20230511 16:29:57.301 19 0 1 4 0 0 0 75 21 0 0 2050 400 0 373 3 2.19 2.08 2.09 3 1 120 0 7 0 0 0 0 0 0 0 620 620 0 284160 284160 0 50 50
20230511 16:29:57.401 19 0 1 2 0 0 0 79 19 0 0 2740 350 0 373 3 2.19 2.08 2.09 3 0 30 0 2 0 0 20 0 0 0 0 1570 1570 0 423600 423600 0 10 10
20230511 16:29:57.501 18 0 3 0 0 0 0 79 21 0 0 1610 2670 0 373 3 2.19 2.08 2.09 3 0 20 0 1 0 0 0 0 0 0 0 0 0 0 0 0 0 0 0
20230511 16:29:57.601 18 0 1 0 0 0 0 81 19 0 0 1900 270 0 373 3 2.19 2.08 2.09 3 0 10 0 1 0 0 0 0 0 0 0 0 0 0 0 0 0 0 0
20230511 16:29:57.701 19 0 0 0 0 0 0 81 19 0 0 1290 300 0 373 3 2.19 2.08 2.09 3 0 0 0 0 0 0 0 0 0 0 0 0 0 0 0 0 0 0 0
20230511 16:29:57.801 18 0 1 0 0 0 0 81 19 0 0 1970 770 0 373 3 2.19 2.08 2.09 3 0 30 0 2 0 0 0 0 0 0 0 0 0 0 0 0 0 0 0
20230511 16:29:57.901 19 0 0 0 0 0 0 81 19 0 0 1420 770 0 373 3 2.19 2.08 2.09 3 0 0 0 0 0 0 10 0 0 0 0 0 0 0 0 0 0 0 0
20230511 16:29:58.001 19 0 0 0 0 0 0 81 19 0 0 1700 590 0 373 3 2.19 2.08 2.09 3 0 30 0 2 0 0 0 0 0 0 50 0 50 2680 0 2680 0 0 0
20230511 16:29:58.101 13 0 3 5 0 0 0 79 16 0 0 5560 13570 0 373 2 2.19 2.08 2.09 2 1 130 0 8 0 0 0 0 0 0 4110 0 4110 424839 0 424839 0 0 0
20230511 16:29:58.201 6 0 9 4 0 0 0 81 15 0 0 4230 13090 0 373 3 2.19 2.08 2.09 2 1 0 0 0 0 0 0 0 0 0 3100 0 3100 396800 0 396800 0 0 0
20230511 16:29:58.301 9 0 7 4 0 0 0 80 16 0 0 3940 11320 0 373 2 2.19 2.08 2.09 3 0 20 0 1 0 0 0 0 0 0 2690 0 2690 344320 0 344320 0 0 0
20230511 16:29:58.401 4 0 12 2 0 0 0 82 16 0 0 3020 9750 0 373 2 2.19 2.08 2.09 3 0 100 0 6 0 0 0 0 0 0 1730 0 1730 221440 0 221440 0 0 0
20230511 16:29:58.501 9 0 10 3 0 0 0 78 19 0 0 4080 11720 0 373 2 2.19 2.08 2.09 1 2 30 0 2 0 0 0 0 0 0 2340 0 2340 299520 0 299520 0 0 0
20230511 16:29:58.601 9 0 8 3 0 0 0 81 16 0 0 4090 9250 0 373 2 2.19 2.08 2.09 3 0 10 0 1 0 0 0 0 0 0 2140 0 2140 273920 0 273920 0 0 0
20230511 16:29:58.701 10 0 6 3 0 0 0 81 16 0 0 3600 9790 0 373 3 2.19 2.08 2.09 3 0 30 0 2 0 0 0 0 0 0 2370 0 2370 303360 0 303360 0 0 0
20230511 16:29:58.801 8 0 9 3 0 0 0 80 18 0 0 4050 9330 0 373 3 2.19 2.08 2.09 3 0 30 0 2 0 0 0 0 0 0 2130 0 2130 272640 0 272640 0 0 0
20230511 16:29:58.901 10 0 6 3 0 0 0 81 16 0 0 3490 9320 0 373 2 2.19 2.08 2.09 0 4 20 0 1 0 0 0 0 0 0 2050 10 2060 256000 2520 258520 0 620 620
20230511 16:29:59.001 9 0 6 3 0 0 0 82 15 0 0 3380 7830 0 373 2 2.19 2.08 2.09 3 0 10 0 1 0 0 0 0 0 0 1900 10 1910 239240 40 239280 0 0 0
20230511 16:29:59.101 16 0 3 1 0 0 0 80 19 0 0 2170 3730 0 373 3 2.19 2.08 2.09 3 0 30 0 2 0 0 0 0 0 0 800 0 800 98680 0 98680 0 0 0
20230511 16:29:59.201 17 0 1 1 0 0 0 81 18 0 0 2020 3270 0 373 3 2.19 2.08 2.09 3 0 30 0 2 0 0 0 0 0 0 870 0 870 110520 0 110520 0 0 0
20230511 16:29:59.301 14 0 3 4 0 0 0 79 18 0 0 1990 3460 0 373 2 2.19 2.08 2.09 2 2 0 0 0 0 0 0 0 0 0 620 200 820 79360 61440 140800 0 40 40
20230511 16:29:59.401 11 0 5 9 0 0 0 75 16 0 0 1490 3460 0 373 2 2.19 2.08 2.09 2 2 40 0 2 0 0 10 0 0 0 200 130 330 25600 111360 136960 0 0 0
20230511 16:29:59.501 13 0 5 8 0 0 0 74 18 0 0 2040 4640 0 373 3 2.19 2.08 2.09 2 2 30 0 2 0 0 0 0 0 0 290 220 510 37120 83320 120440 0 10 10
20230511 16:29:59.601 12 0 2 10 0 0 0 75 15 0 0 2150 1850 0 373 2 2.33 2.11 2.10 2 2 30 0 2 0 0 0 0 0 0 220 220 440 28160 112640 140800 0 0 0
20230511 16:29:59.701 12 0 3 10 0 0 0 75 15 0 0 1280 1270 0 373 2 2.33 2.11 2.10 2 2 0 0 0 0 0 0 0 0 0 170 80 250 21760 81920 103680 0 0 0
20230511 16:29:59.801 13 0 2 11 0 0 0 74 15 0 0 2080 1890 0 373 2 2.33 2.11 2.10 2 2 130 0 8 0 0 0 0 0 0 170 120 290 21760 120320 142080 0 20 20
20230511 16:29:59.901 13 0 1 11 0 0 0 75 15 0 0 1500 1450 0 373 2 2.33 2.11 2.10 2 2 10 10 1 1 0 20 0 0 0 90 300 390 11520 80320 91840 0 0 0
20230511 16:30:00.001 12 0 2 11 0 0 0 75 14 0 0 2100 1260 0 373 3 2.33 2.11 2.10 2 2 160 0 9 0 0 0 0 0 0 100 580 680 12800 366520 379320 0 0 0
20230511 16:30:00.101 12 0 4 9 0 0 0 74 17 0 0 2270 2190 0 373 2 2.33 2.11 2.10 2 2 20 0 1 0 0 0 0 0 0 170 740 910 21760 756399 778159 0 0 0
20230511 16:30:00.201 13 0 4 8 0 0 0 75 16 0 0 2150 950 0 373 2 2.33 2.11 2.10 4 0 200 0 12 0 0 0 0 0 0 160 810 970 20480 789281 809761 0 30 30
20230511 16:30:00.301 13 0 4 8 0 1 0 74 18 0 0 3780 1260 0 373 2 2.33 2.11 2.10 3 1 10 0 1 0 0 0 0 0 0 190 2570 2760 24320 886959 911279 0 30 30
20230511 16:30:00.401 13 0 4 8 0 0 0 76 16 0 0 5220 3940 0 373 3 2.33 2.11 2.10 2 2 10 0 1 0 0 0 0 0 0 190 4030 4220 24320 1120241 1144561 0 280 280
20230511 16:30:00.501 13 0 4 9 0 0 0 73 17 0 0 3880 3100 0 373 2 2.33 2.11 2.10 2 2 50 0 3 0 0 0 0 0 0 120 1920 2040 15360 645001 660361 0 50 50
20230511 16:30:00.601 15 0 1 10 0 0 0 75 16 0 0 2190 1470 0 373 2 2.33 2.11 2.10 2 2 10 0 1 0 0 0 0 0 0 290 430 720 37120 112040 149160 0 0 0
20230511 16:30:00.701 12 0 2 11 0 0 0 74 14 0 0 1690 1190 0 373 3 2.33 2.11 2.10 3 1 20 10 1 1 0 0 0 0 0 120 570 690 15360 120880 136240 0 10 10
20230511 16:30:00.801 14 0 1 10 0 0 0 75 15 0 0 2410 2340 0 373 2 2.33 2.11 2.10 2 2 60 10 5 1 0 10 0 0 0 240 290 530 30720 80640 111360 0 0 0
20230511 16:30:00.901 12 0 1 11 0 0 0 75 13 0 0 1690 1620 0 373 2 2.33 2.11 2.10 3 1 60 0 4 0 0 0 0 0 0 60 490 550 7680 121760 129440 0 10 10
20230511 16:30:01.001 14 0 1 11 0 0 0 75 15 0 0 1770 1510 0 373 2 2.33 2.11 2.10 2 2 30 0 2 0 0 0 0 0 0 260 200 460 33280 78040 111320 0 0 0
20230511 16:30:01.101 13 0 1 11 0 0 0 75 14 0 0 1450 1370 0 373 2 2.33 2.11 2.10 2 2 40 0 2 0 0 0 0 0 0 70 140 210 8960 81920 90880 0 0 0
20230511 16:30:01.201 14 0 2 8 0 0 0 76 16 0 0 2130 1860 20 376 4 2.33 2.11 2.10 4 0 30 0 2 0 0 0 0 0 0 270 820 1090 34560 242840 277400 0 30 30
20230511 16:30:01.301 15 0 4 1 0 0 0 80 20 0 0 2590 3750 10 373 2 2.33 2.11 2.10 2 0 10 0 1 0 0 0 0 0 0 620 0 620 79360 0 79360 0 0 0
20230511 16:30:01.401 11 0 7 1 0 0 0 81 18 0 0 1820 3740 0 373 3 2.33 2.11 2.10 3 0 130 0 8 0 0 20 0 0 0 460 0 460 58880 0 58880 0 0 0
20230511 16:30:01.501 16 0 5 1 0 0 0 79 21 0 0 2220 4730 0 373 2 2.33 2.11 2.10 3 0 20 0 1 0 0 0 0 0 0 610 0 610 78080 0 78080 0 0 0
20230511 16:30:01.601 15 0 3 1 0 0 0 81 18 0 0 2310 2530 0 373 3 2.33 2.11 2.10 3 0 10 0 1 0 0 0 0 0 0 550 0 550 70400 0 70400 0 0 0
20230511 16:30:01.701 14 0 3 2 0 0 0 81 17 0 0 4030 7020 0 373 2 2.33 2.11 2.10 3 0 30 0 2 0 0 0 0 0 0 2980 0 2980 149800 0 149800 0 0 0
20230511 16:30:01.801 4 0 3 16 0 0 0 78 6 0 0 3490 6220 0 373 0 2.33 2.11 2.10 0 4 110 0 6 0 0 0 0 0 0 1920 40 1960 150880 960 151840 0 200 200
20230511 16:30:01.901 5 0 3 13 0 0 0 79 8 0 0 1720 6630 0 373 2 2.33 2.11 2.10 1 2 30 0 2 0 0 0 0 0 0 900 10 910 115200 40 115240 0 0 0
20230511 16:30:02.001 6 0 6 7 0 0 0 81 12 0 0 2370 4850 0 373 2 2.33 2.11 2.10 2 2 110 0 6 0 0 0 0 0 0 1110 0 1110 140000 0 140000 0 0 0
20230511 16:30:02.101 10 0 3 6 0 0 0 82 13 0 0 1890 3650 0 373 2 2.33 2.11 2.10 3 0 60 0 4 0 0 0 0 0 0 790 0 790 95280 0 95280 0 0 0
20230511 16:30:02.201 11 0 4 4 0 0 0 80 16 0 0 2010 3560 0 373 3 2.33 2.11 2.10 2 1 30 0 2 0 0 0 0 0 0 830 0 830 103760 0 103760 0 0 0
20230511 16:30:02.301 9 0 9 1 0 0 0 81 18 0 0 2670 5040 0 373 3 2.33 2.11 2.10 3 0 0 0 0 0 0 0 0 0 0 890 0 890 113920 0 113920 0 0 0
20230511 16:30:02.401 11 0 6 1 0 0 0 81 18 0 0 2920 7780 0 373 3 2.33 2.11 2.10 3 0 0 0 0 0 0 0 0 0 0 1190 0 1190 152320 0 152320 0 0 0
20230511 16:30:02.501 10 0 10 2 0 0 0 78 20 0 0 3350 8690 0 373 4 2.33 2.11 2.10 4 0 0 0 0 0 0 0 0 0 0 1310 0 1310 167680 0 167680 0 0 0
20230511 16:30:02.601 13 0 10 1 0 1 0 75 24 0 0 5070 6330 0 373 4 2.33 2.11 2.10 3 1 60 10 4 1 0 0 0 0 0 1470 0 1470 188160 0 188160 0 0 0
20230511 16:30:02.701 16 0 6 2 0 0 0 76 22 0 0 3200 6530 0 373 2 2.33 2.11 2.10 3 0 20 0 1 0 0 0 0 0 0 1510 0 1510 193280 0 193280 0 0 0
20230511 16:30:02.801 12 0 6 2 0 0 0 80 18 0 0 3230 5690 0 373 3 2.33 2.11 2.10 3 0 30 0 2 0 0 0 0 0 0 1230 0 1230 157440 0 157440 0 0 0
20230511 16:30:02.901 14 0 3 2 0 0 0 81 18 0 0 2890 7090 0 373 3 2.33 2.11 2.10 2 1 20 0 1 0 0 10 0 0 0 1600 0 1600 204800 0 204800 0 0 0
20230511 16:30:03.001 11 0 5 1 0 0 0 83 16 0 0 3270 7720 0 373 3 2.33 2.11 2.10 4 0 50 0 3 0 0 0 0 0 0 1400 660 2060 165120 14120 179240 0 10 10
20230511 16:30:03.101 11 0 4 9 0 0 0 75 15 0 0 3670 10310 0 373 2 2.33 2.11 2.10 4 0 60 0 4 0 0 0 0 0 0 1000 1230 2230 127920 723839 851759 0 30 30
20230511 16:30:03.201 12 0 6 8 0 0 0 75 18 0 0 2510 5560 0 373 2 2.33 2.11 2.10 3 1 10 0 1 0 0 0 0 0 0 660 670 1330 82840 683521 766361 0 0 0
20230511 16:30:03.301 14 0 0 10 0 1 0 75 15 0 0 1590 1730 0 373 2 2.33 2.11 2.10 2 2 10 0 1 0 0 0 0 0 0 220 120 340 28160 122880 151040 0 0 0
20230511 16:30:03.401 14 0 3 9 0 0 0 75 16 0 0 1590 2170 0 373 3 2.33 2.11 2.10 4 0 10 0 1 0 0 10 0 0 0 400 100 500 51200 102400 153600 0 0 0
20230511 16:30:03.501 14 0 5 9 0 1 0 72 20 0 0 2130 4020 0 373 2 2.33 2.11 2.10 3 1 50 30 3 3 0 0 0 0 0 470 90 560 59840 94720 154560 0 0 0
20230511 16:30:03.601 12 0 2 9 0 1 0 74 16 0 0 2280 1900 0 373 2 2.33 2.11 2.10 2 2 50 20 3 1 0 0 0 0 0 300 80 380 36720 81920 118640 0 0 0
20230511 16:30:03.701 14 0 1 10 0 1 0 74 16 0 0 1610 1600 0 373 2 2.33 2.11 2.10 2 2 0 0 0 0 0 0 0 0 0 240 120 360 29080 122880 151960 0 0 0
20230511 16:30:03.801 13 0 1 11 0 1 0 73 16 0 0 1720 1420 0 373 3 2.33 2.11 2.10 2 2 30 0 2 0 0 0 0 0 0 140 70 210 13360 69120 82480 0 0 0
20230511 16:30:03.901 14 0 2 8 0 0 0 76 16 0 0 1860 3430 0 373 1 2.33 2.11 2.10 1 1 10 0 1 0 0 10 0 0 0 420 120 540 53760 122880 176640 0 0 0
20230511 16:30:04.001 11 0 2 11 0 0 0 76 12 0 0 1420 1290 0 373 2 2.33 2.11 2.10 2 3 70 0 4 0 0 0 0 0 0 50 70 120 6400 63520 69920 0 510 510
20230511 16:30:04.101 16 0 1 7 0 0 0 75 18 0 0 1830 2400 0 373 3 2.33 2.11 2.10 3 1 40 0 2 0 0 0 0 0 0 200 270 470 23520 266280 289800 0 0 0
20230511 16:30:04.201 19 0 1 6 0 0 0 74 20 0 0 1570 1360 0 373 3 2.33 2.11 2.10 4 0 30 0 2 0 0 10 0 0 0 20 300 320 80 307200 307280 0 0 0
20230511 16:30:04.301 15 0 2 7 0 1 0 75 18 0 0 1880 1500 0 373 2 2.33 2.11 2.10 2 2 0 0 0 0 0 0 0 0 0 330 250 580 3840 258560 262400 0 0 0
20230511 16:30:04.401 13 0 4 9 0 0 0 75 16 0 0 3340 9080 0 373 3 2.33 2.11 2.10 3 1 20 0 1 0 0 0 0 0 0 1410 770 2180 63560 676241 739801 0 0 0
20230511 16:30:04.501 6 0 6 13 0 0 0 74 13 0 0 4680 12160 30 375 1 2.33 2.11 2.10 4 1 80 0 5 0 0 0 0 0 0 2650 650 3300 221680 633561 855241 0 10 10
20230511 16:30:04.601 6 0 7 14 0 1 0 71 14 0 0 5590 11100 270 373 1 2.47 2.14 2.11 0 4 30 0 2 0 0 0 0 0 0 1610 890 2500 195760 826759 1022519 0 90 90
20230511 16:30:04.701 8 0 6 11 0 1 0 74 14 0 0 4160 9410 0 373 3 2.47 2.14 2.11 2 2 10 0 1 0 0 20 0 0 0 1330 1650 2980 170240 873361 1043601 0 80 80
20230511 16:30:04.801 6 0 10 11 0 0 0 73 15 0 0 5800 14070 300 373 0 2.47 2.14 2.11 0 4 10 0 1 0 0 0 0 0 0 880 2150 3030 112640 564919 677559 0 30 30
20230511 16:30:04.901 1 0 1 20 0 0 0 78 2 0 0 1400 1600 0 373 0 2.47 2.14 2.11 0 4 50 10 3 1 0 0 0 0 0 150 130 280 19200 71400 90600 0 10 10
20230511 16:30:05.001 7 0 4 15 0 0 0 74 11 0 0 3080 5830 0 373 1 2.47 2.14 2.11 2 2 30 0 2 0 0 0 0 0 0 1310 560 1870 167680 123680 291360 0 10 10
20230511 16:30:05.101 2 0 1 22 0 0 0 75 3 0 0 910 1910 0 373 1 2.47 2.14 2.11 4 0 20 0 1 0 0 0 0 0 0 230 300 530 29440 97960 127400 0 0 0
20230511 16:30:05.201 6 0 6 13 0 0 0 75 12 0 0 2400 5960 0 373 2 2.47 2.14 2.11 3 1 10 0 1 0 0 0 0 0 0 1010 420 1430 129280 102760 232040 0 0 0
20230511 16:30:05.301 6 0 4 14 0 0 0 75 11 0 0 2790 6740 0 373 3 2.47 2.14 2.11 3 1 10 0 1 0 0 0 0 0 0 1390 460 1850 174520 80200 254720 10 10 20
20230511 16:30:05.401 5 0 3 17 0 1 0 75 8 0 0 1610 3930 0 373 0 2.47 2.14 2.11 0 4 0 0 0 0 0 20 0 0 0 840 130 970 104280 81480 185760 0 10 10
20230511 16:30:05.501 9 0 7 13 0 0 0 70 17 0 0 3080 7350 0 373 1 2.47 2.14 2.11 3 1 130 0 8 0 0 0 0 0 0 1200 440 1640 150440 95320 245760 0 10 10
20230511 16:30:05.601 4 0 3 16 0 0 0 76 8 0 0 3280 7570 0 373 0 2.47 2.14 2.11 0 4 20 0 1 0 0 0 0 0 0 760 910 1670 95320 186400 281720 0 10 10
20230511 16:30:05.701 8 0 2 12 0 0 0 78 9 0 0 2520 6580 0 373 2 2.47 2.14 2.11 2 1 30 20 3 2 0 10 0 0 0 1350 330 1680 167080 62920 230000 0 10 10
20230511 16:30:05.801 6 0 8 6 0 1 0 80 14 0 0 2980 5310 0 373 3 2.47 2.14 2.11 2 1 20 0 1 0 0 0 0 0 0 1290 0 1290 160600 0 160600 0 0 0
20230511 16:30:05.901 8 0 3 7 0 0 0 82 11 0 0 2400 5680 0 373 3 2.47 2.14 2.11 3 0 30 0 2 0 0 0 0 0 0 1370 0 1370 170920 0 170920 0 0 0
20230511 16:30:06.001 6 0 8 6 0 0 0 81 14 0 0 2480 4360 0 373 1 2.47 2.14 2.11 2 1 90 0 5 0 0 0 0 0 0 1050 0 1050 131160 0 131160 0 0 0
20230511 16:30:06.101 8 0 4 7 0 0 0 81 12 0 0 2440 5360 0 373 2 2.47 2.14 2.11 3 0 30 0 2 0 0 0 0 0 0 1320 0 1320 165120 0 165120 0 0 0
20230511 16:30:06.201 6 0 7 6 0 1 0 80 14 0 0 2340 5520 0 373 3 2.47 2.14 2.11 3 0 40 0 2 0 0 10 0 0 0 1390 0 1390 171520 0 171520 0 0 0
20230511 16:30:06.301 10 0 7 2 0 0 0 81 17 0 0 2980 7080 0 373 3 2.47 2.14 2.11 3 0 20 0 1 0 0 0 0 0 0 1770 0 1770 224680 0 224680 0 0 0
20230511 16:30:06.401 8 0 8 3 0 0 0 81 16 0 0 2610 7330 0 373 3 2.47 2.14 2.11 3 0 30 0 2 0 0 0 0 0 0 1360 0 1360 174080 0 174080 0 0 0
20230511 16:30:06.501 7 0 14 1 0 0 0 77 22 0 0 2710 7070 0 373 2 2.47 2.14 2.11 3 0 60 0 4 0 0 0 0 0 0 1060 0 1060 135680 0 135680 0 0 0
20230511 16:30:06.601 6 0 11 2 0 0 0 81 17 0 0 3860 7400 0 373 3 2.47 2.14 2.11 3 0 10 0 1 0 0 0 0 0 0 1620 0 1620 203440 0 203440 0 0 0
20230511 16:30:06.701 7 0 8 3 0 0 0 82 15 0 0 3150 9170 0 373 3 2.47 2.14 2.11 2 0 10 0 1 0 0 10 0 0 0 1950 0 1950 245880 0 245880 0 0 0
20230511 16:30:06.801 5 0 4 15 0 1 0 75 10 0 0 2390 4600 0 373 0 2.47 2.14 2.11 0 4 20 0 1 0 0 0 0 0 0 900 40 940 110960 800 111760 0 160 160
20230511 16:30:06.901 9 0 1 10 0 0 0 80 10 0 0 1700 3600 0 373 2 2.47 2.14 2.11 4 1 130 0 8 0 0 0 0 0 0 570 10 580 65840 40 65880 0 0 0
20230511 16:30:07.001 9 0 4 5 0 0 0 82 13 0 0 2270 3820 0 373 3 2.47 2.14 2.11 2 1 20 0 1 0 0 0 0 0 0 980 0 980 101920 0 101920 0 0 0
20230511 16:30:07.101 5 0 7 8 0 0 0 81 12 0 0 1890 4200 0 373 0 2.47 2.14 2.11 0 3 0 0 0 0 0 0 0 0 0 800 0 800 102360 0 102360 0 0 0
20230511 16:30:07.201 12 0 4 2 0 1 0 81 17 0 0 2270 4700 0 373 3 2.47 2.14 2.11 3 0 20 0 1 0 0 0 0 0 0 1260 0 1260 155440 0 155440 0 0 0
20230511 16:30:07.301 12 0 5 1 0 0 0 82 17 0 0 2450 4560 0 373 3 2.47 2.14 2.11 3 0 10 0 1 0 0 0 0 0 0 1180 0 1180 148160 0 148160 10 0 10
20230511 16:30:07.401 14 0 5 1 0 0 0 80 19 0 0 2470 4650 0 373 3 2.47 2.14 2.11 3 0 0 0 0 0 0 10 0 0 0 1190 0 1190 147240 0 147240 0 0 0
20230511 16:30:07.501 12 0 8 4 0 1 0 75 21 0 0 5400 16800 0 373 2 2.47 2.14 2.11 1 3 120 0 7 0 0 0 0 0 0 1120 2610 3730 144640 393920 538561 20 40 60
20230511 16:30:07.601 9 0 5 10 0 1 0 76 15 0 0 3850 7640 0 373 4 2.47 2.14 2.11 3 1 90 0 5 0 0 0 0 0 0 980 1070 2050 118800 579159 697959 0 40 40
20230511 16:30:07.701 12 0 7 8 0 0 0 73 19 0 0 2940 6220 0 373 2 2.47 2.14 2.11 3 1 10 0 1 0 0 0 0 0 0 780 890 1670 99840 858601 958441 0 30 30
20230511 16:30:07.801 11 0 4 10 0 2 0 73 17 0 0 3730 6130 0 373 1 2.47 2.14 2.11 2 2 50 0 3 0 0 0 0 0 0 760 960 1720 93240 981799 1075038 10 10 20
20230511 16:30:07.901 12 0 4 9 0 0 0 75 16 0 0 3610 9710 0 373 3 2.47 2.14 2.11 5 1 40 0 2 0 0 0 0 0 0 710 1740 2450 90880 760681 851561 0 130 130
20230511 16:30:08.001 11 0 3 9 0 1 0 76 15 0 0 4720 13810 0 373 3 2.47 2.14 2.11 1 3 110 0 6 0 0 0 0 0 0 860 2660 3520 110080 938801 1048881 0 50 50
20230511 16:30:08.101 14 0 4 6 0 0 0 76 19 0 0 6400 18450 0 373 3 2.47 2.14 2.11 3 0 30 0 2 0 0 0 0 0 0 830 3940 4770 98800 642799 741599 0 30 30
20230511 16:30:08.201 15 0 3 1 0 0 0 81 18 0 0 1920 3130 0 373 3 2.47 2.14 2.11 2 1 40 0 2 0 0 0 0 0 0 810 0 810 103520 0 103520 0 0 0
20230511 16:30:08.301 15 0 3 1 0 0 0 81 18 0 0 2150 3590 0 373 3 2.47 2.14 2.11 2 1 30 0 2 0 0 0 0 0 0 810 0 810 102560 0 102560 0 0 0
20230511 16:30:08.401 14 0 5 1 0 1 0 80 20 0 0 2250 5260 0 373 3 2.47 2.14 2.11 3 0 50 0 3 0 0 0 0 0 0 800 0 800 102400 0 102400 0 0 0
20230511 16:30:08.501 16 0 6 1 0 0 0 77 22 0 0 2470 5300 0 373 3 2.47 2.14 2.11 3 0 40 0 2 0 0 0 0 0 0 730 0 730 94720 0 94720 10 0 10
20230511 16:30:08.601 16 0 3 1 0 0 0 81 19 0 0 2450 3290 0 373 3 2.47 2.14 2.11 3 0 10 0 1 0 0 0 0 0 0 750 0 750 96000 0 96000 0 0 0
20230511 16:30:08.701 14 0 4 1 0 0 0 81 18 0 0 2140 3420 0 373 3 2.47 2.14 2.11 3 0 10 0 1 0 0 0 0 0 0 800 0 800 99480 0 99480 0 0 0
20230511 16:30:08.801 15 0 4 1 0 2 0 78 21 0 0 2900 3770 0 373 3 2.47 2.14 2.11 3 0 30 0 2 0 0 0 0 0 0 830 0 830 103120 0 103120 0 0 0
20230511 16:30:08.901 17 0 1 0 0 0 0 82 18 0 0 1870 2400 0 373 3 2.47 2.14 2.11 5 0 110 0 6 0 0 0 0 0 0 390 0 390 47320 0 47320 0 0 0
20230511 16:30:09.001 11 0 3 9 0 1 0 76 15 0 0 1540 920 0 373 3 2.47 2.14 2.11 3 0 30 0 2 0 0 20 0 0 0 20 20 40 80 2440 2520 0 590 590
20230511 16:30:09.101 18 0 1 0 0 0 0 81 19 0 0 1340 840 0 373 3 2.47 2.14 2.11 3 0 10 0 1 0 0 0 0 0 0 0 0 0 0 0 0 0 0 0
20230511 16:30:09.201 18 0 1 0 0 0 0 81 19 0 0 1270 460 0 373 3 2.47 2.14 2.11 3 0 30 0 2 0 0 10 0 0 0 0 0 0 0 0 0 0 0 0
20230511 16:30:09.301 18 0 1 0 0 0 0 81 19 0 0 1380 480 0 373 3 2.47 2.14 2.11 3 0 90 0 5 0 0 0 0 0 0 0 0 0 0 0 0 0 0 0
20230511 16:30:09.401 17 0 2 0 0 0 0 81 19 0 0 1320 1430 0 373 3 2.47 2.14 2.11 3 0 0 0 0 0 0 0 0 0 0 0 0 0 0 0 0 0 0 0
20230511 16:30:09.501 17 0 5 0 0 0 0 78 22 0 0 1660 2280 0 373 3 2.47 2.14 2.11 3 0 30 0 2 0 0 10 0 0 0 0 0 0 0 0 0 0 0 0
20230511 16:30:09.601 18 0 1 0 0 1 0 81 19 0 0 2160 450 0 373 3 2.51 2.15 2.12 3 0 10 0 1 0 0 0 0 0 0 0 0 0 0 0 0 0 0 0
20230511 16:30:09.701 19 0 1 0 0 0 0 81 19 0 0 1360 560 0 373 3 2.51 2.15 2.12 3 0 100 0 6 0 0 0 0 0 0 0 0 0 0 0 0 0 0 0
20230511 16:30:09.801 16 0 2 0 0 2 0 79 21 0 0 2160 1230 0 373 3 2.51 2.15 2.12 3 0 30 0 2 0 0 0 0 0 0 0 0 0 0 0 0 0 0 0
20230511 16:30:09.901 16 0 3 0 0 0 0 81 19 0 0 1510 1650 0 373 5 2.51 2.15 2.12 4 0 60 10 4 1 0 0 0 0 0 0 0 0 0 0 0 0 0 0
20230511 16:30:10.001 17 0 2 0 0 0 0 81 19 0 0 1710 520 0 373 3 2.51 2.15 2.12 3 0 80 0 5 0 0 30 0 0 0 0 0 0 0 0 0 0 0 0
20230511 16:30:10.101 18 0 1 0 0 1 0 81 19 0 0 1430 840 0 373 3 2.51 2.15 2.12 3 0 10 0 1 0 0 0 0 0 0 0 0 0 0 0 0 0 0 0
20230511 16:30:10.201 18 0 1 0 0 0 0 81 19 0 0 1280 340 0 373 3 2.51 2.15 2.12 3 0 30 0 2 0 0 10 0 0 0 0 0 0 0 0 0 0 0 0
20230511 16:30:10.301 16 0 2 0 0 0 0 81 19 0 0 1320 640 0 373 3 2.51 2.15 2.12 3 0 30 0 2 0 0 0 0 0 0 0 0 0 0 0 0 0 0 0
20230511 16:30:10.401 19 0 0 0 0 0 0 81 19 0 0 1420 1360 0 373 3 2.51 2.15 2.12 3 0 120 0 7 0 0 0 0 0 0 0 0 0 0 0 0 0 0 0
20230511 16:30:10.501 18 0 4 0 0 1 0 77 23 0 0 1730 2080 0 373 3 2.51 2.15 2.12 3 0 10 0 1 0 0 0 0 0 0 0 0 0 0 0 0 0 0 0
20230511 16:30:10.601 18 0 1 0 0 0 0 81 19 0 0 2120 370 0 373 3 2.51 2.15 2.12 3 0 20 0 1 0 0 0 0 0 0 0 0 0 0 0 0 0 0 0
20230511 16:30:10.701 18 0 2 0 0 0 0 81 19 0 0 1330 860 0 373 3 2.51 2.15 2.12 3 0 40 20 3 2 0 0 0 0 0 0 0 0 0 0 0 0 0 0
20230511 16:30:10.801 18 0 1 0 0 1 0 80 20 0 0 2060 680 0 373 3 2.51 2.15 2.12 3 0 20 0 1 0 0 0 0 0 0 0 0 0 0 0 0 0 0 0
20230511 16:30:10.901 17 0 2 0 0 1 0 80 20 0 0 1460 990 0 373 3 2.51 2.15 2.12 4 0 30 0 2 0 0 0 0 0 0 0 0 0 0 0 0 0 0 0
20230511 16:30:11.001 15 0 2 2 0 0 0 80 17 0 0 4760 8030 0 373 3 2.51 2.15 2.12 0 3 20 0 1 0 0 0 0 0 0 3320 0 3320 193800 0 193800 0 0 0
20230511 16:30:11.101 8 0 4 5 0 1 0 81 14 0 0 5740 16830 0 373 3 2.51 2.15 2.12 1 2 0 0 0 0 0 0 0 0 0 4270 0 4270 527839 0 527839 0 0 0
20230511 16:30:11.201 7 0 7 7 0 0 0 78 15 0 0 5520 14760 0 373 1 2.51 2.15 2.12 3 1 20 10 1 1 0 20 0 0 0 3490 680 4170 446720 241760 688481 0 40 40
20230511 16:30:11.301 3 0 5 16 0 0 0 75 8 0 0 2950 6560 0 373 0 2.51 2.15 2.12 1 3 100 0 6 0 0 0 0 0 0 1410 730 2140 180480 669039 849519 0 10 10
20230511 16:30:11.401 3 0 3 19 0 0 0 75 6 0 0 1310 3280 0 373 2 2.51 2.15 2.12 2 2 10 0 1 0 0 0 0 0 0 720 110 830 92160 115200 207360 0 0 0
20230511 16:30:11.501 6 0 9 13 0 0 0 72 15 0 0 2650 7190 0 373 1 2.51 2.15 2.12 2 2 10 0 1 0 0 10 0 0 0 1250 120 1370 160000 122880 282880 0 0 0
20230511 16:30:11.601 6 0 5 14 0 0 0 75 11 0 0 3280 5660 0 373 3 2.51 2.15 2.12 3 1 40 0 2 0 0 0 0 0 0 1330 80 1410 170240 81920 252160 0 0 0
20230511 16:30:11.701 6 0 6 14 0 0 0 74 12 0 0 2410 5850 0 373 2 2.51 2.15 2.12 2 2 30 0 2 0 0 10 0 0 0 1310 70 1380 167680 69120 236800 0 0 0
20230511 16:30:11.801 6 0 4 14 0 1 0 75 11 0 0 2870 5890 0 373 2 2.51 2.15 2.12 3 2 50 0 3 0 0 0 0 0 0 1300 110 1410 166400 82400 248800 0 90 90
20230511 16:30:11.901 1 0 1 21 0 0 0 77 2 0 0 720 2980 0 373 0 2.51 2.15 2.12 1 5 130 0 8 0 0 0 0 0 0 90 10 100 11520 12800 24320 0 0 0
20230511 16:30:12.001 0 0 0 25 0 0 0 75 0 0 0 450 380 0 373 0 2.51 2.15 2.12 0 5 70 0 4 0 0 0 0 0 0 30 0 30 3840 0 3840 0 0 0
20230511 16:30:12.101 0 0 0 25 0 0 0 75 0 0 0 350 750 0 373 0 2.51 2.15 2.12 0 5 10 0 1 0 0 0 0 0 0 0 0 0 0 0 0 0 0 0
20230511 16:30:12.201 1 0 1 24 0 0 0 75 2 0 0 350 750 0 373 2 2.51 2.15 2.12 2 2 20 0 1 0 0 10 0 0 0 130 40 170 16640 28200 44840 0 0 0
20230511 16:30:12.301 6 0 3 16 0 0 0 75 9 0 0 1900 4750 0 373 0 2.51 2.15 2.12 0 4 30 0 2 0 0 0 0 0 0 1010 120 1130 129280 122880 252160 0 0 0
20230511 16:30:12.401 3 0 0 21 0 0 0 76 3 0 0 1210 4730 0 373 3 2.51 2.15 2.12 1 3 120 0 7 0 0 0 0 0 0 520 90 610 66560 99840 166400 0 10 10
20230511 16:30:12.501 5 0 7 18 0 0 0 71 12 0 0 1900 5670 0 373 2 2.51 2.15 2.12 2 2 20 0 1 0 0 0 0 0 0 740 90 830 94720 89600 184320 0 0 0
20230511 16:30:12.601 2 0 6 9 0 0 0 83 8 0 0 2010 3060 0 373 1 2.51 2.15 2.12 0 4 20 0 1 0 0 0 0 0 0 370 90 460 47360 81960 129320 0 0 0
20230511 16:30:12.701 5 0 4 16 0 0 0 75 9 0 0 2080 5580 0 373 2 2.51 2.15 2.12 1 3 10 0 1 0 0 10 0 0 0 1200 60 1260 152400 61440 213840 0 0 0
20230511 16:30:12.801 8 0 3 15 0 1 0 73 12 0 0 2720 5030 0 373 1 2.51 2.15 2.12 0 4 20 0 1 0 0 0 0 0 0 1060 80 1140 135280 81920 217200 0 0 0
20230511 16:30:12.901 4 0 2 18 0 0 0 76 6 0 0 1620 4160 0 373 0 2.51 2.15 2.12 1 4 40 0 2 0 0 0 0 0 0 780 110 890 98920 102440 201360 0 0 0
20230511 16:30:13.001 5 0 5 15 0 0 0 75 10 0 0 2360 5110 0 373 0 2.51 2.15 2.12 3 1 20 0 1 0 0 0 0 0 0 1080 250 1330 136920 258560 395480 0 0 0
20230511 16:30:13.101 11 0 5 10 0 1 0 73 17 0 0 2810 6350 0 373 2 2.51 2.15 2.12 2 2 10 0 1 0 0 0 0 0 0 1140 400 1540 143560 408319 551879 0 10 10
20230511 16:30:13.201 15 0 4 6 0 1 0 74 20 0 0 2400 4170 0 373 3 2.51 2.15 2.12 3 1 30 10 2 1 0 10 0 0 0 590 520 1110 75520 532481 608001 0 0 0
20230511 16:30:13.301 17 0 3 5 0 0 0 75 20 0 0 2560 3850 0 373 3 2.51 2.15 2.12 3 1 20 0 1 0 0 0 0 0 0 380 900 1280 47520 623919 671439 10 180 190
20230511 16:30:13.401 16 0 3 5 0 0 0 76 19 0 0 2570 2660 0 373 3 2.51 2.15 2.12 3 1 20 0 1 0 0 0 0 0 0 270 1060 1330 33360 1031081 1064441 10 10 20
20230511 16:30:13.501 16 0 7 5 0 1 0 71 24 0 0 3300 4190 0 373 3 2.51 2.15 2.12 3 1 90 0 5 0 0 20 0 0 0 210 1300 1510 25600 964521 990121 0 50 50
20230511 16:30:13.601 14 0 6 6 0 0 0 74 20 0 0 5760 4290 0 373 4 2.51 2.15 2.12 3 1 40 0 2 0 0 0 0 0 0 280 3650 3930 34080 1059878 1093958 0 90 90
20230511 16:30:13.701 16 0 4 3 0 0 0 77 20 0 0 5840 4220 0 373 3 2.51 2.15 2.12 3 0 50 0 3 0 0 10 0 0 0 410 3970 4380 53320 644401 697721 10 20 30
20230511 16:30:13.801 18 0 2 0 0 1 0 79 21 0 0 2170 1400 0 373 3 2.51 2.15 2.12 3 0 40 0 2 0 0 0 0 0 0 400 0 400 52480 0 52480 10 0 10
20230511 16:30:13.901 17 0 2 0 0 1 0 80 20 0 0 1820 2080 0 373 3 2.51 2.15 2.12 4 0 100 0 6 0 0 0 0 0 0 370 0 370 40640 0 40640 0 0 0
20230511 16:30:14.001 18 0 1 6 0 0 0 76 19 0 0 1470 690 0 373 3 2.51 2.15 2.12 3 0 20 0 1 0 0 0 0 0 0 0 20 20 0 1920 1920 0 460 460
20230511 16:30:14.101 18 0 1 0 0 0 0 81 19 0 0 1350 650 0 373 3 2.51 2.15 2.12 3 0 0 0 0 0 0 0 0 0 0 0 0 0 0 0 0 0 0 0
20230511 16:30:14.201 19 0 0 0 0 0 0 81 19 0 0 1230 240 0 373 3 2.51 2.15 2.12 3 0 10 0 1 0 0 0 0 0 0 0 0 0 0 0 0 0 0 0
20230511 16:30:14.301 19 0 1 0 0 0 0 81 19 0 0 1240 280 0 373 3 2.51 2.15 2.12 3 0 20 0 1 0 0 0 0 0 0 0 0 0 0 0 0 0 0 0
20230511 16:30:14.401 18 0 1 0 0 0 0 81 19 0 0 1300 2500 0 373 3 2.51 2.15 2.12 3 0 50 10 3 1 0 0 0 0 0 0 0 0 0 0 0 0 0 0
20230511 16:30:14.501 19 0 2 0 0 1 0 78 22 0 0 1770 2580 0 373 3 2.51 2.15 2.12 3 0 40 10 3 1 0 0 0 0 0 0 0 0 0 0 0 0 0 0
20230511 16:30:14.601 18 0 1 0 0 0 0 81 19 0 0 1990 480 0 373 6 3.27 2.32 2.17 4 0 30 20 3 1 0 0 0 0 0 0 0 0 0 0 0 0 0 0
20230511 16:30:14.701 18 0 6 0 0 1 0 76 24 0 0 2680 2950 30 373 3 3.27 2.32 2.17 3 0 70 50 7 8 0 0 0 0 0 20 0 20 1240 0 1240 0 0 0
20230511 16:30:14.801 19 0 2 0 0 2 0 78 22 0 0 2630 2060 0 373 3 3.27 2.32 2.17 3 0 190 50 16 6 0 0 0 0 0 0 0 0 0 0 0 0 0 0
20230511 16:30:14.901 17 0 2 0 0 1 0 81 19 0 0 1560 1340 0 373 3 3.27 2.32 2.17 4 0 40 10 3 1 0 0 0 0 0 0 0 0 0 0 0 0 0 0
20230511 16:30:15.001 16 0 4 0 0 0 0 79 21 0 0 2180 3670 0 373 3 3.27 2.32 2.17 3 0 150 120 15 15 0 0 0 0 0 0 0 0 0 0 0 0 0 0
20230511 16:30:15.101 19 0 2 0 0 0 0 79 21 0 0 2140 4560 0 373 3 3.27 2.32 2.17 3 0 270 190 26 21 0 0 0 0 0 0 0 0 0 0 0 0 0 0
20230511 16:30:15.201 18 0 2 0 0 1 0 80 20 0 0 1440 1390 0 373 3 3.27 2.32 2.17 3 0 90 30 8 4 0 0 0 0 0 10 0 10 200 0 200 0 0 0
20230511 16:30:15.301 18 0 1 0 0 0 0 81 19 0 0 1470 400 0 373 3 3.27 2.32 2.17 3 0 130 0 8 0 0 10 0 0 0 0 0 0 0 0 0 0 0 0
20230511 16:30:15.401 17 0 1 0 0 1 0 81 19 0 0 1270 340 0 373 3 3.27 2.32 2.17 3 0 10 0 1 0 0 0 0 0 0 0 0 0 0 0 0 0 0 0
20230511 16:30:15.501 19 0 4 0 0 0 0 78 22 0 0 1700 2390 0 373 3 3.27 2.32 2.17 3 0 20 0 1 0 0 10 0 0 0 0 0 0 0 0 0 0 0 0
20230511 16:30:15.601 19 0 0 0 0 1 0 80 20 0 0 1980 240 0 373 3 3.27 2.32 2.17 3 0 150 0 9 0 0 0 0 0 0 0 0 0 0 0 0 0 0 0
20230511 16:30:15.701 14 0 4 1 0 1 0 80 19 0 0 3170 6600 0 373 3 3.27 2.32 2.17 3 0 40 10 2 1 0 0 0 0 0 1600 0 1600 163800 0 163800 0 0 0
20230511 16:30:15.801 11 0 6 2 0 1 0 80 18 0 0 4360 9000 0 373 4 3.27 2.32 2.17 2 1 180 0 11 0 0 0 0 0 0 1920 0 1920 245760 0 245760 0 0 0
20230511 16:30:15.901 12 0 4 2 0 1 0 80 17 0 0 3650 9140 0 373 4 3.27 2.32 2.17 5 0 60 0 4 0 0 0 0 0 0 1990 0 1990 252000 0 252000 0 0 0
20230511 16:30:16.001 17 0 2 0 0 0 0 81 19 0 0 2090 2120 0 373 3 3.27 2.32 2.17 3 0 20 0 1 0 0 10 0 0 0 340 0 340 41320 0 41320 0 0 0
20230511 16:30:16.101 16 0 2 0 0 0 0 81 19 0 0 1380 740 0 373 3 3.27 2.32 2.17 3 0 20 0 1 0 0 0 0 0 0 0 0 0 0 0 0 0 0 0
20230511 16:30:16.201 18 0 1 0 0 1 0 80 20 0 0 1340 620 0 373 3 3.27 2.32 2.17 3 0 0 0 0 0 0 0 0 0 0 0 0 0 0 0 0 0 0 0
20230511 16:30:16.301 18 0 1 0 0 0 0 81 19 0 0 1340 540 0 373 3 3.27 2.32 2.17 3 0 10 0 1 0 0 10 0 0 0 0 0 0 0 0 0 0 0 0
20230511 16:30:16.401 18 0 1 0 0 0 0 81 19 0 0 1470 1800 0 373 3 3.27 2.32 2.17 3 0 40 0 2 0 0 0 0 0 0 0 0 0 0 0 0 0 0 0
20230511 16:30:16.501 19 0 4 0 0 0 0 78 22 0 0 1820 2490 0 373 3 3.27 2.32 2.17 3 0 110 0 6 0 0 0 0 0 0 0 0 0 0 0 0 0 0 0
20230511 16:30:16.601 18 0 1 0 0 1 0 81 19 0 0 1900 650 0 373 3 3.27 2.32 2.17 3 0 10 0 1 0 0 0 0 0 0 10 0 10 840 0 840 0 0 0
20230511 16:30:16.701 18 0 1 0 0 0 0 81 19 0 0 1260 400 0 373 3 3.27 2.32 2.17 3 0 0 0 0 0 0 0 0 0 0 0 0 0 0 0 0 0 0 0
20230511 16:30:16.801 16 0 2 1 0 2 0 79 20 0 0 2740 2700 0 373 1 3.27 2.32 2.17 3 0 20 0 1 0 0 10 0 0 0 560 50 610 30640 720 31360 0 130 130
20230511 16:30:16.901 11 0 6 2 0 0 0 80 17 0 0 3640 9770 0 373 2 3.27 2.32 2.17 5 0 10 0 1 0 0 0 0 0 0 1880 0 1880 240640 0 240640 0 0 0
20230511 16:30:17.001 12 0 5 8 0 0 0 75 17 0 0 5820 12080 0 373 1 3.27 2.32 2.17 1 3 10 0 1 0 0 0 0 0 0 1310 2660 3970 167680 469360 637041 0 30 30
20230511 16:30:17.101 9 0 5 10 0 0 0 76 14 0 0 2440 5680 0 373 2 3.27 2.32 2.17 2 2 20 0 2 0 0 0 0 0 0 980 160 1140 125440 156160 281600 0 20 20
20230511 16:30:17.201 11 0 2 12 0 0 0 75 13 0 0 1800 3760 0 373 1 3.27 2.32 2.17 1 3 10 20 1 1 0 0 0 0 0 610 100 710 78080 85760 163840 0 0 0
20230511 16:30:17.301 9 0 0 15 0 0 0 76 9 0 0 1360 1720 0 373 2 3.27 2.32 2.17 1 3 130 0 8 0 0 10 0 0 0 350 100 450 44800 87040 131840 0 10 10
20230511 16:30:17.401 8 0 1 16 0 0 0 74 9 0 0 1010 1230 0 373 2 3.27 2.32 2.17 2 2 30 0 2 0 0 0 0 0 0 190 120 310 24320 116480 140800 0 10 10
20230511 16:30:17.501 13 0 5 10 0 0 0 72 18 0 0 2650 5980 0 373 2 3.27 2.32 2.17 2 2 100 0 6 0 0 0 0 0 0 850 90 940 108800 76800 185600 0 0 0
20230511 16:30:17.601 14 0 1 10 0 1 0 74 16 0 0 2640 2880 0 373 3 3.27 2.32 2.17 3 1 30 0 2 0 0 0 0 0 0 670 80 750 81400 76800 158200 0 0 0
20230511 16:30:17.701 16 0 1 9 0 0 0 75 16 0 0 1630 1320 0 373 3 3.27 2.32 2.17 4 0 130 0 8 0 0 0 0 0 0 170 170 340 20120 142640 162760 0 10 10
20230511 16:30:17.801 18 0 4 3 0 1 0 73 24 0 0 3860 4990 0 373 3 3.27 2.32 2.17 3 1 130 0 8 0 0 10 0 0 0 0 1610 1610 0 629839 629839 0 50 50
20230511 16:30:17.901 19 0 3 4 0 0 0 75 21 0 0 2880 1770 0 373 3 3.27 2.32 2.17 4 1 30 0 2 0 0 0 0 0 0 0 1300 1300 0 840401 840401 0 90 90
20230511 16:30:18.001 17 0 2 6 0 1 0 75 20 0 0 2810 1000 0 373 3 3.27 2.32 2.17 3 1 10 0 1 0 0 0 0 0 0 20 800 820 1680 753921 755601 0 60 60
20230511 16:30:18.101 18 0 2 4 0 0 0 75 20 0 0 3280 910 0 373 3 3.27 2.32 2.17 3 1 20 0 1 0 0 0 0 0 0 0 1590 1590 0 1161678 1161678 0 410 410
20230511 16:30:18.201 16 0 1 8 0 0 0 75 17 0 0 2180 430 0 373 2 3.27 2.32 2.17 2 2 0 0 0 0 0 0 0 0 0 0 980 980 0 948321 948321 0 20 20
20230511 16:30:18.301 0 0 0 100 0 0 0 0 0 0 0 6370 770 0 373 3 3.27 2.32 2.17 3 1 10 0 1 0 0 0 0 0 0 20 5020 5040 800 1135238 1136038 0 200 200
20230511 16:30:18.401 18 0 1 0 0 0 0 81 19 0 0 1690 2380 0 373 3 3.27 2.32 2.17 3 0 20 0 1 0 0 0 0 0 0 0 360 360 0 21600 21600 0 20 20
20230511 16:30:18.501 18 0 5 0 0 0 0 77 23 0 0 1810 2510 20 375 4 3.27 2.32 2.17 4 0 20 0 1 0 0 0 0 0 0 10 0 10 400 0 400 0 0 0
20230511 16:30:18.601 18 0 2 0 0 1 0 79 21 0 0 3510 2740 260 373 3 3.27 2.32 2.17 3 0 100 0 6 0 0 0 0 0 0 0 0 0 0 0 0 0 0 0
20230511 16:30:18.701 16 0 2 0 0 0 0 81 19 0 0 1870 2320 0 373 3 3.27 2.32 2.17 3 0 10 0 1 0 0 0 0 0 0 520 0 520 39600 0 39600 0 0 0
20230511 16:30:18.801 18 0 4 1 0 2 0 75 24 0 0 3870 6430 280 373 3 3.27 2.32 2.17 3 0 10 0 1 0 0 0 0 0 0 910 0 910 116480 0 116480 0 0 0
20230511 16:30:18.901 18 0 0 1 0 4 0 78 21 0 0 3330 4340 0 373 3 3.27 2.32 2.17 4 0 10 0 1 0 0 0 0 0 0 980 0 980 122640 0 122640 0 0 0
20230511 16:30:19.001 11 0 2 6 0 0 0 81 13 0 0 1410 1330 0 373 3 3.27 2.32 2.17 2 1 10 0 1 0 0 0 0 0 0 90 20 110 11520 1680 13200 0 400 400
20230511 16:30:19.101 14 0 3 1 0 0 0 81 18 0 0 1620 1680 0 373 3 3.27 2.32 2.17 3 0 0 0 0 0 0 0 0 0 0 270 0 270 31520 0 31520 0 0 0
20230511 16:30:19.201 16 0 3 0 0 0 0 81 19 0 0 1380 680 0 373 3 3.27 2.32 2.17 3 0 0 0 0 0 0 0 0 0 0 10 0 10 400 0 400 0 0 0
20230511 16:30:19.301 18 0 1 0 0 0 0 81 19 0 0 1300 420 0 373 3 3.27 2.32 2.17 3 0 10 0 1 0 0 10 0 0 0 0 0 0 0 0 0 0 0 0
20230511 16:30:19.401 17 0 2 0 0 1 0 80 20 0 0 1530 2080 0 373 3 3.27 2.32 2.17 3 0 150 10 9 1 0 0 0 0 0 10 0 10 400 0 400 0 0 0
20230511 16:30:19.501 18 0 3 0 0 0 0 80 20 0 0 1710 2540 0 373 3 3.27 2.32 2.17 3 0 100 10 6 1 0 0 0 0 0 0 0 0 0 0 0 0 0 0
20230511 16:30:19.601 16 0 2 0 0 0 0 81 19 0 0 1900 600 0 373 3 3.25 2.33 2.17 3 0 120 0 7 0 0 0 0 0 0 0 0 0 0 0 0 0 0 0
20230511 16:30:19.701 19 0 2 0 0 0 0 79 21 0 0 1690 1170 10 375 4 3.25 2.33 2.17 4 0 40 0 2 0 0 0 0 0 0 20 0 20 1280 0 1280 0 0 0
20230511 16:30:19.801 19 0 4 0 0 0 0 77 23 0 0 3180 2010 20 373 3 3.25 2.33 2.17 3 0 290 70 22 8 0 0 0 0 0 0 0 0 0 0 0 0 0 0
20230511 16:30:19.901 16 0 2 1 0 0 0 81 18 0 0 2500 4320 0 373 3 3.25 2.33 2.17 4 0 60 20 4 2 0 0 0 0 0 890 0 890 84880 0 84880 0 0 0
20230511 16:30:20.001 16 0 2 1 0 1 0 80 19 0 0 2820 4870 0 373 3 3.25 2.33 2.17 2 1 50 30 4 3 0 0 0 0 0 1140 0 1140 145920 0 145920 0 0 0
20230511 16:30:20.101 17 0 1 1 0 0 0 80 19 0 0 2190 3730 0 373 3 3.25 2.33 2.17 3 0 60 30 5 3 0 0 0 0 0 730 0 730 89120 0 89120 0 0 0
20230511 16:30:20.201 19 0 1 0 0 0 0 81 19 0 0 1340 400 0 373 3 3.25 2.33 2.17 3 0 10 0 1 0 0 0 0 0 0 0 0 0 0 0 0 0 0 0
20230511 16:30:20.301 18 0 1 0 0 0 0 81 19 0 0 1330 380 0 373 3 3.25 2.33 2.17 3 0 20 0 1 0 0 0 0 0 0 0 0 0 0 0 0 0 0 0
20230511 16:30:20.401 18 0 1 0 0 1 0 81 19 0 0 1430 2580 0 373 3 3.25 2.33 2.17 3 0 60 10 4 1 0 0 0 0 0 0 0 0 0 0 0 0 0 0
20230511 16:30:20.501 18 0 4 0 0 0 0 78 22 0 0 1640 2220 0 373 3 3.25 2.33 2.17 3 0 30 0 2 0 0 0 0 0 0 10 0 10 840 0 840 0 0 0
20230511 16:30:20.601 16 0 4 0 0 0 0 81 19 0 0 1870 800 0 373 3 3.25 2.33 2.17 3 0 140 0 8 0 0 0 0 0 0 0 0 0 0 0 0 0 0 0
20230511 16:30:20.701 17 0 2 0 0 0 0 81 19 0 0 1380 1000 0 373 3 3.25 2.33 2.17 3 0 20 10 1 1 0 0 0 0 0 0 0 0 0 0 0 0 0 0
20230511 16:30:20.801 18 0 3 0 0 0 0 80 20 0 0 2070 880 0 373 3 3.25 2.33 2.17 3 0 20 0 1 0 0 10 0 0 0 0 0 0 0 0 0 0 0 0
20230511 16:30:20.901 16 0 2 1 0 1 0 81 19 0 0 2370 4210 0 373 2 3.25 2.33 2.17 3 1 10 0 1 0 0 0 0 0 0 1020 0 1020 100080 0 100080 0 0 0
20230511 16:30:21.001 14 0 2 3 0 0 0 80 17 0 0 4810 11930 0 373 2 3.25 2.33 2.17 3 0 10 0 1 0 0 0 0 0 0 2980 0 2980 381440 0 381440 0 0 0
20230511 16:30:21.101 11 0 4 9 0 0 0 76 15 0 0 5260 10000 0 373 3 3.25 2.33 2.17 2 2 0 0 0 0 0 0 0 0 0 2130 1860 3990 272640 483319 755959 0 80 80
20230511 16:30:21.201 9 0 3 12 0 0 0 75 13 0 0 4310 5710 0 373 4 3.25 2.33 2.17 1 3 0 0 0 0 0 0 0 0 0 1160 2200 3360 148480 805121 953601 0 100 100
20230511 16:30:21.301 8 0 1 14 0 0 0 76 9 0 0 1090 1050 0 373 1 3.25 2.33 2.17 1 3 30 0 2 0 0 30 0 0 0 170 240 410 21760 243200 264960 0 20 20
20230511 16:30:21.401 8 0 1 15 0 0 0 75 9 0 0 1210 1860 0 373 3 3.25 2.33 2.17 1 3 60 0 4 0 0 0 0 0 0 500 80 580 64000 81920 145920 0 0 0
20230511 16:30:21.501 11 0 4 12 0 1 0 72 16 0 0 2440 6140 0 373 3 3.25 2.33 2.17 1 3 40 0 2 0 0 0 0 0 0 1040 110 1150 133120 115200 248320 0 0 0
20230511 16:30:21.601 11 0 2 12 0 1 0 73 15 0 0 2910 4530 0 373 1 3.25 2.33 2.17 1 3 50 0 3 0 0 0 0 0 0 1110 90 1200 142080 89600 231680 0 0 0
20230511 16:30:21.701 8 0 1 16 0 0 0 75 8 0 0 1060 1640 0 373 2 3.25 2.33 2.17 3 1 30 0 2 0 0 0 0 0 0 310 80 390 39680 81920 121600 0 0 0
20230511 16:30:21.801 8 0 2 19 0 0 0 71 10 0 0 1870 1990 0 373 1 3.25 2.33 2.17 1 4 80 0 5 0 0 10 0 0 0 230 100 330 29440 74840 104280 0 120 120
20230511 16:30:21.901 7 0 0 25 0 0 0 68 7 0 0 890 1940 0 373 1 3.25 2.33 2.17 4 4 210 20 13 1 0 0 0 0 0 20 10 30 2560 7680 10240 0 0 0
20230511 16:30:22.001 6 0 1 23 0 0 0 69 8 0 0 990 1310 0 373 1 3.25 2.33 2.17 1 3 30 0 2 0 0 0 0 0 0 140 40 180 17920 33320 51240 0 0 0
20230511 16:30:22.101 10 0 1 13 0 1 0 76 11 0 0 2480 5430 0 373 3 3.25 2.33 2.17 3 1 40 0 2 0 0 10 0 0 0 1050 270 1320 134400 291840 426239 0 200 200
20230511 16:30:22.201 9 0 7 10 0 0 0 74 15 0 0 2410 5820 0 373 3 3.25 2.33 2.17 2 2 10 10 1 1 0 0 0 0 0 750 310 1060 94240 286280 380520 0 330 330
20230511 16:30:22.301 11 0 4 10 0 1 0 74 16 0 0 2350 4780 0 373 2 3.25 2.33 2.17 1 3 10 0 1 0 0 0 0 0 0 850 270 1120 108800 271560 380359 0 320 320
20230511 16:30:22.401 10 0 6 10 0 0 0 74 16 0 0 3340 9260 0 373 1 3.25 2.33 2.17 3 1 10 0 1 0 0 0 0 0 0 800 1280 2080 101360 530521 631881 0 410 410
20230511 16:30:22.501 15 0 7 7 0 1 0 70 23 0 0 3130 6900 0 373 3 3.25 2.33 2.17 4 0 40 0 2 0 0 0 0 0 0 390 990 1380 48760 684081 732841 0 150 150
20230511 16:30:22.601 19 0 2 3 0 0 0 75 21 0 0 3360 2050 0 373 3 3.25 2.33 2.17 3 1 30 0 2 0 0 0 0 0 0 10 1090 1100 40 1084158 1084198 0 90 90
20230511 16:30:22.701 16 0 5 4 0 1 0 74 22 0 0 3860 1170 0 373 2 3.25 2.33 2.17 3 1 30 0 2 0 0 0 0 0 0 10 2460 2470 400 841161 841561 0 310 310
20230511 16:30:22.801 19 0 2 6 0 1 0 73 22 0 0 2450 1040 0 373 3 3.25 2.33 2.17 3 1 40 0 2 0 0 0 0 0 0 10 530 540 400 121800 122200 0 40 40
20230511 16:30:22.901 19 0 1 5 0 0 0 76 19 0 0 1970 930 0 373 3 3.25 2.33 2.17 4 1 10 0 1 0 0 0 0 0 0 0 790 790 0 123160 123160 0 30 30
20230511 16:30:23.001 16 0 1 9 0 1 0 74 17 0 0 1470 630 0 373 3 3.25 2.33 2.17 3 1 10 0 1 0 0 0 0 0 0 10 110 120 560 76800 77360 0 30 30
20230511 16:30:23.101 18 0 1 6 0 1 0 75 19 0 0 1470 700 0 373 3 3.25 2.33 2.17 3 1 0 0 0 0 0 20 0 0 0 0 140 140 0 117760 117760 0 40 40
20230511 16:30:23.201 17 0 1 7 0 0 0 75 19 0 0 1330 540 0 373 2 3.25 2.33 2.17 2 2 0 0 0 0 0 0 0 0 0 0 120 120 0 120320 120320 0 110 110
20230511 16:30:23.301 13 0 0 12 0 0 0 75 13 0 0 1210 640 0 373 2 3.25 2.33 2.17 2 2 30 0 2 0 0 30 0 0 0 100 90 190 400 80640 81040 0 50 50
20230511 16:30:23.401 14 0 1 10 0 1 0 75 15 0 0 1730 2010 0 373 2 3.25 2.33 2.17 3 1 60 0 4 0 0 0 0 0 0 290 350 640 8320 300800 309120 0 110 110
20230511 16:30:23.501 11 0 4 11 0 1 0 72 16 0 0 4530 10890 0 373 3 3.25 2.33 2.17 1 3 70 0 4 0 0 0 0 0 0 1750 1060 2810 130840 663681 794521 0 220 220
20230511 16:30:23.601 9 0 4 9 0 1 0 78 13 0 0 5790 14900 0 373 3 3.25 2.33 2.17 1 2 40 0 2 0 0 0 0 0 0 2450 1690 4140 287360 308440 595799 0 110 110
20230511 16:30:23.701 11 0 6 2 0 1 0 81 17 0 0 3800 9780 0 373 3 3.25 2.33 2.17 3 0 20 0 1 0 0 0 0 0 0 2220 0 2220 284160 0 284160 0 0 0
20230511 16:30:23.801 6 0 13 2 0 2 0 77 21 0 0 3870 7720 0 373 3 3.25 2.33 2.17 2 1 100 0 6 0 0 0 0 0 0 1590 0 1590 206080 0 206080 20 0 20
20230511 16:30:23.901 8 0 9 2 0 1 0 81 17 0 0 3430 7770 0 373 3 3.25 2.33 2.17 6 0 130 0 8 0 0 0 0 0 0 1790 0 1790 229120 0 229120 20 0 20
20230511 16:30:24.001 1 0 1 22 0 0 0 76 2 0 0 1130 1890 0 373 2 3.25 2.33 2.17 1 2 20 0 1 0 0 0 0 0 0 280 20 300 35840 2160 38000 0 520 520
20230511 16:30:24.101 6 0 6 6 0 1 0 80 14 0 0 2460 5950 0 373 3 3.25 2.33 2.17 3 0 0 0 0 0 0 10 0 0 0 1310 0 1310 166400 0 166400 10 0 10
20230511 16:30:24.201 10 0 5 3 0 0 0 82 15 0 0 3300 8080 0 373 1 3.25 2.33 2.17 2 1 20 0 1 0 0 0 0 0 0 2010 0 2010 257280 0 257280 20 0 20
20230511 16:30:24.301 9 0 7 2 0 1 0 80 18 0 0 3680 8990 0 373 3 3.25 2.33 2.17 2 1 0 0 0 0 0 0 0 0 0 2190 0 2190 282200 0 282200 30 0 30
20230511 16:30:24.401 10 0 6 3 0 0 0 81 16 0 0 4150 14870 0 373 2 3.25 2.33 2.17 3 0 20 20 2 2 0 0 0 0 0 2480 0 2480 313600 0 313600 20 0 20
20230511 16:30:24.501 12 0 9 3 0 1 0 76 21 0 0 4550 12210 0 373 2 3.25 2.33 2.17 3 0 50 10 4 1 0 0 0 0 0 2570 0 2570 322880 0 322880 20 0 20
20230511 16:30:24.601 13 0 4 2 0 1 0 81 17 0 0 3950 7470 0 373 2 3.31 2.36 2.18 2 1 30 0 2 0 0 0 0 0 0 1850 0 1850 230480 0 230480 0 0 0
20230511 16:30:24.701 7 0 9 2 0 2 0 80 19 0 0 3270 7110 0 373 2 3.31 2.36 2.18 3 0 30 0 2 0 0 0 0 0 0 1740 0 1740 207360 0 207360 0 0 0
20230511 16:30:24.801 8 0 11 1 0 1 0 78 20 0 0 3500 6250 0 373 3 3.31 2.36 2.18 3 0 30 0 2 0 0 10 0 0 0 1320 0 1320 164240 0 164240 0 0 0
20230511 16:30:24.901 12 0 6 1 0 1 0 80 19 0 0 2350 4150 0 373 3 3.31 2.36 2.18 6 0 10 10 1 1 0 0 0 0 0 850 0 850 108800 0 108800 0 0 0
20230511 16:30:25.001 12 0 7 1 0 0 0 81 19 0 0 2490 4390 0 373 3 3.31 2.36 2.18 3 0 20 0 1 0 0 0 0 0 0 760 0 760 91800 0 91800 0 0 0
20230511 16:30:25.101 13 0 6 3 0 1 0 77 20 0 0 3480 8550 0 373 1 3.31 2.36 2.18 4 1 30 0 2 0 0 10 0 0 0 900 1020 1920 111280 409919 521199 0 230 230
20230511 16:30:25.201 13 0 3 9 0 0 0 75 16 0 0 2730 4750 0 373 2 3.31 2.36 2.18 3 1 0 0 0 0 0 0 0 0 0 630 890 1520 79400 803841 883241 0 280 280
20230511 16:30:25.301 15 0 3 6 0 1 0 76 18 0 0 3460 8170 0 373 4 3.31 2.36 2.18 3 1 30 0 2 0 0 30 0 0 0 460 1770 2230 58880 878999 937879 0 440 440
20230511 16:30:25.401 14 0 6 6 0 1 0 74 20 0 0 3510 8250 0 373 4 3.31 2.36 2.18 2 2 50 0 3 0 0 0 0 0 0 510 1580 2090 65280 803881 869161 0 260 260
20230511 16:30:25.501 14 0 4 9 0 0 0 74 18 0 0 2260 4310 0 373 2 3.31 2.36 2.18 2 2 30 0 2 0 0 0 0 0 0 350 260 610 44800 264960 309760 0 110 110
20230511 16:30:25.601 14 0 2 8 0 2 0 74 18 0 0 2310 2530 0 373 2 3.31 2.36 2.18 3 1 40 0 2 0 0 0 0 0 0 480 100 580 61440 83200 144640 0 0 0
20230511 16:30:25.701 13 0 0 11 0 1 0 75 14 0 0 1450 1530 0 373 3 3.31 2.36 2.18 2 2 30 10 5 1 0 0 0 0 0 150 100 250 19200 93440 112640 0 0 0
20230511 16:30:25.801 15 0 2 9 0 2 0 72 20 0 0 3440 5790 0 373 2 3.31 2.36 2.18 2 2 110 50 10 6 0 10 0 0 0 500 450 950 62800 104720 167520 0 160 160
20230511 16:30:25.901 11 0 1 12 0 1 0 75 13 0 0 1860 3500 0 373 2 3.31 2.36 2.18 5 2 140 30 10 3 0 0 0 0 0 620 70 690 75600 68880 144480 0 0 0
20230511 16:30:26.001 15 0 1 10 0 1 0 74 16 0 0 2020 2660 0 373 3 3.31 2.36 2.18 4 0 40 0 2 0 0 0 0 0 0 460 110 570 57640 114240 171880 0 20 20
20230511 16:30:26.101 14 0 2 9 0 1 0 74 17 0 0 1800 2900 0 373 3 3.31 2.36 2.18 3 1 0 0 0 0 0 0 0 0 0 490 90 580 62720 90560 153280 0 0 0
20230511 16:30:26.201 11 0 3 10 0 0 0 76 14 0 0 2710 4000 0 373 4 3.31 2.36 2.18 2 2 30 0 2 0 0 0 0 0 0 970 570 1540 49200 567041 616241 0 80 80
20230511 16:30:26.301 12 0 2 10 0 0 0 76 14 0 0 4150 4440 0 373 2 3.31 2.36 2.18 1 3 0 0 0 0 0 0 0 0 0 1070 1930 3000 61200 734719 795919 0 400 400
20230511 16:30:26.401 9 0 4 11 0 0 0 76 13 0 0 3190 8270 0 373 1 3.31 2.36 2.18 1 3 30 0 2 0 0 0 0 0 0 750 1380 2130 92720 563801 656521 0 620 620
20230511 16:30:26.501 8 0 6 13 0 1 0 72 14 0 0 2010 5590 0 373 1 3.31 2.36 2.18 2 2 30 0 2 0 0 0 0 0 0 590 160 750 75520 114400 189920 0 70 70
20230511 16:30:26.601 9 0 3 11 0 0 0 77 12 0 0 2760 4610 0 373 1 3.31 2.36 2.18 3 2 0 0 0 0 0 0 0 0 0 780 430 1210 99840 126920 226760 0 90 90
20230511 16:30:26.701 8 0 4 9 0 0 0 79 11 0 0 2350 5400 0 373 3 3.31 2.36 2.18 3 1 50 0 3 0 0 0 0 0 0 1070 350 1420 135640 79920 215560 0 80 80
20230511 16:30:26.801 8 0 4 18 0 1 0 70 12 0 0 2760 4910 0 373 0 3.31 2.36 2.18 0 5 80 30 7 4 0 10 0 0 0 710 210 920 90880 45240 136120 0 100 100
20230511 16:30:26.901 2 0 0 31 0 0 0 67 2 0 0 970 5630 0 373 0 3.31 2.36 2.18 3 5 230 130 21 16 0 0 0 0 0 30 10 40 2600 1280 3880 0 0 0
20230511 16:30:27.001 1 0 1 31 0 0 0 68 1 0 0 620 1040 0 373 0 3.31 2.36 2.18 0 5 80 10 6 1 0 0 0 0 0 0 0 0 0 0 0 0 0 0
20230511 16:30:27.101 0 0 0 31 0 0 0 69 0 0 0 270 480 0 373 0 3.31 2.36 2.18 0 5 10 0 1 0 0 10 0 0 0 0 0 0 0 0 0 0 0 0
20230511 16:30:27.201 8 0 3 4 0 0 0 86 11 0 0 2410 5990 0 373 3 3.31 2.36 2.18 1 3 10 0 1 0 0 0 0 0 0 910 770 1680 115240 184640 299880 0 170 170
20230511 16:30:27.301 9 0 4 11 0 0 0 75 14 0 0 2910 7500 0 373 1 3.31 2.36 2.18 3 1 10 0 1 0 0 10 0 0 0 970 820 1790 122920 274320 397239 0 390 390
20230511 16:30:27.401 10 0 4 11 0 0 0 75 14 0 0 2560 6470 0 373 2 3.31 2.36 2.18 2 2 60 0 4 0 0 0 0 0 0 890 710 1600 113920 288760 402680 0 140 140
20230511 16:30:27.501 11 0 6 7 0 1 0 75 18 0 0 2650 6990 0 373 3 3.31 2.36 2.18 3 0 60 0 4 0 0 0 0 0 0 890 380 1270 113640 82960 196600 0 110 110
20230511 16:30:27.601 12 0 3 4 0 1 0 80 16 0 0 2840 5060 0 373 2 3.31 2.36 2.18 3 0 70 0 4 0 0 0 0 0 0 1220 0 1220 156160 0 156160 0 0 0
20230511 16:30:27.701 14 0 3 2 0 0 0 81 17 0 0 2620 6090 0 373 2 3.31 2.36 2.18 2 1 20 0 1 0 0 0 0 0 0 1510 0 1510 193280 0 193280 0 0 0
20230511 16:30:27.801 12 0 7 2 0 1 0 78 20 0 0 3840 7210 0 373 3 3.31 2.36 2.18 2 1 30 0 2 0 0 10 0 0 0 1580 0 1580 202240 0 202240 0 0 0
20230511 16:30:27.901 9 0 7 2 0 1 0 81 17 0 0 2950 6160 0 373 2 3.31 2.36 2.18 6 1 110 0 6 0 0 0 0 0 0 1360 0 1360 174080 0 174080 0 0 0
20230511 16:30:28.001 14 0 3 1 0 1 0 81 18 0 0 3520 6750 0 373 3 3.31 2.36 2.18 3 0 120 0 7 0 0 0 0 0 0 1480 0 1480 187760 0 187760 0 0 0
20230511 16:30:28.101 11 0 6 2 0 1 0 80 18 0 0 3050 6340 0 373 3 3.31 2.36 2.18 3 0 20 0 1 0 0 0 0 0 0 1390 0 1390 177920 0 177920 0 0 0
20230511 16:30:28.201 13 0 5 1 0 1 0 80 19 0 0 2690 4770 0 373 3 3.31 2.36 2.18 3 0 30 0 2 0 0 0 0 0 0 1090 0 1090 136080 0 136080 0 0 0
20230511 16:30:28.301 17 0 1 0 0 0 0 82 18 0 0 1610 1370 0 373 3 3.31 2.36 2.18 3 0 0 0 0 0 0 0 0 0 0 250 0 250 27520 0 27520 0 0 0
20230511 16:30:28.401 17 0 2 0 0 0 0 81 19 0 0 1420 2300 0 373 3 3.31 2.36 2.18 3 0 0 0 0 0 0 10 0 0 0 20 0 20 80 0 80 0 0 0
20230511 16:30:28.501 17 0 4 0 0 1 0 78 22 0 0 1580 2050 0 373 3 3.31 2.36 2.18 3 0 30 0 2 0 0 0 0 0 0 0 0 0 0 0 0 0 0 0
20230511 16:30:28.601 17 0 1 0 0 1 0 80 20 0 0 1840 600 0 373 3 3.31 2.36 2.18 3 0 0 0 0 0 0 10 0 0 0 0 0 0 0 0 0 0 0 0
20230511 16:30:28.701 18 0 1 0 0 0 0 81 19 0 0 1350 520 0 373 3 3.31 2.36 2.18 3 0 30 0 2 0 0 0 0 0 0 0 0 0 0 0 0 0 0 0
20230511 16:30:28.801 18 0 4 0 0 0 0 79 21 0 0 2150 930 0 373 3 3.31 2.36 2.18 3 0 40 0 2 0 0 0 0 0 0 0 0 0 0 0 0 0 0 0
20230511 16:30:28.901 18 0 1 0 0 1 0 80 20 0 0 1380 760 0 373 3 3.31 2.36 2.18 8 0 20 0 1 0 0 10 0 0 0 0 0 0 0 0 0 0 0 0
20230511 16:30:29.001 14 0 4 2 0 0 0 80 18 0 0 4420 8180 0 373 2 3.31 2.36 2.18 3 0 30 0 2 0 0 0 0 0 0 2890 20 2910 184520 1560 186080 0 370 370
20230511 16:30:29.101 9 0 6 4 0 1 0 81 15 0 0 5020 14390 0 373 3 3.31 2.36 2.18 3 0 30 10 2 1 0 10 0 0 0 3590 0 3590 436479 0 436479 0 0 0
20230511 16:30:29.201 7 0 8 4 0 1 0 81 15 0 0 4420 12590 0 373 3 3.31 2.36 2.18 3 0 10 0 1 0 0 0 0 0 0 2920 0 2920 375040 0 375040 10 0 10
20230511 16:30:29.301 6 0 8 4 0 0 0 81 14 0 0 4510 12790 0 373 3 3.31 2.36 2.18 3 0 20 0 1 0 0 0 0 0 0 3020 0 3020 386559 0 386559 0 0 0
20230511 16:30:29.401 6 0 8 10 0 0 0 77 13 0 0 4260 14080 0 373 4 3.31 2.36 2.18 2 2 50 10 3 1 0 10 0 0 0 2010 770 2780 257280 476920 734201 0 800 800
20230511 16:30:29.501 8 0 8 11 0 0 0 74 15 0 0 4020 11280 0 373 4 3.31 2.36 2.18 3 1 110 10 7 1 0 0 0 0 0 1760 600 2360 225280 596481 821761 0 70 70
20230511 16:30:29.601 4 0 9 11 0 0 0 76 13 0 0 3990 9820 0 373 2 3.37 2.38 2.19 2 2 10 0 1 0 0 10 0 0 0 1520 580 2100 193520 615679 809199 0 950 950
20230511 16:30:29.701 3 0 6 14 0 0 0 77 9 0 0 3370 9610 0 373 2 3.37 2.38 2.19 1 3 50 0 3 0 0 0 0 0 0 1510 790 2300 193280 817921 1011201 0 650 650
20230511 16:30:29.801 6 0 9 12 0 0 0 73 15 0 0 4320 9500 0 373 4 3.37 2.38 2.19 4 0 30 0 2 0 0 0 0 0 0 1650 700 2350 211200 688119 899319 0 90 90
20230511 16:30:29.901 5 0 10 10 0 0 0 76 15 0 0 3690 10510 0 373 3 3.37 2.38 2.19 7 1 30 10 2 1 0 0 0 0 0 1320 940 2260 168960 683281 852241 0 960 960
20230511 16:30:30.001 5 0 4 16 0 0 0 75 9 0 0 2580 5990 0 373 3 3.37 2.38 2.19 1 3 110 0 6 0 0 0 0 0 0 1110 200 1310 138160 187840 326000 0 310 310
20230511 16:30:30.101 6 0 3 15 0 0 0 77 8 0 0 2490 6650 0 373 1 3.37 2.38 2.19 1 3 110 0 6 0 0 10 0 0 0 1510 100 1610 193280 78080 271360 0 60 60
20230511 16:30:30.201 8 0 3 15 0 0 0 74 11 0 0 2350 5830 0 373 3 3.37 2.38 2.19 1 3 40 0 2 0 0 0 0 0 0 1350 130 1480 170120 92160 262280 0 10 10
20230511 16:30:30.301 5 0 3 14 0 0 0 78 7 0 0 2280 6500 0 373 2 3.37 2.38 2.19 2 2 0 0 0 0 0 0 0 0 0 1410 180 1590 180480 88320 268800 0 70 70
20230511 16:30:30.401 9 0 3 13 0 0 0 75 12 0 0 2530 8210 0 373 3 3.37 2.38 2.19 3 1 0 0 0 0 0 0 0 0 0 1310 210 1520 160160 101120 261280 0 30 30
20230511 16:30:30.501 14 0 6 10 0 0 0 71 19 0 0 2290 4700 0 373 3 3.37 2.38 2.19 2 2 0 0 0 0 0 0 0 0 0 690 140 830 79120 80640 159760 10 0 10
20230511 16:30:30.601 11 0 3 11 0 1 0 74 15 0 0 3030 3900 0 373 3 3.37 2.38 2.19 2 2 20 0 1 0 0 0 0 0 0 1150 170 1320 100280 82000 182280 0 20 20
20230511 16:30:30.701 12 0 4 11 0 0 0 73 16 0 0 2760 6350 0 373 3 3.37 2.38 2.19 2 2 20 10 1 1 0 0 0 0 0 630 880 1510 80640 199040 279680 0 0 0
20230511 16:30:30.801 12 0 5 10 0 0 0 73 17 0 0 3620 5980 0 373 2 3.37 2.38 2.19 3 2 50 0 3 0 0 10 0 0 0 870 550 1420 110040 79360 189400 0 0 0
20230511 16:30:30.901 10 0 4 8 0 0 0 77 15 0 0 2630 5150 0 373 1 3.37 2.38 2.19 3 3 100 0 6 0 0 0 0 0 0 720 470 1190 92160 113520 205680 0 30 30
20230511 16:30:31.001 8 0 1 16 0 0 0 75 9 0 0 1280 1730 0 373 2 3.37 2.38 2.19 3 1 10 0 1 0 0 0 0 0 0 270 110 380 34560 84480 119040 0 170 170
20230511 16:30:31.101 12 0 4 10 0 0 0 74 16 0 0 2500 5470 0 373 1 3.37 2.38 2.19 1 3 30 0 2 0 0 0 0 0 0 750 530 1280 95840 78880 174720 0 0 0
20230511 16:30:31.201 11 0 4 11 0 0 0 75 15 0 0 2810 5100 0 373 3 3.37 2.38 2.19 1 3 0 0 0 0 0 0 0 0 0 810 770 1580 102520 115720 218240 0 80 80
20230511 16:30:31.301 12 0 3 11 0 0 0 74 15 0 0 2180 4630 0 373 3 3.37 2.38 2.19 1 3 30 0 2 0 0 0 0 0 0 780 280 1060 99840 78400 178240 0 20 20
20230511 16:30:31.401 3 0 3 13 0 0 0 81 6 0 0 2850 8410 0 372 2 3.37 2.38 2.19 0 3 10 0 1 0 0 20 0 0 0 460 1700 2160 58880 312000 370880 0 130 130
20230511 16:30:31.501 5 0 6 9 0 1 0 79 12 0 0 2870 8330 0 372 1 3.37 2.38 2.19 2 1 30 0 2 0 0 0 0 0 0 740 980 1720 93360 608121 701481 0 850 850
20230511 16:30:31.601 6 0 4 10 0 0 0 80 10 0 0 3010 5430 0 372 0 3.37 2.38 2.19 0 3 10 0 1 0 0 0 0 0 0 830 590 1420 106240 611839 718079 0 420 420
20230511 16:30:31.701 8 0 3 8 0 0 0 81 11 0 0 3100 8140 0 372 2 3.37 2.38 2.19 2 0 80 0 5 0 0 0 0 0 0 830 1410 2240 99560 885521 985081 0 190 190
20230511 16:30:31.801 8 0 4 7 0 0 0 82 11 0 0 2020 2220 0 372 1 3.37 2.38 2.19 1 2 30 0 2 0 0 0 0 0 0 410 40 450 52080 640 52720 0 120 120
20230511 16:30:31.901 8 0 1 6 0 0 0 86 9 0 0 1150 3040 0 372 1 3.37 2.38 2.19 5 0 10 0 1 0 0 10 0 0 0 370 10 380 47360 40 47400 0 0 0
20230511 16:30:32.001 8 0 2 4 0 0 0 87 9 0 0 1410 2000 0 372 1 3.37 2.38 2.19 2 0 10 0 1 0 0 0 0 0 0 360 0 360 46080 0 46080 0 0 0
20230511 16:30:32.101 8 0 1 3 0 0 0 87 9 0 0 1350 2440 0 372 1 3.37 2.38 2.19 2 0 110 0 6 0 0 0 0 0 0 480 0 480 61440 0 61440 0 0 0
20230511 16:30:32.201 8 0 2 2 0 0 0 87 11 0 0 1390 2300 0 372 2 3.37 2.38 2.19 2 0 30 0 2 0 0 0 0 0 0 530 0 530 66800 0 66800 0 0 0
20230511 16:30:32.301 7 0 3 2 0 0 0 89 10 0 0 1450 2890 0 372 2 3.37 2.38 2.19 1 1 10 0 1 0 0 0 0 0 0 590 0 590 74400 0 74400 0 0 0
20230511 16:30:32.401 8 0 3 2 0 0 0 87 11 0 0 1580 5370 0 372 2 3.37 2.38 2.19 2 0 10 0 1 0 0 20 0 0 0 630 0 630 80640 0 80640 0 0 0
20230511 16:30:32.501 9 0 5 1 0 1 0 85 14 0 0 1760 3980 0 372 2 3.37 2.38 2.19 2 0 0 0 0 0 0 0 0 0 0 600 0 600 75120 0 75120 0 0 0
20230511 16:30:32.601 11 0 2 0 0 1 0 86 14 0 0 1480 380 0 372 2 3.37 2.38 2.19 2 0 20 0 1 0 0 20 0 0 0 20 0 20 1320 0 1320 0 0 0
20230511 16:30:32.701 13 0 0 0 0 0 0 87 13 0 0 910 330 0 372 2 3.37 2.38 2.19 2 0 10 0 1 0 0 0 0 0 0 0 0 0 0 0 0 0 0 0
20230511 16:30:32.801 12 0 3 0 0 0 0 85 15 0 0 1890 820 0 372 2 3.37 2.38 2.19 2 0 30 0 2 0 0 0 0 0 0 0 0 0 0 0 0 0 0 0
20230511 16:30:32.901 10 0 2 0 0 0 0 88 12 0 0 1030 710 0 372 2 3.37 2.38 2.19 6 0 20 0 1 0 0 0 0 0 0 0 0 0 0 0 0 0 0 0
20230511 16:30:33.001 12 0 1 0 0 0 0 86 14 0 0 1320 680 0 372 2 3.37 2.38 2.19 2 0 10 0 1 0 0 0 0 0 0 0 0 0 0 0 0 0 0 0
20230511 16:30:33.101 12 0 1 0 0 0 0 87 13 0 0 990 650 0 372 2 3.37 2.38 2.19 2 0 30 0 2 0 0 0 0 0 0 0 0 0 0 0 0 0 0 0
20230511 16:30:33.201 12 0 1 0 0 0 0 87 13 0 0 930 300 0 372 2 3.37 2.38 2.19 2 0 30 10 2 1 0 0 0 0 0 0 0 0 0 0 0 0 0 0
20230511 16:30:33.301 12 0 1 0 0 0 0 87 13 0 0 940 250 0 372 2 3.37 2.38 2.19 2 0 20 0 1 0 0 0 0 0 0 0 0 0 0 0 0 0 0 0
20230511 16:30:33.401 12 0 1 0 0 0 0 88 12 0 0 950 340 0 372 2 3.37 2.38 2.19 2 0 10 0 1 0 0 10 0 0 0 0 0 0 0 0 0 0 0 0
20230511 16:30:33.501 12 0 4 0 0 0 0 84 16 0 0 1250 1220 20 373 3 3.37 2.38 2.19 3 0 30 0 2 0 0 0 0 0 0 0 0 0 0 0 0 0 0 0
20230511 16:30:33.601 10 0 3 2 0 1 0 83 14 0 0 6120 9510 280 372 1 3.37 2.38 2.19 1 1 10 0 1 0 0 0 0 0 0 3030 0 3030 177280 0 177280 0 0 0
20230511 16:30:33.701 6 0 2 4 0 0 0 89 8 0 0 3990 11930 0 372 2 3.37 2.38 2.19 2 0 20 0 1 0 0 0 0 0 0 3030 0 3030 384800 0 384800 0 0 0
20230511 16:30:33.801 6 0 8 3 0 0 0 83 14 0 0 5120 12470 300 372 1 3.37 2.38 2.19 1 1 40 0 2 0 0 0 0 0 0 2550 0 2550 326400 0 326400 0 0 0
20230511 16:30:33.901 6 0 3 3 0 0 0 88 9 0 0 3830 8810 0 372 2 3.37 2.38 2.19 5 0 40 0 2 0 0 10 0 0 0 2080 0 2080 266240 0 266240 0 0 0
20230511 16:30:34.001 5 0 6 3 0 0 0 86 11 0 0 2500 6140 0 372 1 3.37 2.38 2.19 1 1 20 0 1 0 0 0 0 0 0 1370 20 1390 175360 1880 177240 0 450 450
20230511 16:30:34.101 8 0 3 2 0 0 0 87 11 0 0 2700 7040 0 372 2 3.37 2.38 2.19 2 0 30 0 2 0 0 10 0 0 0 1670 0 1670 213760 0 213760 0 0 0
20230511 16:30:34.201 6 0 4 2 0 0 0 88 11 0 0 2470 5950 0 372 2 3.37 2.38 2.19 2 0 70 0 4 0 0 0 0 0 0 1490 0 1490 190720 0 190720 0 0 0
20230511 16:30:34.301 7 0 4 2 0 1 0 87 11 0 0 2330 5710 0 372 2 3.37 2.38 2.19 2 0 0 0 0 0 0 0 0 0 0 1400 0 1400 175200 0 175200 0 0 0
20230511 16:30:34.401 7 0 4 2 0 0 0 86 12 0 0 2530 8860 0 372 2 3.37 2.38 2.19 1 1 50 10 3 1 0 10 0 0 0 1380 0 1380 176640 0 176640 0 0 0
20230511 16:30:34.501 6 0 7 2 0 1 0 85 13 0 0 2730 7340 0 372 2 3.37 2.38 2.19 2 0 100 10 6 1 0 0 0 0 0 1480 0 1480 187120 0 187120 0 0 0
20230511 16:30:34.601 9 0 2 1 0 0 0 87 11 0 0 3020 5260 0 372 2 3.26 2.38 2.19 2 0 30 0 2 0 0 0 0 0 0 1470 0 1470 172280 0 172280 0 0 0
20230511 16:30:34.701 9 0 3 1 0 1 0 86 13 0 0 1940 2070 0 372 2 3.26 2.38 2.19 3 0 20 0 1 0 0 0 0 0 0 450 450 900 46560 87720 134280 0 170 170
20230511 16:30:34.801 9 0 5 6 0 1 0 79 15 0 0 4200 4020 0 372 2 3.26 2.38 2.19 2 1 20 0 1 0 0 0 0 0 0 250 2090 2340 31240 822199 853439 10 1090 1100
20230511 16:30:34.901 9 0 6 4 0 1 0 81 16 0 0 4380 2400 0 372 2 3.26 2.38 2.19 5 1 110 10 7 1 0 20 0 0 0 210 3180 3390 26880 973841 1000721 10 500 510
20230511 16:30:35.001 10 0 4 5 0 0 0 81 14 0 0 3270 3030 0 372 2 3.26 2.38 2.19 1 2 10 0 1 0 0 0 0 0 0 210 1630 1840 25560 1059001 1084561 0 1350 1350
20230511 16:30:35.101 8 0 4 8 0 0 0 81 11 0 0 2250 2480 0 372 1 3.26 2.38 2.19 1 2 10 0 1 0 0 0 0 0 0 190 960 1150 22360 624079 646439 0 320 320
20230511 16:30:35.201 7 0 1 8 0 1 0 83 9 0 0 1090 1360 0 371 1 3.26 2.38 2.19 1 1 10 0 1 0 0 10 0 0 0 240 100 340 24800 102400 127200 0 0 0
20230511 16:30:35.301 1 0 1 8 0 0 0 90 3 0 0 620 710 0 371 1 3.26 2.38 2.19 1 1 20 0 1 0 0 0 0 0 0 110 120 230 15360 122880 138240 10 20 30
20230511 16:30:35.401 2 0 1 9 0 0 0 88 2 0 0 570 640 0 371 0 3.26 2.38 2.19 0 2 50 0 3 0 0 30 0 0 0 90 70 160 10760 81920 92680 0 10 10
20230511 16:30:35.501 2 0 2 10 0 0 0 86 4 0 0 670 1470 0 371 1 3.26 2.38 2.19 1 1 20 0 1 0 0 0 0 0 0 40 120 160 4000 128000 132000 0 60 60
20230511 16:30:35.601 3 0 0 9 0 0 0 88 3 0 0 1370 760 0 371 1 3.26 2.38 2.19 1 1 10 0 1 0 0 0 0 0 0 90 90 180 11520 79360 90880 0 10 10
20230511 16:30:35.701 4 0 2 9 0 0 0 86 6 0 0 1170 1510 0 371 0 3.26 2.38 2.19 0 2 100 10 6 1 0 0 0 0 0 220 100 320 25520 83200 108720 0 20 20
20230511 16:30:35.801 4 0 5 6 0 0 0 85 9 0 0 2530 3170 0 371 1 3.26 2.38 2.19 1 1 20 0 1 0 0 0 0 0 0 230 410 640 26560 432639 459199 0 480 480
20230511 16:30:35.901 6 0 1 3 0 0 0 91 7 0 0 1480 2350 0 371 1 3.26 2.38 2.19 4 0 220 0 13 0 0 0 0 0 0 160 350 510 17600 261800 279400 0 400 400
20230511 16:30:36.001 7 0 1 0 0 0 0 92 8 0 0 880 680 0 371 1 3.26 2.38 2.19 1 0 20 0 1 0 0 0 0 0 0 0 0 0 0 0 0 0 0 0
20230511 16:30:36.101 6 0 1 0 0 0 0 93 7 0 0 530 510 0 371 1 3.26 2.38 2.19 1 0 30 0 2 0 0 0 0 0 0 0 0 0 0 0 0 0 0 0
20230511 16:30:36.201 6 0 1 0 0 0 0 94 6 0 0 620 400 0 371 1 3.26 2.38 2.19 1 0 30 0 2 0 0 0 0 0 0 0 0 0 0 0 0 0 0 0
20230511 16:30:36.301 6 0 1 0 0 0 0 94 6 0 0 460 280 0 371 1 3.26 2.38 2.19 1 0 10 0 1 0 0 0 0 0 0 0 0 0 0 0 0 0 0 0
20230511 16:30:36.401 6 0 1 0 0 0 0 93 7 0 0 660 1990 0 371 1 3.26 2.38 2.19 1 0 30 0 2 0 0 0 0 0 0 0 0 0 0 0 0 0 0 0
20230511 16:30:36.501 7 0 2 0 0 0 0 91 9 0 0 760 1420 0 371 1 3.26 2.38 2.19 1 0 120 0 7 0 0 0 0 0 0 0 0 0 0 0 0 0 0 0
20230511 16:30:36.601 6 0 0 0 0 1 0 93 7 0 0 1230 330 0 371 1 3.26 2.38 2.19 1 0 20 0 1 0 0 0 0 0 0 0 0 0 0 0 0 0 0 0
20230511 16:30:36.701 6 0 1 0 0 0 0 93 7 0 0 430 240 0 371 1 3.26 2.38 2.19 1 0 30 0 2 0 0 0 0 0 0 0 0 0 0 0 0 0 0 0
20230511 16:30:36.801 6 0 2 3 0 0 0 89 8 0 0 1280 850 0 371 1 3.26 2.38 2.19 1 1 10 0 1 0 0 0 0 0 0 0 40 40 0 680 680 0 130 130
20230511 16:30:36.901 6 0 1 2 0 0 0 91 7 0 0 550 2070 0 371 1 3.26 2.38 2.19 4 0 20 10 1 1 0 20 0 0 0 0 10 10 0 40 40 0 0 0
20230511 16:30:37.001 6 0 1 0 0 0 0 93 7 0 0 790 720 0 371 1 3.26 2.38 2.19 1 0 20 0 1 0 0 0 0 0 0 10 0 10 400 0 400 0 0 0
20230511 16:30:37.101 7 0 0 0 0 0 0 93 7 0 0 500 540 0 371 1 3.26 2.38 2.19 1 0 30 0 2 0 0 0 0 0 0 0 0 0 0 0 0 0 0 0
20230511 16:30:37.201 6 0 1 0 0 0 0 93 7 0 0 540 260 0 371 1 3.26 2.38 2.19 1 0 10 0 1 0 0 10 0 0 0 0 0 0 0 0 0 0 0 0
20230511 16:30:37.301 6 0 0 0 0 0 0 94 6 0 0 420 220 0 371 1 3.26 2.38 2.19 1 0 10 0 1 0 0 0 0 0 0 0 0 0 0 0 0 0 0 0
20230511 16:30:37.401 6 0 0 0 0 0 0 94 6 0 0 550 300 0 371 1 3.26 2.38 2.19 1 0 40 0 2 0 0 20 0 0 0 0 0 0 0 0 0 0 0 0
20230511 16:30:37.501 7 0 2 0 0 1 0 90 10 0 0 660 1710 0 371 1 3.26 2.38 2.19 2 0 0 0 0 0 0 0 0 0 0 0 0 0 0 0 0 0 0 0
20230511 16:30:37.601 5 0 1 0 0 0 0 94 6 0 0 1310 440 0 371 1 3.26 2.38 2.19 1 0 20 0 1 0 0 0 0 0 0 0 0 0 0 0 0 0 0 0
20230511 16:30:37.701 6 0 1 0 0 0 0 93 7 0 0 400 260 0 371 1 3.26 2.38 2.19 1 0 20 0 1 0 0 20 0 0 0 0 0 0 0 0 0 0 0 0
20230511 16:30:37.801 6 0 2 0 0 0 0 91 9 0 0 1470 1070 0 371 1 3.26 2.38 2.19 1 0 10 0 1 0 0 0 0 0 0 0 0 0 0 0 0 0 0 0
20230511 16:30:37.901 6 0 0 1 0 0 0 93 6 0 0 1340 1920 0 370 1 3.26 2.38 2.19 3 0 180 10 11 3 0 0 0 0 0 600 0 600 3640 0 3640 0 0 0
20230511 16:30:38.001 4 0 2 1 0 0 0 93 6 0 0 3040 5700 0 370 1 3.26 2.38 2.19 0 1 120 0 7 0 0 0 0 0 0 2100 0 2100 148360 0 148360 0 0 0
20230511 16:30:38.101 3 0 2 2 0 0 0 93 5 0 0 2050 6240 0 370 1 3.26 2.38 2.19 1 0 10 0 1 0 0 0 0 0 0 1540 0 1540 196520 0 196520 0 0 0
20230511 16:30:38.201 4 0 2 1 0 0 0 93 6 0 0 1860 5020 0 370 1 3.26 2.38 2.19 1 0 30 0 2 0 0 20 0 0 0 1310 0 1310 167680 0 167680 0 0 0
20230511 16:30:38.301 3 0 2 1 0 0 0 93 6 0 0 1450 4170 0 370 1 3.26 2.38 2.19 1 0 20 0 1 0 0 0 0 0 0 1100 0 1100 140800 0 140800 0 0 0
20230511 16:30:38.401 3 0 2 1 0 0 0 93 6 0 0 1330 4780 0 370 1 3.26 2.38 2.19 1 0 10 0 1 0 0 10 0 0 0 860 0 860 110080 0 110080 0 0 0
20230511 16:30:38.501 3 0 4 1 0 0 0 92 8 0 0 1630 4200 0 370 1 3.26 2.38 2.19 1 0 200 0 12 0 0 0 0 0 0 810 0 810 103680 0 103680 0 0 0
20230511 16:30:38.601 3 0 2 1 0 0 0 93 6 0 0 2330 3590 0 370 1 3.26 2.38 2.19 1 0 80 0 5 0 0 0 0 0 0 960 0 960 120240 0 120240 0 0 0
20230511 16:30:38.701 5 0 1 1 0 0 0 94 6 0 0 1260 3260 0 370 1 3.26 2.38 2.19 1 0 30 0 2 0 0 0 0 0 0 880 0 880 111320 0 111320 0 0 0
20230511 16:30:38.801 3 0 5 1 0 0 0 91 8 0 0 2180 3610 0 370 0 3.26 2.38 2.19 1 0 0 0 0 0 0 0 0 0 0 770 0 770 98520 0 98520 0 0 0
20230511 16:30:38.901 3 0 4 1 0 0 0 91 8 0 0 1580 3420 40 372 2 3.26 2.38 2.19 5 0 10 0 1 0 0 10 0 0 0 750 0 750 94480 0 94480 0 0 0
20230511 16:30:39.001 6 0 3 1 0 0 0 91 9 0 0 2210 2190 50 373 1 3.26 2.38 2.19 1 0 0 0 0 0 0 0 0 0 0 190 20 210 19720 1200 20920 0 280 280
20230511 16:30:39.101 4 0 1 1 0 0 0 94 6 0 0 1030 2450 0 373 1 3.26 2.38 2.19 1 0 20 0 1 0 0 0 0 0 0 580 0 580 74240 0 74240 0 0 0
20230511 16:30:39.201 3 0 2 1 0 0 0 94 6 0 0 1270 2930 0 373 1 3.26 2.38 2.19 1 0 20 0 1 0 0 10 0 0 0 710 0 710 90880 0 90880 0 0 0
20230511 16:30:39.301 3 0 2 1 0 0 0 95 4 0 0 1060 2850 0 373 1 3.26 2.38 2.19 1 0 10 0 1 0 0 0 0 0 0 730 0 730 93440 0 93440 0 0 0
20230511 16:30:39.401 4 0 3 1 0 0 0 92 7 0 0 1520 4860 0 373 0 3.26 2.38 2.19 1 0 50 10 3 1 0 10 0 0 0 770 0 770 98560 0 98560 0 0 0
20230511 16:30:39.501 5 0 3 1 0 0 0 91 8 0 0 1460 4480 0 373 0 3.26 2.38 2.19 1 0 50 10 3 1 0 0 0 0 0 810 0 810 103680 0 103680 0 0 0
20230511 16:30:39.601 3 0 2 1 0 0 0 93 6 0 0 2250 3300 0 373 1 3.08 2.35 2.19 1 0 10 0 1 0 0 0 0 0 0 830 0 830 106240 0 106240 0 0 0
20230511 16:30:39.701 3 0 2 1 0 0 0 95 4 0 0 1150 3150 0 373 1 3.08 2.35 2.19 0 1 10 0 1 0 0 0 0 0 0 840 0 840 107520 0 107520 0 0 0
20230511 16:30:39.801 4 0 4 1 0 0 0 90 9 0 0 2090 3650 0 373 1 3.08 2.35 2.19 0 1 10 0 1 0 0 0 0 0 0 800 0 800 102400 0 102400 0 0 0
20230511 16:30:39.901 3 0 2 1 0 0 0 94 6 0 0 1390 3330 0 373 0 3.08 2.35 2.19 4 0 140 10 8 1 0 0 0 0 0 790 0 790 101120 0 101120 0 0 0
20230511 16:30:40.001 4 0 3 1 0 0 0 92 8 0 0 2620 3960 30 370 1 3.08 2.35 2.19 1 0 80 0 5 0 0 0 0 0 0 680 0 680 87040 0 87040 0 0 0
20230511 16:30:40.101 3 0 3 1 0 0 0 93 6 0 0 1290 3310 0 370 1 3.08 2.35 2.19 1 0 10 0 1 0 0 0 0 0 0 710 0 710 90120 0 90120 0 0 0
20230511 16:30:40.201 3 0 2 1 0 0 0 93 6 0 0 1360 2640 0 370 1 3.08 2.35 2.19 1 0 10 0 1 0 0 10 0 0 0 820 0 820 102480 0 102480 0 0 0
20230511 16:30:40.301 5 0 2 0 0 0 0 93 7 0 0 1270 2200 0 370 1 3.08 2.35 2.19 1 0 20 0 1 0 0 0 0 0 0 860 0 860 104160 0 104160 0 0 0
20230511 16:30:40.401 6 0 0 1 0 0 0 93 6 0 0 680 2910 0 370 1 3.08 2.35 2.19 1 0 10 0 1 0 0 20 0 0 0 70 0 70 6480 0 6480 0 0 0
20230511 16:30:40.501 5 0 3 1 0 0 0 92 8 0 0 1510 3520 0 370 1 3.08 2.35 2.19 1 0 210 0 12 0 0 0 0 0 0 710 0 710 88240 0 88240 0 0 0
20230511 16:30:40.601 6 0 1 1 0 0 0 93 6 0 0 2160 2460 0 370 1 3.08 2.35 2.19 1 0 120 0 7 0 0 0 0 0 0 750 0 750 93320 0 93320 0 0 0
20230511 16:30:40.701 4 0 2 0 0 1 0 94 6 0 0 1120 2290 0 370 1 3.08 2.35 2.19 1 0 30 10 2 1 0 10 0 0 0 680 0 680 84480 0 84480 0 0 0
20230511 16:30:40.801 5 0 4 1 0 0 0 91 9 0 0 1520 1670 0 370 1 3.08 2.35 2.19 1 0 0 0 0 0 0 0 0 0 0 240 0 240 24840 0 24840 0 0 0
20230511 16:30:40.901 1 0 7 3 0 0 0 89 8 0 0 1400 2950 0 370 2 3.08 2.35 2.19 2 1 10 0 1 0 0 0 0 0 0 0 770 770 0 558641 558641 0 470 470
20230511 16:30:41.001 1 0 8 4 0 0 0 88 8 0 0 1710 2900 0 370 1 3.08 2.35 2.19 1 1 10 0 1 0 0 0 0 0 0 0 540 540 0 461280 461280 0 120 120
20230511 16:30:41.101 1 0 6 6 0 0 0 87 7 0 0 1030 3280 0 370 1 3.08 2.35 2.19 1 1 130 0 8 0 0 0 0 0 0 0 220 220 0 125040 125040 0 40 40
20230511 16:30:41.201 1 0 6 6 0 0 0 87 7 0 0 800 2740 0 370 1 3.08 2.35 2.19 1 1 20 0 1 0 0 0 0 0 0 0 220 220 0 81920 81920 0 150 150
20230511 16:30:41.301 0 0 6 2 0 0 0 92 6 0 0 880 1870 0 370 1 3.08 2.35 2.19 2 0 10 0 1 0 0 0 0 0 0 0 380 380 0 119040 119040 0 10 10
20230511 16:30:41.401 1 0 2 5 0 0 0 92 2 0 0 740 590 0 370 0 3.08 2.35 2.19 0 2 30 0 2 0 0 0 0 0 0 0 300 300 0 81920 81920 0 0 0
20230511 16:30:41.501 1 0 3 7 0 0 0 89 4 0 0 1200 2940 0 370 1 3.08 2.35 2.19 1 1 50 0 3 0 0 30 0 0 0 0 640 640 0 147200 147200 0 140 140
20230511 16:30:41.601 0 0 2 6 0 0 0 92 2 0 0 1470 1210 0 370 0 3.08 2.35 2.19 0 2 0 0 0 0 0 0 0 0 0 0 500 500 0 96000 96000 0 150 150
20230511 16:30:41.701 1 0 6 4 0 0 0 89 7 0 0 3500 4350 0 370 1 3.08 2.35 2.19 1 1 10 0 1 0 0 10 0 0 0 0 3120 3120 0 723881 723881 0 560 560
20230511 16:30:41.801 0 0 9 5 0 0 0 86 9 0 0 5280 6100 0 370 1 3.08 2.35 2.19 1 2 10 0 1 0 0 0 0 0 0 0 3790 3790 0 531479 531479 0 160 160
20230511 16:30:41.901 1 0 2 7 0 1 0 89 4 0 0 1350 3730 0 370 0 3.08 2.35 2.19 1 2 110 0 6 0 0 0 0 0 0 0 790 790 0 89600 89600 0 30 30
20230511 16:30:42.001 1 0 10 2 0 0 0 88 11 0 0 3770 4520 0 370 2 3.08 2.35 2.19 2 0 230 0 13 0 0 10 0 0 0 0 2680 2680 0 843921 843921 0 20 20
20230511 16:30:42.101 0 0 12 0 0 0 0 88 12 0 0 2290 1650 0 370 2 3.08 2.35 2.19 2 0 20 0 1 0 0 0 0 0 0 0 1220 1220 0 1239678 1239678 0 10 10
20230511 16:30:42.201 1 0 8 2 0 0 0 89 9 0 0 2010 1110 0 370 0 3.08 2.35 2.19 0 1 10 20 1 4 0 10 0 0 0 0 950 950 0 961081 961081 0 10 10
20230511 16:30:42.301 0 0 0 12 0 0 0 88 0 0 0 510 620 0 370 0 3.08 2.35 2.19 0 2 80 20 6 2 0 0 0 0 0 0 120 120 0 122680 122680 0 0 0
20230511 16:30:42.401 1 0 0 12 0 0 0 87 1 0 0 350 1970 0 370 0 3.08 2.35 2.19 0 2 40 20 3 2 0 0 0 0 0 0 20 20 0 20480 20480 0 0 0
