Date Time [CPU]User% [CPU]Nice% [CPU]Sys% [CPU]Wait% [CPU]Irq% [CPU]Soft% [CPU]Steal% [CPU]Idle% [CPU]Totl% [CPU]Guest% [CPU]GuestN% [CPU]Intrpt/sec [CPU]Ctx/sec [CPU]Proc/sec [CPU]ProcQue [CPU]ProcRun [CPU]L-Avg1 [CPU]L-Avg5 [CPU]L-Avg15 [CPU]RunTot [CPU]BlkTot [NET]RxPktTot [NET]TxPktTot [NET]RxKBTot [NET]TxKBTot [NET]RxCmpTot [NET]RxMltTot [NET]TxCmpTot [NET]RxErrsTot [NET]TxErrsTot [DSK]ReadTot [DSK]WriteTot [DSK]OpsTot [DSK]ReadKBTot [DSK]WriteKBTot [DSK]KbTot [DSK]ReadMrgTot [DSK]WriteMrgTot [DSK]MrgTot
20230511 16:01:20.305 23 0 2 0 0 1 0 74 26 0 0 1596 2452 0 374 4 2.20 1.09 0.48 4 0 48 10 4 1 0 0 0 0 0 0 0 0 0 0 0 0 0 0
20230511 16:01:20.401 25 0 4 0 0 0 0 71 29 0 0 2490 2719 42 376 5 2.20 1.09 0.48 5 0 21 0 1 0 0 0 0 0 0 0 0 0 0 0 0 0 0 0
20230511 16:01:20.505 25 0 3 0 0 0 0 72 28 0 0 2962 1413 48 377 4 2.20 1.09 0.48 4 0 29 10 2 1 0 19 0 0 0 0 0 0 0 0 0 0 0 0
20230511 16:01:20.601 24 0 1 0 0 0 0 75 25 0 0 1927 1563 0 377 4 2.20 1.09 0.48 4 0 52 31 5 3 0 0 0 0 0 0 0 0 0 0 0 0 0 0
20230511 16:01:20.705 24 0 2 0 0 1 0 73 27 0 0 2558 1702 0 377 4 2.20 1.09 0.48 5 0 106 29 8 3 0 19 0 0 0 0 0 0 0 0 0 0 0 0
20230511 16:01:20.801 24 0 2 0 0 0 0 75 25 0 0 1990 1292 0 377 4 2.20 1.09 0.48 5 0 146 21 10 3 0 0 0 0 0 0 0 0 0 0 0 0 0 0
20230511 16:01:20.901 24 0 2 0 0 0 0 74 26 0 0 1780 1090 0 377 4 2.20 1.09 0.48 4 0 50 10 4 1 0 0 0 0 0 0 0 0 0 0 0 0 0 0
20230511 16:01:21.001 25 0 0 0 0 0 0 75 25 0 0 1520 540 0 377 4 2.20 1.09 0.48 4 0 20 0 1 0 0 0 0 0 0 0 0 0 0 0 0 0 0 0
20230511 16:01:21.101 24 0 1 0 0 1 0 74 26 0 0 1600 490 0 377 4 2.20 1.09 0.48 4 0 20 0 1 0 0 0 0 0 0 0 0 0 0 0 0 0 0 0
20230511 16:01:21.201 22 0 2 0 0 0 0 75 25 0 0 1620 340 0 377 4 2.20 1.09 0.48 4 0 110 0 6 0 0 0 0 0 0 0 0 0 0 0 0 0 0 0
20230511 16:01:21.301 22 0 3 0 0 0 0 74 26 0 0 1600 340 0 377 4 2.20 1.09 0.48 4 0 40 0 2 0 0 0 0 0 0 0 0 0 0 0 0 0 0 0
20230511 16:01:21.401 22 0 6 0 0 1 0 71 29 0 0 2340 1970 0 377 4 2.20 1.09 0.48 4 0 20 0 1 0 0 0 0 0 0 0 0 0 0 0 0 0 0 0
20230511 16:01:21.501 25 0 1 0 0 1 0 73 27 0 0 2850 1180 30 374 4 2.20 1.09 0.48 4 0 10 0 1 0 0 10 0 0 0 0 0 0 0 0 0 0 0 0
20230511 16:01:21.601 24 0 2 0 0 0 0 74 26 0 0 1970 2260 0 374 4 2.20 1.09 0.48 4 0 140 10 9 1 0 0 0 0 0 0 0 0 0 0 0 0 0 0
20230511 16:01:21.701 22 0 4 0 0 0 0 74 26 0 0 2270 900 0 374 4 2.20 1.09 0.48 4 0 30 0 2 0 0 10 0 0 0 0 0 0 0 0 0 0 0 0
20230511 16:01:21.801 21 0 4 0 0 0 0 75 25 0 0 1740 940 0 374 4 2.20 1.09 0.48 4 0 30 0 2 0 0 0 0 0 0 0 0 0 0 0 0 0 0 0
20230511 16:01:21.901 23 0 2 0 0 0 0 75 25 0 0 1510 350 0 374 4 2.20 1.09 0.48 4 0 30 0 2 0 0 0 0 0 0 0 0 0 0 0 0 0 0 0
20230511 16:01:22.001 25 0 1 0 0 0 0 75 25 0 0 1540 1830 0 374 4 2.20 1.09 0.48 4 0 70 0 4 0 0 10 0 0 0 0 0 0 0 0 0 0 0 0
20230511 16:01:22.101 24 0 3 0 0 1 0 73 27 0 0 1900 1010 10 374 4 2.20 1.09 0.48 4 0 110 20 6 3 0 0 0 0 0 0 0 0 0 0 0 0 0 0
20230511 16:01:22.201 26 0 0 0 0 0 0 74 26 0 0 1670 440 0 374 4 2.20 1.09 0.48 4 0 0 10 0 1 0 10 0 0 0 0 0 0 0 0 0 0 0 0
20230511 16:01:22.301 24 0 1 0 0 0 0 75 25 0 0 1770 890 0 374 5 2.20 1.09 0.48 5 0 70 10 6 1 0 0 0 0 0 0 0 0 0 0 0 0 0 0
20230511 16:01:22.401 26 0 4 0 0 0 0 71 29 0 0 2380 2180 0 374 4 2.20 1.09 0.48 4 0 0 20 0 2 0 0 0 0 0 0 0 0 0 0 0 0 0 0
20230511 16:01:22.501 26 0 0 0 0 0 0 74 26 0 0 1940 690 0 374 4 2.20 1.09 0.48 4 0 40 10 6 1 0 20 0 0 0 0 0 0 0 0 0 0 0 0
20230511 16:01:22.601 25 0 1 0 0 0 0 74 26 0 0 1570 660 0 374 4 2.20 1.09 0.48 4 0 70 40 48 8 0 0 0 0 0 0 0 0 0 0 0 0 0 0
20230511 16:01:22.701 26 0 0 0 0 1 0 73 27 0 0 2390 820 0 374 4 2.20 1.09 0.48 4 0 40 40 7 26 0 0 0 0 0 0 0 0 0 0 0 0 0 0
20230511 16:01:22.801 24 0 1 0 0 0 0 74 26 0 0 1840 880 0 374 4 2.20 1.09 0.48 4 0 50 0 3 0 0 0 0 0 0 0 0 0 0 0 0 0 0 0
20230511 16:01:22.901 25 0 1 0 0 0 0 75 25 0 0 1570 300 0 374 4 2.20 1.09 0.48 4 0 10 0 1 0 0 0 0 0 0 0 0 0 0 0 0 0 0 0
20230511 16:01:23.001 25 0 1 0 0 0 0 74 26 0 0 1530 640 0 374 4 2.20 1.09 0.48 4 0 10 0 1 0 0 0 0 0 0 0 0 0 0 0 0 0 0 0
20230511 16:01:23.101 24 0 1 0 0 1 0 75 25 0 0 1550 470 0 374 4 2.20 1.09 0.48 4 0 20 0 1 0 0 0 0 0 0 0 0 0 0 0 0 0 0 0
20230511 16:01:23.201 25 0 1 0 0 0 0 75 25 0 0 1400 220 0 374 4 2.34 1.14 0.50 4 0 30 0 2 0 0 0 0 0 0 0 0 0 0 0 0 0 0 0
20230511 16:01:23.301 24 0 1 0 0 0 0 75 25 0 0 1540 500 0 374 4 2.34 1.14 0.50 4 0 20 0 1 0 0 10 0 0 0 0 0 0 0 0 0 0 0 0
20230511 16:01:23.401 25 0 3 0 0 0 0 72 28 0 0 2320 2820 0 374 4 2.34 1.14 0.50 4 0 30 0 2 0 0 0 0 0 0 0 20 20 0 1000 1000 0 230 230
20230511 16:01:23.501 25 0 0 0 0 2 0 73 27 0 0 2320 860 0 374 4 2.34 1.14 0.50 4 0 70 50 5 4 0 10 0 0 0 0 0 0 0 0 0 0 0 0
20230511 16:01:23.601 25 0 1 0 0 0 0 74 26 0 0 1490 540 0 374 4 2.34 1.14 0.50 4 0 30 0 2 0 0 0 0 0 0 0 0 0 0 0 0 0 0 0
20230511 16:01:23.701 25 0 0 0 0 0 0 75 25 0 0 2350 640 0 374 4 2.34 1.14 0.50 4 0 90 0 5 0 0 0 0 0 0 0 0 0 0 0 0 0 0 0
20230511 16:01:23.801 24 0 2 0 0 0 0 74 26 0 0 1750 1140 0 374 4 2.34 1.14 0.50 4 0 10 0 1 0 0 0 0 0 0 0 0 0 0 0 0 0 0 0
20230511 16:01:23.901 24 0 1 0 0 0 0 75 25 0 0 1580 490 0 374 4 2.34 1.14 0.50 4 0 40 0 2 0 0 0 0 0 0 0 0 0 0 0 0 0 0 0
20230511 16:01:24.001 25 0 0 0 0 0 0 75 25 0 0 1540 1920 0 374 4 2.34 1.14 0.50 4 0 40 0 2 0 0 0 0 0 0 0 0 0 0 0 0 0 0 0
20230511 16:01:24.101 25 0 1 0 0 0 0 74 26 0 0 1650 1520 0 374 4 2.34 1.14 0.50 4 0 120 10 8 1 0 0 0 0 0 0 0 0 0 0 0 0 0 0
20230511 16:01:24.201 23 0 2 0 0 1 0 75 25 0 0 1460 260 0 374 4 2.34 1.14 0.50 4 0 10 0 1 0 0 0 0 0 0 0 0 0 0 0 0 0 0 0
20230511 16:01:24.301 26 0 0 0 0 0 0 74 26 0 0 1710 720 0 374 4 2.34 1.14 0.50 4 0 90 10 5 1 0 0 0 0 0 0 0 0 0 0 0 0 0 0
20230511 16:01:24.401 23 0 5 0 0 0 0 72 28 0 0 2370 2850 0 374 4 2.34 1.14 0.50 4 0 0 0 0 0 0 0 0 0 0 0 0 0 0 0 0 0 0 0
20230511 16:01:24.501 25 0 0 0 0 1 0 74 26 0 0 1770 500 0 374 4 2.34 1.14 0.50 4 0 40 0 2 0 0 20 0 0 0 0 0 0 0 0 0 0 0 0
20230511 16:01:24.601 24 0 2 1 0 0 0 74 25 0 0 1560 760 0 374 4 2.34 1.14 0.50 4 0 30 0 2 0 0 0 0 0 0 0 60 60 0 1960 1960 0 430 430
20230511 16:01:24.701 25 0 1 0 0 0 0 74 26 0 0 2360 850 0 374 4 2.34 1.14 0.50 4 0 0 0 0 0 0 0 0 0 0 0 0 0 0 0 0 0 0 0
20230511 16:01:24.801 24 0 2 0 0 1 0 73 27 0 0 1800 1070 0 374 4 2.34 1.14 0.50 4 0 40 10 2 1 0 0 0 0 0 0 0 0 0 0 0 0 0 0
20230511 16:01:24.901 24 0 1 0 0 0 0 75 25 0 0 1640 440 0 374 4 2.34 1.14 0.50 4 0 20 0 1 0 0 0 0 0 0 0 0 0 0 0 0 0 0 0
20230511 16:01:25.001 22 0 3 0 0 0 0 74 26 0 0 1560 580 0 374 4 2.34 1.14 0.50 4 0 10 0 1 0 0 10 0 0 0 0 0 0 0 0 0 0 0 0
20230511 16:01:25.101 22 0 3 0 0 0 0 74 26 0 0 1510 240 0 374 4 2.34 1.14 0.50 4 0 10 0 1 0 0 0 0 0 0 0 0 0 0 0 0 0 0 0
20230511 16:01:25.201 21 0 4 0 0 0 0 75 25 0 0 1470 300 0 374 4 2.34 1.14 0.50 4 0 40 0 2 0 0 0 0 0 0 0 0 0 0 0 0 0 0 0
20230511 16:01:25.301 23 0 2 0 0 0 0 75 25 0 0 1660 570 0 374 4 2.34 1.14 0.50 4 0 40 0 2 0 0 20 0 0 0 0 0 0 0 0 0 0 0 0
20230511 16:01:25.401 24 0 6 0 0 1 0 70 30 0 0 2380 3380 40 376 5 2.34 1.14 0.50 5 0 40 0 2 0 0 0 0 0 0 0 0 0 0 0 0 0 0 0
20230511 16:01:25.501 25 0 2 0 0 2 0 71 29 0 0 2890 1390 50 377 4 2.34 1.14 0.50 4 0 20 10 1 1 0 30 0 0 0 0 0 0 0 0 0 0 0 0
20230511 16:01:25.601 26 0 0 0 0 0 0 74 26 0 0 1620 1180 0 377 4 2.34 1.14 0.50 4 0 40 40 4 4 0 0 0 0 0 0 0 0 0 0 0 0 0 0
20230511 16:01:25.701 25 0 1 0 0 0 0 75 25 0 0 2620 1060 0 377 4 2.34 1.14 0.50 4 0 30 0 5 0 0 0 0 0 0 0 0 0 0 0 0 0 0 0
20230511 16:01:25.801 25 0 1 0 0 0 0 74 26 0 0 1760 880 0 377 4 2.34 1.14 0.50 4 0 10 0 1 0 0 30 0 0 0 0 0 0 0 0 0 0 0 0
20230511 16:01:25.901 24 0 1 0 0 0 0 75 25 0 0 1610 280 0 377 4 2.34 1.14 0.50 4 0 20 0 1 0 0 0 0 0 0 0 0 0 0 0 0 0 0 0
20230511 16:01:26.001 24 0 2 0 0 1 0 74 26 0 0 1870 2590 0 377 4 2.34 1.14 0.50 4 0 270 0 16 0 0 0 0 0 0 0 0 0 0 0 0 0 0 0
20230511 16:01:26.101 24 0 1 0 0 0 0 75 25 0 0 1520 500 0 377 4 2.34 1.14 0.50 4 0 10 0 1 0 0 0 0 0 0 0 0 0 0 0 0 0 0 0
20230511 16:01:26.201 24 0 2 0 0 0 0 74 26 0 0 1480 300 0 377 4 2.34 1.14 0.50 4 0 10 0 1 0 0 0 0 0 0 0 0 0 0 0 0 0 0 0
20230511 16:01:26.301 22 0 2 0 0 0 0 75 25 0 0 1600 440 0 377 4 2.34 1.14 0.50 4 0 30 0 2 0 0 20 0 0 0 0 0 0 0 0 0 0 0 0
20230511 16:01:26.401 24 0 4 0 0 1 0 71 29 0 0 2370 2860 0 377 4 2.34 1.14 0.50 4 0 0 0 0 0 0 0 0 0 0 0 0 0 0 0 0 0 0 0
20230511 16:01:26.501 22 0 3 0 0 4 0 72 28 0 0 3160 920 30 374 4 2.34 1.14 0.50 4 0 110 0 6 0 0 20 0 0 0 0 0 0 0 0 0 0 0 0
20230511 16:01:26.601 23 0 2 0 0 2 0 73 27 0 0 1850 2070 0 374 4 2.34 1.14 0.50 4 0 20 0 1 0 0 0 0 0 0 0 0 0 0 0 0 0 0 0
20230511 16:01:26.701 23 0 3 0 0 0 0 74 26 0 0 2520 960 0 374 4 2.34 1.14 0.50 4 0 20 0 1 0 0 0 0 0 0 0 0 0 0 0 0 0 0 0
20230511 16:01:26.801 23 0 2 0 0 1 0 74 26 0 0 1850 980 0 374 4 2.34 1.14 0.50 4 0 110 0 6 0 0 10 0 0 0 0 0 0 0 0 0 0 0 0
20230511 16:01:26.901 23 0 2 0 0 0 0 74 26 0 0 1620 540 0 374 4 2.34 1.14 0.50 4 0 30 0 2 0 0 0 0 0 0 0 0 0 0 0 0 0 0 0
20230511 16:01:27.001 25 0 1 0 0 0 0 75 25 0 0 1510 650 0 374 4 2.34 1.14 0.50 4 0 10 0 1 0 0 0 0 0 0 0 0 0 0 0 0 0 0 0
20230511 16:01:27.101 24 0 1 0 0 0 0 75 25 0 0 1520 400 0 374 4 2.34 1.14 0.50 4 0 10 0 1 0 0 0 0 0 0 0 0 0 0 0 0 0 0 0
20230511 16:01:27.201 22 0 6 0 0 0 0 72 28 0 0 1750 540 0 374 4 2.34 1.14 0.50 4 0 100 60 9 9 0 0 0 0 0 0 0 0 0 0 0 0 0 0
20230511 16:01:27.301 22 0 3 0 0 0 0 75 25 0 0 1780 480 0 374 4 2.34 1.14 0.50 4 0 170 50 46 32 0 10 0 0 0 0 0 0 0 0 0 0 0 0
20230511 16:01:27.401 13 0 16 0 0 0 0 71 29 0 0 2310 2560 0 374 5 2.34 1.14 0.50 3 0 20 0 1 0 0 0 0 0 0 0 160 160 0 13400 13400 0 40 40
20230511 16:01:27.501 14 0 10 4 0 2 0 70 26 0 0 3840 7630 0 374 5 2.34 1.14 0.50 4 1 40 0 2 0 0 10 0 0 0 0 1190 1190 0 947201 947201 0 90 90
20230511 16:01:27.601 21 0 7 3 0 0 0 70 28 0 0 4350 4350 0 374 5 2.34 1.14 0.50 4 1 0 0 0 0 0 0 0 0 0 0 2500 2500 0 1216758 1216758 0 870 870
20230511 16:01:27.701 24 0 4 4 0 0 0 68 28 0 0 8730 2760 0 374 4 2.34 1.14 0.50 5 0 50 30 11 2 0 0 0 0 0 0 6350 6350 0 1019321 1019321 0 40 40
20230511 16:01:27.801 24 0 6 1 0 1 0 68 31 0 0 9070 4890 0 374 4 2.34 1.14 0.50 4 1 0 0 0 0 0 10 0 0 0 0 7120 7120 0 1251838 1251838 0 50 50
20230511 16:01:27.901 23 0 5 2 0 3 0 67 31 0 0 6860 2130 0 374 4 2.34 1.14 0.50 4 1 30 0 2 0 0 0 0 0 0 0 4920 4920 0 1172281 1172281 0 70 70
20230511 16:01:28.001 21 0 3 7 0 0 0 69 25 0 0 4400 2770 0 374 4 2.34 1.14 0.50 3 2 210 0 12 0 0 10 0 0 0 170 2660 2830 10480 893201 903681 0 90 90
20230511 16:01:28.101 15 0 4 10 0 2 0 69 22 0 0 3320 3310 0 374 2 2.34 1.14 0.50 4 1 0 0 0 0 0 0 0 0 0 650 1320 1970 66680 1045759 1112438 0 80 80
20230511 16:01:28.201 13 0 6 10 0 1 0 70 20 0 0 2380 4230 0 374 4 2.55 1.21 0.52 5 0 30 0 2 0 0 0 0 0 0 400 700 1100 51200 579841 631041 0 50 50
20230511 16:01:28.301 12 0 2 14 0 2 0 69 17 0 0 1400 1860 0 374 2 2.55 1.21 0.52 2 3 20 0 1 0 0 10 0 0 0 60 160 220 7680 98360 106040 0 10 10
20230511 16:01:28.401 12 0 5 15 0 0 0 68 17 0 0 2380 5350 0 374 2 2.55 1.21 0.52 2 4 10 0 1 0 0 0 0 0 0 160 170 330 20480 115400 135880 0 420 420
20230511 16:01:28.501 12 0 1 25 0 1 0 61 14 0 0 1360 440 0 374 4 2.55 1.21 0.52 2 4 20 0 1 0 0 30 0 0 0 0 20 20 0 16640 16640 0 0 0
20230511 16:01:28.601 11 0 2 25 0 0 0 62 13 0 0 1120 1140 0 374 2 2.55 1.21 0.52 2 4 10 0 1 0 0 0 0 0 0 20 10 30 2560 8960 11520 0 0 0
20230511 16:01:28.701 12 0 1 24 0 2 0 61 15 0 0 2040 700 0 374 2 2.55 1.21 0.52 2 4 130 0 8 0 0 0 0 0 0 0 0 0 0 0 0 0 0 0
20230511 16:01:28.801 13 0 4 1 0 1 0 81 18 0 0 1990 3060 0 374 4 2.55 1.21 0.52 2 3 30 0 2 0 0 0 0 0 0 340 190 530 43520 105000 148520 0 0 0
20230511 16:01:28.901 15 0 4 11 0 2 0 68 21 0 0 2530 4160 0 374 4 2.55 1.21 0.52 3 2 20 0 1 0 0 0 0 0 0 640 180 820 81920 92360 174280 0 10 10
20230511 16:01:29.001 17 0 4 10 0 0 0 69 21 0 0 2530 4990 0 374 4 2.55 1.21 0.52 2 3 0 0 0 0 0 0 0 0 0 620 460 1080 80640 196600 277240 0 30 30
20230511 16:01:29.101 15 0 6 9 0 2 0 67 24 0 0 3120 7770 0 374 3 2.55 1.21 0.52 4 1 10 0 1 0 0 20 0 0 0 530 950 1480 66560 293640 360199 0 30 30
20230511 16:01:29.201 16 0 6 8 0 1 0 70 22 0 0 2290 4390 0 374 3 2.55 1.21 0.52 5 0 40 0 2 0 0 0 0 0 0 450 480 930 57600 293120 350720 0 30 30
20230511 16:01:29.301 14 0 7 9 0 1 0 69 23 0 0 2480 4790 0 374 3 2.55 1.21 0.52 4 1 20 0 1 0 0 0 0 0 0 360 570 930 46080 426239 472319 0 50 50
20230511 16:01:29.401 18 0 9 8 0 0 0 66 27 0 0 3950 7670 0 374 2 2.55 1.21 0.52 2 3 30 0 2 0 0 0 0 0 0 650 890 1540 83200 673281 756481 0 70 70
20230511 16:01:29.501 16 0 2 10 0 3 0 69 22 0 0 3260 3490 0 374 3 2.55 1.21 0.52 4 1 50 0 3 0 0 0 0 0 0 660 1170 1830 84480 935521 1020001 0 100 100
20230511 16:01:29.601 16 0 2 13 0 0 0 69 18 0 0 3070 3720 0 374 2 2.55 1.21 0.52 2 3 0 0 0 0 0 10 0 0 0 370 1360 1730 47360 372479 419839 0 150 150
20230511 16:01:29.701 14 0 4 8 0 1 0 72 19 0 0 2770 2880 0 374 3 2.55 1.21 0.52 3 1 30 0 2 0 0 0 0 0 0 570 10 580 72960 40 73000 0 0 0
20230511 16:01:29.801 19 0 2 5 0 0 0 74 21 0 0 2300 3670 0 374 4 2.55 1.21 0.52 2 2 0 10 0 1 0 0 0 0 0 680 0 680 87040 0 87040 0 0 0
20230511 16:01:29.901 17 0 4 3 0 2 0 74 23 0 0 2610 4130 0 374 4 2.55 1.21 0.52 3 0 40 0 2 0 0 0 0 0 0 930 0 930 119040 0 119040 0 0 0
20230511 16:01:30.001 14 0 10 1 0 0 0 76 24 0 0 2470 6440 0 374 4 2.55 1.21 0.52 3 1 130 0 8 0 0 0 0 0 0 920 0 920 117760 0 117760 0 0 0
20230511 16:01:30.101 18 0 6 2 0 0 0 75 23 0 0 2840 5710 0 374 4 2.55 1.21 0.52 3 0 0 0 0 0 0 10 0 0 0 1240 0 1240 158640 0 158640 0 0 0
20230511 16:01:30.201 13 0 11 1 0 0 0 76 23 0 0 2330 4880 0 374 3 2.55 1.21 0.52 4 0 20 0 1 0 0 0 0 0 0 840 0 840 105760 0 105760 0 0 0
20230511 16:01:30.301 18 0 6 1 0 0 0 75 24 0 0 2470 3980 0 374 4 2.55 1.21 0.52 4 0 50 0 3 0 0 10 0 0 0 770 0 770 96720 0 96720 0 0 0
20230511 16:01:30.401 21 0 7 1 0 0 0 72 28 0 0 2800 5230 0 374 4 2.55 1.21 0.52 4 0 10 0 1 0 0 0 0 0 0 490 0 490 61520 0 61520 0 0 0
20230511 16:01:30.501 22 0 2 0 0 0 0 75 25 0 0 1760 630 0 374 4 2.55 1.21 0.52 4 0 20 10 1 1 0 0 0 0 0 10 0 10 40 0 40 0 0 0
20230511 16:01:30.601 25 0 1 0 0 0 0 74 26 0 0 1630 1300 0 374 4 2.55 1.21 0.52 4 0 50 10 4 1 0 30 0 0 0 0 0 0 0 0 0 0 0 0
20230511 16:01:30.701 23 0 4 0 0 0 0 74 26 0 0 2350 1550 0 374 4 2.55 1.21 0.52 4 0 40 0 2 0 0 0 0 0 0 0 0 0 0 0 0 0 0 0
20230511 16:01:30.801 24 0 1 0 0 0 0 75 25 0 0 1780 1200 0 374 4 2.55 1.21 0.52 4 0 30 0 2 0 0 10 0 0 0 0 0 0 0 0 0 0 0 0
20230511 16:01:30.901 24 0 1 0 0 0 0 75 25 0 0 1770 810 0 374 4 2.55 1.21 0.52 4 0 30 0 2 0 0 0 0 0 0 10 0 10 40 0 40 0 0 0
20230511 16:01:31.001 24 0 2 0 0 0 0 74 26 0 0 1380 420 0 374 4 2.55 1.21 0.52 4 0 0 0 0 0 0 0 0 0 0 0 0 0 0 0 0 0 0 0
20230511 16:01:31.101 24 0 1 0 0 0 0 75 25 0 0 1740 960 0 374 4 2.55 1.21 0.52 4 0 10 0 1 0 0 10 0 0 0 0 0 0 0 0 0 0 0 0
20230511 16:01:31.201 24 0 2 0 0 0 0 74 26 0 0 1470 530 0 374 4 2.55 1.21 0.52 4 0 0 0 0 0 0 0 0 0 0 0 0 0 0 0 0 0 0 0
20230511 16:01:31.301 22 0 4 0 0 0 0 75 25 0 0 1540 880 0 374 4 2.55 1.21 0.52 4 0 50 0 3 0 0 30 0 0 0 0 0 0 0 0 0 0 0 0
20230511 16:01:31.401 24 0 4 0 0 1 0 72 28 0 0 2370 2180 0 374 4 2.55 1.21 0.52 4 0 40 0 2 0 0 0 0 0 0 0 0 0 0 0 0 0 0 0
20230511 16:01:31.501 24 0 1 0 0 0 0 75 25 0 0 1950 550 0 374 4 2.55 1.21 0.52 4 0 10 0 1 0 0 0 0 0 0 0 0 0 0 0 0 0 0 0
20230511 16:01:31.601 24 0 2 0 0 0 0 74 26 0 0 1550 2230 0 374 4 2.55 1.21 0.52 4 0 20 0 1 0 0 10 0 0 0 0 0 0 0 0 0 0 0 0
20230511 16:01:31.701 23 0 2 0 0 2 0 73 27 0 0 2390 1350 0 374 4 2.55 1.21 0.52 4 0 0 0 0 0 0 0 0 0 0 0 0 0 0 0 0 0 0 0
20230511 16:01:31.801 23 0 2 0 0 1 0 74 26 0 0 1690 920 0 374 4 2.55 1.21 0.52 4 0 0 0 0 0 0 10 0 0 0 0 0 0 0 0 0 0 0 0
20230511 16:01:31.901 23 0 2 0 0 1 0 74 26 0 0 1590 600 0 374 4 2.55 1.21 0.52 4 0 80 0 5 0 0 0 0 0 0 0 0 0 0 0 0 0 0 0
20230511 16:01:32.001 24 0 1 0 0 0 0 75 25 0 0 1540 1750 0 374 4 2.55 1.21 0.52 4 0 30 0 2 0 0 0 0 0 0 0 0 0 0 0 0 0 0 0
20230511 16:01:32.101 22 0 2 0 0 2 0 73 27 0 0 1740 860 0 374 4 2.55 1.21 0.52 4 0 130 0 8 0 0 0 0 0 0 0 0 0 0 0 0 0 0 0
20230511 16:01:32.201 21 0 4 0 0 0 0 74 26 0 0 1380 580 0 374 4 2.55 1.21 0.52 4 0 10 0 1 0 0 0 0 0 0 0 0 0 0 0 0 0 0 0
20230511 16:01:32.301 23 0 2 0 0 2 0 74 26 0 0 1680 810 0 374 4 2.55 1.21 0.52 4 0 90 0 5 0 0 0 0 0 0 0 0 0 0 0 0 0 0 0
20230511 16:01:32.401 23 0 5 0 0 0 0 72 28 0 0 2460 2080 0 374 4 2.55 1.21 0.52 4 0 10 0 1 0 0 0 0 0 0 10 0 10 40 0 40 0 0 0
20230511 16:01:32.501 24 0 1 0 0 2 0 73 27 0 0 1920 820 0 374 4 2.55 1.21 0.52 4 0 30 10 2 1 0 0 0 0 0 0 0 0 0 0 0 0 0 0
20230511 16:01:32.601 24 0 5 0 0 0 0 71 29 0 0 2860 2890 30 374 4 2.55 1.21 0.52 5 0 110 50 10 7 0 20 0 0 0 0 300 300 0 47640 47640 0 10 10
20230511 16:01:32.701 22 0 5 4 0 2 0 66 30 0 0 4730 4560 0 374 5 2.55 1.21 0.52 4 1 140 70 14 8 0 0 0 0 0 0 1880 1880 0 832801 832801 0 50 50
20230511 16:01:32.801 24 0 2 6 0 1 0 68 27 0 0 2530 1960 0 374 6 2.55 1.21 0.52 4 1 70 30 6 3 0 10 0 0 0 0 390 390 0 188160 188160 0 20 20
20230511 16:01:32.901 24 0 2 4 0 1 0 69 27 0 0 2210 1840 0 374 4 2.55 1.21 0.52 4 1 130 40 9 5 0 0 0 0 0 0 230 230 0 115200 115200 0 10 10
20230511 16:01:33.001 23 0 3 6 0 1 0 67 27 0 0 1850 1220 0 374 4 2.55 1.21 0.52 4 1 70 30 6 3 0 0 0 0 0 0 170 170 0 87040 87040 0 30 30
20230511 16:01:33.101 25 0 2 6 0 1 0 65 29 0 0 2900 2810 0 374 4 2.55 1.21 0.52 4 1 30 100 3 148 0 0 0 0 0 0 170 170 0 83200 83200 0 0 0
20230511 16:01:33.201 23 0 2 2 0 0 0 72 26 0 0 1730 590 0 374 4 2.75 1.27 0.55 4 1 30 130 2 182 0 0 0 0 0 0 160 160 0 117760 117760 0 50 50
20230511 16:01:33.301 22 0 2 6 0 2 0 68 27 0 0 1660 780 0 374 4 2.75 1.27 0.55 4 1 20 0 1 0 0 0 0 0 0 0 100 100 0 83200 83200 0 0 0
20230511 16:01:33.401 24 0 5 8 0 0 0 63 29 0 0 2670 4040 230 376 5 2.75 1.27 0.55 5 2 30 0 2 0 0 0 0 0 0 0 270 270 0 167680 167680 0 0 0
20230511 16:01:33.501 24 0 2 11 0 3 0 60 29 0 0 3560 1750 70 374 4 2.75 1.27 0.55 4 2 10 0 1 0 0 0 0 0 0 0 640 640 0 328240 328240 0 370 370
20230511 16:01:33.601 25 0 1 7 0 0 0 66 26 0 0 2330 1140 0 374 4 2.75 1.27 0.55 4 1 10 0 1 0 0 10 0 0 0 0 640 640 0 229520 229520 0 50 50
20230511 16:01:33.701 23 0 4 7 0 2 0 64 30 0 0 4110 2790 300 374 3 2.75 1.27 0.55 3 2 20 0 1 0 0 0 0 0 0 0 710 710 0 347720 347720 0 30 30
20230511 16:01:33.801 19 0 2 10 0 1 0 67 22 0 0 3540 2680 0 374 5 2.75 1.27 0.55 2 3 10 0 1 0 0 0 0 0 0 500 1030 1530 34000 497919 531919 0 40 40
20230511 16:01:33.901 16 0 5 11 0 1 0 68 21 0 0 4960 5710 0 374 3 2.75 1.27 0.55 3 2 10 0 1 0 0 0 0 0 0 640 2820 3460 81920 861841 943761 0 60 60
20230511 16:01:34.001 14 0 9 8 0 1 0 69 24 0 0 6470 8420 0 374 4 2.75 1.27 0.55 5 0 80 0 5 0 0 0 0 0 0 580 4400 4980 74240 1054121 1128361 0 110 110
20230511 16:01:34.101 12 0 6 13 0 2 0 67 20 0 0 3450 4850 0 374 3 2.75 1.27 0.55 4 3 160 0 9 0 0 10 0 0 0 280 1500 1780 35840 799519 835359 0 60 60
20230511 16:01:34.201 14 0 1 16 0 1 0 68 17 0 0 2310 3590 0 374 2 2.75 1.27 0.55 2 3 10 0 1 0 0 0 0 0 0 680 420 1100 87040 135400 222440 0 20 20
20230511 16:01:34.301 11 0 8 10 0 2 0 68 22 0 0 2740 6210 0 374 2 2.75 1.27 0.55 3 2 120 0 7 0 0 0 0 0 0 740 420 1160 94720 81920 176640 0 10 10
20230511 16:01:34.401 17 0 7 7 0 1 0 67 26 0 0 3700 7920 0 374 2 2.75 1.27 0.55 2 3 10 10 1 1 0 0 0 0 0 600 660 1260 76800 120240 197040 0 20 20
20230511 16:01:34.501 15 0 1 14 0 2 0 67 19 0 0 2530 3720 0 374 3 2.75 1.27 0.55 3 2 10 0 1 0 0 0 0 0 0 610 250 860 78080 76800 154880 0 0 0
20230511 16:01:34.601 16 0 2 16 0 1 0 66 19 0 0 2320 3860 0 374 2 2.75 1.27 0.55 2 4 30 20 2 1 0 10 0 0 0 530 290 820 67840 57280 125120 0 140 140
20230511 16:01:34.701 13 0 0 25 0 0 0 62 13 0 0 2220 740 0 374 2 2.75 1.27 0.55 2 4 140 0 8 0 0 0 0 0 0 20 0 20 2560 0 2560 0 0 0
20230511 16:01:34.801 12 0 2 24 0 1 0 61 14 0 0 1220 680 0 374 2 2.75 1.27 0.55 2 4 30 10 2 1 0 0 0 0 0 0 0 0 0 0 0 0 0 0
20230511 16:01:34.901 13 0 4 15 0 1 0 68 18 0 0 2930 8010 0 374 3 2.75 1.27 0.55 2 1 110 0 6 0 0 10 0 0 0 380 1110 1490 48640 192040 240680 0 0 0
20230511 16:01:35.001 13 0 7 9 0 0 0 70 20 0 0 3470 9440 0 374 4 2.75 1.27 0.55 4 1 40 10 2 1 0 0 0 0 0 680 1270 1950 87040 261080 348120 0 10 10
20230511 16:01:35.101 16 0 4 11 0 1 0 69 20 0 0 3200 5230 0 374 2 2.75 1.27 0.55 2 3 0 0 0 0 0 0 0 0 0 790 1030 1820 101120 312520 413639 0 10 10
20230511 16:01:35.201 17 0 4 11 0 0 0 68 20 0 0 2420 3980 0 374 3 2.75 1.27 0.55 3 2 30 0 2 0 0 0 0 0 0 620 420 1040 79360 289280 368640 0 20 20
20230511 16:01:35.301 14 0 8 8 0 2 0 69 23 0 0 4960 9910 0 374 4 2.75 1.27 0.55 4 1 20 0 1 0 0 0 0 0 0 760 2760 3520 97280 784279 881559 0 50 50
20230511 16:01:35.401 13 0 6 14 0 1 0 66 20 0 0 3780 5170 0 374 2 2.75 1.27 0.55 2 3 40 0 2 0 0 10 0 0 0 350 1080 1430 44800 217760 262560 0 40 40
20230511 16:01:35.501 17 0 2 12 0 0 0 68 19 0 0 2860 4090 0 374 2 2.75 1.27 0.55 2 3 10 10 1 1 0 0 0 0 0 840 610 1450 107520 109920 217440 0 0 0
20230511 16:01:35.601 14 0 4 12 0 1 0 69 19 0 0 2280 3590 0 374 3 2.75 1.27 0.55 3 2 30 0 2 0 0 40 0 0 0 320 360 680 40680 92440 133120 0 10 10
20230511 16:01:35.701 20 0 2 10 0 0 0 68 22 0 0 2560 1940 0 374 3 2.75 1.27 0.55 3 2 20 0 1 0 0 0 0 0 0 160 290 450 20480 80640 101120 0 0 0
20230511 16:01:35.801 22 0 2 6 0 1 0 70 25 0 0 2140 2560 0 374 4 2.75 1.27 0.55 4 1 10 0 1 0 0 0 0 0 0 180 360 540 22360 119040 141400 0 20 20
20230511 16:01:35.901 23 0 2 6 0 2 0 67 27 0 0 2080 1600 0 374 4 2.75 1.27 0.55 4 1 10 0 1 0 0 0 0 0 0 0 270 270 0 81840 81840 0 10 10
20230511 16:01:36.001 24 0 2 3 0 0 0 71 26 0 0 1860 3210 0 374 4 2.75 1.27 0.55 4 1 50 0 3 0 0 0 0 0 0 0 380 380 0 124160 124160 0 10 10
20230511 16:01:36.101 23 0 4 2 0 2 0 69 30 0 0 5340 2730 0 374 4 2.75 1.27 0.55 4 1 30 0 2 0 0 10 0 0 0 0 3700 3700 0 810959 810959 0 40 40
20230511 16:01:36.201 22 0 6 2 0 0 0 69 29 0 0 5780 3000 0 374 4 2.75 1.27 0.55 4 1 30 0 2 0 0 0 0 0 0 0 4300 4300 0 906601 906601 0 40 40
20230511 16:01:36.301 20 0 4 8 0 2 0 67 25 0 0 2670 1660 0 374 3 2.75 1.27 0.55 3 2 50 0 3 0 0 0 0 0 0 0 1070 1070 0 221000 221000 0 0 0
20230511 16:01:36.401 18 0 3 8 0 0 0 70 22 0 0 2700 3590 0 374 3 2.75 1.27 0.55 3 2 0 0 0 0 0 10 0 0 0 130 240 370 2880 51200 54080 0 0 0
20230511 16:01:36.501 19 0 1 10 0 2 0 69 21 0 0 2120 1290 0 374 3 2.75 1.27 0.55 3 2 10 0 1 0 0 0 0 0 0 50 460 510 6400 90880 97280 0 0 0
20230511 16:01:36.601 16 0 2 8 0 1 0 73 19 0 0 2560 4110 0 374 1 2.75 1.27 0.55 1 4 20 0 1 0 0 10 0 0 0 700 420 1120 56200 107760 163960 0 20 20
20230511 16:01:36.701 11 0 4 15 0 1 0 69 16 0 0 3810 5700 0 374 3 2.75 1.27 0.55 2 3 120 0 7 0 0 0 0 0 0 1250 310 1560 144960 81640 226600 0 0 0
20230511 16:01:36.801 2 0 1 24 0 0 0 73 3 0 0 1400 2730 0 374 0 2.75 1.27 0.55 0 5 30 0 2 0 0 0 0 0 0 380 280 660 48640 81280 129920 0 0 0
20230511 16:01:36.901 1 0 2 26 0 1 0 71 4 0 0 1500 2210 0 374 0 2.75 1.27 0.55 0 5 100 0 6 0 0 10 0 0 0 340 490 830 43520 120680 164200 0 10 10
20230511 16:01:37.001 6 0 5 18 0 0 0 71 11 0 0 4370 7890 0 374 5 2.75 1.27 0.55 3 2 20 0 1 0 0 0 0 0 0 720 2480 3200 92160 531721 623881 0 20 20
20230511 16:01:37.101 6 0 7 14 0 0 0 73 13 0 0 5170 7910 0 374 0 2.75 1.27 0.55 3 2 10 0 1 0 0 0 0 0 0 970 2590 3560 124160 694359 818519 0 40 40
20230511 16:01:37.201 9 0 9 9 0 0 0 73 18 0 0 4900 7290 0 374 4 2.75 1.27 0.55 4 0 0 0 0 0 0 0 0 0 0 1180 1830 3010 151040 384160 535201 0 30 30
20230511 16:01:37.301 12 0 11 1 0 0 0 75 24 0 0 3270 6390 0 374 3 2.75 1.27 0.55 3 1 20 0 1 0 0 0 0 0 0 1280 0 1280 163840 0 163840 0 0 0
20230511 16:01:37.401 14 0 11 2 0 1 0 72 26 0 0 4090 10120 0 374 2 2.75 1.27 0.55 3 1 40 0 2 0 0 0 0 0 0 1630 0 1630 208640 0 208640 0 0 0
20230511 16:01:37.501 14 0 9 3 0 0 0 75 22 0 0 4360 10610 0 374 4 2.75 1.27 0.55 4 0 10 0 1 0 0 0 0 0 0 2420 0 2420 309760 0 309760 0 0 0
20230511 16:01:37.601 10 0 15 2 0 0 0 73 25 0 0 4320 10190 20 376 5 2.75 1.27 0.55 6 0 10 0 1 0 0 10 0 0 0 1810 0 1810 231680 0 231680 0 0 0
20230511 16:01:37.701 16 0 10 4 0 0 0 70 26 0 0 5860 11660 10 374 2 2.75 1.27 0.55 1 3 100 80 11 9 0 0 0 0 0 2400 0 2400 307200 0 307200 0 0 0
20230511 16:01:37.801 11 0 10 3 0 0 0 75 22 0 0 3940 9430 0 374 2 2.75 1.27 0.55 4 0 60 10 4 1 0 0 0 0 0 2100 0 2100 268800 0 268800 0 0 0
20230511 16:01:37.901 11 0 11 3 0 0 0 75 22 0 0 4380 11150 0 374 3 2.75 1.27 0.55 4 0 10 30 1 3 0 0 0 0 0 2510 0 2510 317320 0 317320 0 0 0
20230511 16:01:38.001 14 0 8 3 0 0 0 75 22 0 0 4190 11710 0 374 4 2.75 1.27 0.55 3 1 150 30 10 3 0 0 0 0 0 2240 0 2240 285760 0 285760 0 0 0
20230511 16:01:38.101 12 0 10 2 0 0 0 76 22 0 0 3170 7220 0 374 4 2.75 1.27 0.55 4 0 50 0 3 0 0 0 0 0 0 1570 0 1570 198360 0 198360 0 0 0
20230511 16:01:38.201 8 0 13 1 0 0 0 78 21 0 0 2420 7250 0 374 3 2.85 1.31 0.57 3 0 20 0 1 0 0 0 0 0 0 1070 0 1070 132600 0 132600 0 0 0
20230511 16:01:38.301 9 0 12 2 0 0 0 76 22 0 0 2820 7490 0 374 3 2.85 1.31 0.57 4 0 30 0 2 0 0 0 0 0 0 1260 0 1260 160600 0 160600 0 0 0
20230511 16:01:38.401 23 0 6 3 0 0 0 68 29 0 0 2650 3480 0 374 4 2.85 1.31 0.57 3 3 0 0 0 0 0 0 0 0 0 190 10 200 17560 2200 19760 0 540 540
20230511 16:01:38.501 22 0 3 6 0 0 0 69 25 0 0 1760 610 0 374 4 2.85 1.31 0.57 4 1 20 0 1 0 0 0 0 0 0 0 0 0 0 0 0 0 0 0
20230511 16:01:38.601 23 0 3 1 0 0 0 73 26 0 0 1590 1260 0 374 4 2.85 1.31 0.57 4 1 30 0 2 0 0 20 0 0 0 0 10 10 0 40 40 0 0 0
20230511 16:01:38.701 24 0 3 5 0 0 0 68 28 0 0 3310 1570 0 374 4 2.85 1.31 0.57 4 1 190 0 11 0 0 0 0 0 0 0 730 730 0 115840 115840 0 30 30
20230511 16:01:38.801 24 0 1 6 0 0 0 69 25 0 0 2250 1460 0 374 4 2.85 1.31 0.57 4 1 20 0 1 0 0 0 0 0 0 0 580 580 0 131160 131160 0 0 0
20230511 16:01:38.901 25 0 0 6 0 0 0 69 25 0 0 2330 880 0 374 4 2.85 1.31 0.57 4 1 120 0 7 0 0 0 0 0 0 0 480 480 0 102400 102400 0 0 0
20230511 16:01:39.001 25 0 1 6 0 0 0 68 26 0 0 2130 680 0 374 4 2.85 1.31 0.57 4 1 30 10 2 1 0 0 0 0 0 0 650 650 0 134400 134400 0 10 10
20230511 16:01:39.101 25 0 1 6 0 0 0 69 26 0 0 2390 1140 0 374 4 2.85 1.31 0.57 8 1 20 0 1 0 0 0 0 0 0 0 780 780 0 126280 126280 0 0 0
20230511 16:01:39.201 22 0 2 6 0 0 0 69 25 0 0 2000 1170 0 374 4 2.85 1.31 0.57 4 1 20 0 1 0 0 0 0 0 0 0 480 480 0 133160 133160 0 10 10
20230511 16:01:39.301 22 0 4 5 0 0 0 69 26 0 0 2580 2210 0 374 5 2.85 1.31 0.57 4 1 20 0 1 0 0 0 0 0 0 0 1100 1100 0 360639 360639 0 20 20
20230511 16:01:39.401 22 0 6 6 0 0 0 66 28 0 0 3660 5090 0 374 4 2.85 1.31 0.57 4 1 10 0 1 0 0 0 0 0 0 0 1010 1010 0 336960 336960 0 10 10
20230511 16:01:39.501 22 0 4 5 0 0 0 69 27 0 0 3390 2340 0 374 5 2.85 1.31 0.57 5 0 30 10 2 1 0 0 0 0 0 0 1560 1560 0 454000 454000 0 20 20
20230511 16:01:39.601 21 0 5 6 0 1 0 68 26 0 0 4080 4160 0 374 4 2.85 1.31 0.57 4 1 10 10 1 1 0 10 0 0 0 0 2480 2480 0 664719 664719 0 350 350
20230511 16:01:39.701 22 0 4 6 0 2 0 67 27 0 0 2770 2020 0 374 3 2.85 1.31 0.57 3 2 40 0 2 0 0 0 0 0 0 0 440 440 0 122920 122920 0 20 20
20230511 16:01:39.801 18 0 1 12 0 0 0 68 19 0 0 1660 1040 0 374 3 2.85 1.31 0.57 3 2 80 10 5 1 0 0 0 0 0 0 190 190 0 116240 116240 0 0 0
20230511 16:01:39.901 17 0 2 12 0 2 0 67 21 0 0 1350 630 0 374 3 2.85 1.31 0.57 3 2 0 0 0 0 0 0 0 0 0 0 50 50 0 42240 42240 0 0 0
20230511 16:01:40.001 23 0 1 6 0 1 0 69 25 0 0 2110 4010 0 374 4 2.85 1.31 0.57 4 1 30 0 2 0 0 0 0 0 0 80 600 680 6840 130320 137160 0 10 10
20230511 16:01:40.101 21 0 5 6 0 1 0 67 27 0 0 1820 1370 0 374 4 2.85 1.31 0.57 4 1 30 0 2 0 0 0 0 0 0 0 130 130 0 79360 79360 0 10 10
20230511 16:01:40.201 23 0 2 5 0 1 0 69 26 0 0 1670 1380 0 374 4 2.85 1.31 0.57 4 1 20 0 1 0 0 0 0 0 0 0 210 210 0 118360 118360 0 10 10
20230511 16:01:40.301 22 0 3 5 0 1 0 69 26 0 0 2610 1750 0 374 5 2.85 1.31 0.57 5 0 10 0 1 0 0 0 0 0 0 0 1190 1190 0 261120 261120 0 10 10
20230511 16:01:40.401 25 0 6 2 0 1 0 67 31 0 0 5820 4590 0 374 4 2.85 1.31 0.57 4 1 10 0 1 0 0 10 0 0 0 0 3230 3230 0 858481 858481 0 50 50
20230511 16:01:40.501 21 0 5 6 0 0 0 69 26 0 0 4720 3520 0 374 3 2.85 1.31 0.57 3 2 30 10 2 1 0 0 0 0 0 10 2600 2610 40 682201 682241 0 30 30
20230511 16:01:40.601 16 0 4 12 0 0 0 68 20 0 0 1910 1410 0 374 3 2.85 1.31 0.57 3 2 30 0 2 0 0 20 0 0 0 130 420 550 520 155000 155520 0 0 0
20230511 16:01:40.701 19 0 3 11 0 0 0 67 21 0 0 2490 1430 0 374 4 2.85 1.31 0.57 4 1 90 0 5 0 0 0 0 0 0 170 160 330 3160 81920 85080 0 0 0
20230511 16:01:40.801 20 0 2 8 0 0 0 70 22 0 0 2350 3080 0 374 3 2.85 1.31 0.57 4 1 20 0 1 0 0 0 0 0 0 640 210 850 28240 120080 148320 0 10 10
20230511 16:01:40.901 11 0 2 17 0 0 0 70 13 0 0 3140 5320 0 374 1 2.85 1.31 0.57 1 4 0 0 0 0 0 20 0 0 0 1960 90 2050 88920 83200 172120 0 0 0
20230511 16:01:41.001 11 0 4 17 0 0 0 69 14 0 0 2620 5030 0 374 5 2.85 1.31 0.57 2 2 170 10 10 1 0 0 0 0 0 1420 70 1490 135920 78080 214000 0 10 10
20230511 16:01:41.101 10 0 6 17 0 0 0 67 16 0 0 3300 7280 0 374 1 2.85 1.31 0.57 3 2 30 0 2 0 0 0 0 0 0 1970 80 2050 198520 81920 280440 0 0 0
20230511 16:01:41.201 8 0 6 16 0 1 0 69 15 0 0 2640 6420 0 374 0 2.85 1.31 0.57 2 3 20 0 1 0 0 10 0 0 0 1350 100 1450 169560 92160 261720 0 0 0
20230511 16:01:41.301 10 0 7 13 0 0 0 70 17 0 0 3020 7660 0 374 4 2.85 1.31 0.57 5 0 10 0 1 0 0 0 0 0 0 1430 460 1890 183040 465919 648959 0 20 20
20230511 16:01:41.401 7 0 12 14 0 0 0 66 20 0 0 4500 10370 0 374 3 2.85 1.31 0.57 0 5 50 10 3 1 0 0 0 0 0 1480 510 1990 189440 524801 714241 0 0 0
20230511 16:01:41.501 10 0 6 16 0 0 0 68 16 0 0 3800 8290 0 374 1 2.85 1.31 0.57 4 1 20 0 1 0 0 0 0 0 0 1680 480 2160 215040 491520 706561 0 0 0
20230511 16:01:41.601 9 0 6 15 0 0 0 70 15 0 0 2860 9440 0 374 0 2.85 1.31 0.57 3 3 30 0 2 0 0 0 0 0 0 1380 390 1770 176640 396799 573439 0 0 0
20230511 16:01:41.701 2 0 2 27 0 0 0 68 5 0 0 2140 3100 0 374 0 2.85 1.31 0.57 0 5 20 0 1 0 0 10 0 0 0 410 160 570 52480 163840 216320 0 0 0
20230511 16:01:41.801 1 0 0 29 0 0 0 69 1 0 0 710 1880 0 374 0 2.85 1.31 0.57 0 5 30 0 2 0 0 0 0 0 0 210 80 290 26880 81920 108800 0 0 0
20230511 16:01:41.901 4 0 3 24 0 0 0 69 7 0 0 1610 3890 0 374 3 2.85 1.31 0.57 2 3 30 0 2 0 0 0 0 0 0 820 70 890 104960 74240 179200 0 0 0
20230511 16:01:42.001 7 0 6 17 0 1 0 69 14 0 0 2590 8270 0 374 1 2.85 1.31 0.57 2 3 0 0 0 0 0 0 0 0 0 1530 110 1640 195840 110080 305920 0 0 0
20230511 16:01:42.101 10 0 6 16 0 1 0 68 17 0 0 2880 6780 0 374 1 2.85 1.31 0.57 4 1 40 0 2 0 0 0 0 0 0 1540 80 1620 197120 81920 279040 0 0 0
20230511 16:01:42.201 7 0 8 15 0 1 0 69 16 0 0 2800 6980 0 374 4 2.85 1.31 0.57 4 1 20 0 1 0 0 0 0 0 0 1530 90 1620 195840 94720 290560 0 10 10
20230511 16:01:42.301 10 0 7 16 0 1 0 66 18 0 0 2820 6470 0 374 1 2.85 1.31 0.57 2 3 10 0 1 0 0 0 0 0 0 1450 110 1560 185600 110080 295680 0 0 0
20230511 16:01:42.401 9 0 10 15 0 1 0 66 19 0 0 4160 9930 0 374 5 2.85 1.31 0.57 1 4 10 0 1 0 0 0 0 0 0 1720 340 2060 220160 348160 568321 0 0 0
20230511 16:01:42.501 8 0 4 16 0 0 0 71 13 0 0 3120 7350 0 374 5 2.85 1.31 0.57 1 4 20 0 1 0 0 0 0 0 0 1410 560 1970 180480 573321 753801 0 10 10
20230511 16:01:42.601 8 0 5 15 0 0 0 71 14 0 0 3540 9390 0 374 3 2.85 1.31 0.57 3 2 100 0 6 0 0 0 0 0 0 1910 500 2410 244480 480439 724919 0 30 30
20230511 16:01:42.701 9 0 10 15 0 0 0 66 19 0 0 5510 13120 0 374 0 2.85 1.31 0.57 1 4 110 0 6 0 0 30 0 0 0 2300 660 2960 294400 460440 754841 0 30 30
20230511 16:01:42.801 6 0 4 20 0 1 0 69 11 0 0 2350 5700 0 374 2 2.85 1.31 0.57 2 3 120 0 7 0 0 0 0 0 0 1220 150 1370 156160 80440 236600 0 0 0
20230511 16:01:42.901 13 0 4 16 0 0 0 67 17 0 0 3500 8350 0 374 1 2.85 1.31 0.57 2 3 10 0 1 0 0 0 0 0 0 1770 260 2030 226560 80560 307120 0 0 0
20230511 16:01:43.001 5 0 10 12 0 1 0 72 16 0 0 2010 8080 0 374 4 2.85 1.31 0.57 2 3 30 0 2 0 0 0 0 0 0 860 100 960 110080 70440 180520 0 0 0
20230511 16:01:43.101 6 0 11 12 0 0 0 71 18 0 0 2200 7030 0 374 2 2.85 1.31 0.57 2 1 20 0 1 0 0 0 0 0 0 830 160 990 104280 119720 224000 0 10 10
20230511 16:01:43.201 6 0 11 11 0 0 0 71 17 0 0 2400 6690 0 374 3 3.02 1.38 0.59 4 1 20 0 1 0 0 10 0 0 0 1010 230 1240 124000 91360 215360 0 20 20
20230511 16:01:43.301 9 0 9 13 0 0 0 68 19 0 0 2710 7330 0 374 3 3.02 1.38 0.59 4 1 20 0 1 0 0 0 0 0 0 1180 190 1370 147960 77520 225480 0 0 0
20230511 16:01:43.401 4 0 11 16 0 0 0 69 16 0 0 2910 8520 0 374 2 3.02 1.38 0.59 0 5 20 0 1 0 0 0 0 0 0 770 330 1100 97560 89880 187440 0 490 490
20230511 16:01:43.501 1 0 1 27 0 0 0 71 2 0 0 460 960 0 374 0 3.02 1.38 0.59 0 6 40 0 2 0 0 0 0 0 0 40 0 40 5120 0 5120 0 0 0
20230511 16:01:43.601 0 0 0 31 0 0 0 69 0 0 0 200 420 0 374 0 3.02 1.38 0.59 0 6 60 0 4 0 0 0 0 0 0 0 0 0 0 0 0 0 0 0
20230511 16:01:43.701 1 0 2 31 0 0 0 66 2 0 0 1310 780 0 374 0 3.02 1.38 0.59 0 6 100 0 6 0 0 10 0 0 0 0 0 0 0 0 0 0 0 0
20230511 16:01:43.801 6 0 4 15 0 0 0 75 10 0 0 2600 7870 0 374 2 3.02 1.38 0.59 3 1 10 0 1 0 0 0 0 0 0 980 610 1590 123600 100240 223840 0 0 0
20230511 16:01:43.901 14 0 4 13 0 0 0 69 18 0 0 3090 6900 0 374 3 3.02 1.38 0.59 3 2 110 0 6 0 0 0 0 0 0 1040 500 1540 126880 104440 231320 0 10 10
20230511 16:01:44.001 18 0 4 9 0 0 0 69 22 0 0 2470 6040 0 374 3 3.02 1.38 0.59 3 2 20 10 1 1 0 0 0 0 0 500 540 1040 61440 91720 153160 0 0 0
20230511 16:01:44.101 17 0 6 8 0 0 0 69 22 0 0 2480 5140 0 374 3 3.02 1.38 0.59 6 1 50 0 3 0 0 0 0 0 0 500 490 990 63320 110440 173760 0 0 0
20230511 16:01:44.201 21 0 4 5 0 0 0 70 25 0 0 2010 2160 0 374 4 3.02 1.38 0.59 4 1 10 0 1 0 0 0 0 0 0 130 300 430 14520 97200 111720 0 10 10
20230511 16:01:44.301 22 0 3 4 0 0 0 71 25 0 0 2370 2180 0 374 4 3.02 1.38 0.59 4 1 10 0 1 0 0 0 0 0 0 110 750 860 14080 192880 206960 0 0 0
20230511 16:01:44.401 18 0 9 4 0 0 0 69 27 0 0 4170 7440 0 374 3 3.02 1.38 0.59 3 2 70 0 4 0 0 0 0 0 0 80 1470 1550 10240 296960 307200 0 20 20
20230511 16:01:44.501 19 0 4 8 0 0 0 69 23 0 0 4800 5960 0 374 5 3.02 1.38 0.59 4 1 60 10 4 1 0 0 0 0 0 80 2950 3030 10240 750321 760561 0 40 40
20230511 16:01:44.601 20 0 4 11 0 1 0 65 24 0 0 4350 4180 0 374 3 3.02 1.38 0.59 3 3 110 10 7 1 0 0 0 0 0 60 2600 2660 7680 648919 656599 0 150 150
20230511 16:01:44.701 17 0 4 12 0 1 0 65 23 0 0 3490 3280 0 374 3 3.02 1.38 0.59 3 2 30 0 2 0 0 40 0 0 0 50 1280 1330 6400 319720 326120 0 10 10
20230511 16:01:44.801 24 0 3 5 0 1 0 68 27 0 0 3890 2210 0 374 4 3.02 1.38 0.59 4 1 40 10 2 1 0 0 0 0 0 20 2140 2160 1560 478359 479919 0 40 40
20230511 16:01:44.901 21 0 6 3 0 1 0 68 29 0 0 3580 2870 20 374 4 3.02 1.38 0.59 4 1 60 70 5 5 0 10 0 0 0 0 1490 1490 0 546041 546041 0 30 30
20230511 16:01:45.001 23 0 3 4 0 2 0 67 29 0 0 2590 950 0 374 4 3.02 1.38 0.59 4 1 20 0 1 0 0 0 0 0 0 0 630 630 0 526201 526201 0 20 20
20230511 16:01:45.101 22 0 2 6 0 1 0 68 25 0 0 1640 1020 0 374 4 3.02 1.38 0.59 4 1 20 0 1 0 0 0 0 0 0 0 120 120 0 117760 117760 0 0 0
20230511 16:01:45.201 23 0 2 6 0 1 0 68 26 0 0 1580 580 0 374 4 3.02 1.38 0.59 4 1 20 0 1 0 0 20 0 0 0 0 110 110 0 112640 112640 0 0 0
20230511 16:01:45.301 23 0 3 6 0 0 0 69 25 0 0 1610 670 0 374 3 3.02 1.38 0.59 3 2 20 0 1 0 0 0 0 0 0 0 80 80 0 81920 81920 0 0 0
20230511 16:01:45.401 18 0 3 12 0 0 0 66 21 0 0 2270 2420 0 374 3 3.02 1.38 0.59 3 2 30 0 2 0 0 0 0 0 0 0 120 120 0 121600 121600 0 0 0
20230511 16:01:45.501 17 0 2 12 0 1 0 68 20 0 0 2040 1160 0 374 4 3.02 1.38 0.59 3 2 30 10 2 1 0 0 0 0 0 210 40 250 840 40960 41800 0 10 10
20230511 16:01:45.601 18 0 1 11 0 1 0 69 20 0 0 3060 3860 0 374 3 3.02 1.38 0.59 2 3 30 0 2 0 0 0 0 0 0 1430 80 1510 61880 81920 143800 0 0 0
20230511 16:01:45.701 13 0 8 9 0 0 0 70 21 0 0 4210 6640 0 374 4 3.02 1.38 0.59 2 3 90 0 5 0 0 10 0 0 0 1290 310 1600 141200 320000 461200 0 0 0
20230511 16:01:45.801 12 0 8 7 0 1 0 72 21 0 0 3410 7320 0 374 3 3.02 1.38 0.59 3 2 40 0 2 0 0 0 0 0 0 960 570 1530 122880 581119 703999 0 0 0
20230511 16:01:45.901 15 0 5 6 0 0 0 74 20 0 0 3830 7580 0 374 4 3.02 1.38 0.59 2 3 220 0 13 0 0 10 0 0 0 1410 350 1760 180000 360960 540961 0 10 10
20230511 16:01:46.001 16 0 5 11 0 1 0 68 21 0 0 3010 7840 0 374 3 3.02 1.38 0.59 4 1 10 0 1 0 0 0 0 0 0 920 580 1500 117760 593921 711681 0 0 0
20230511 16:01:46.101 16 0 7 9 0 0 0 68 22 0 0 3030 6480 0 374 4 3.02 1.38 0.59 3 2 50 0 3 0 0 0 0 0 0 950 640 1590 121600 655359 776959 0 0 0
20230511 16:01:46.201 16 0 8 8 0 0 0 69 23 0 0 4130 10300 0 374 4 3.02 1.38 0.59 3 2 20 0 1 0 0 0 0 0 0 870 1720 2590 109240 729401 838641 0 280 280
20230511 16:01:46.301 18 0 6 4 0 1 0 72 24 0 0 4580 11260 0 374 4 3.02 1.38 0.59 4 0 10 0 1 0 0 0 0 0 0 2020 870 2890 239960 131600 371559 0 20 20
20230511 16:01:46.401 18 0 6 3 0 0 0 72 25 0 0 4730 10650 0 374 4 3.02 1.38 0.59 2 2 40 0 2 0 0 0 0 0 0 2240 0 2240 286120 0 286120 0 0 0
20230511 16:01:46.501 19 0 3 2 0 0 0 75 22 0 0 3830 8730 0 374 4 3.02 1.38 0.59 4 0 40 0 2 0 0 0 0 0 0 2150 0 2150 275200 0 275200 0 0 0
20230511 16:01:46.601 19 0 3 3 0 0 0 75 23 0 0 3310 7820 0 374 4 3.02 1.38 0.59 4 1 10 0 1 0 0 0 0 0 0 1900 0 1900 243040 0 243040 0 0 0
20230511 16:01:46.701 16 0 6 4 0 2 0 72 24 0 0 4810 9190 0 374 3 3.02 1.38 0.59 2 2 120 0 7 0 0 10 0 0 0 2180 0 2180 226440 0 226440 0 0 0
20230511 16:01:46.801 15 0 8 3 0 0 0 74 22 0 0 4500 10420 0 374 4 3.02 1.38 0.59 3 1 30 0 2 0 0 0 0 0 0 2520 0 2520 307480 0 307480 20 0 20
20230511 16:01:46.901 14 0 9 2 0 0 0 75 23 0 0 3980 8650 0 374 4 3.02 1.38 0.59 3 1 0 0 0 0 0 0 0 0 0 2000 0 2000 250400 0 250400 110 0 110
20230511 16:01:47.001 16 0 6 2 0 1 0 75 23 0 0 3170 6480 0 374 4 3.02 1.38 0.59 4 0 40 0 2 0 0 0 0 0 0 1500 0 1500 188000 0 188000 30 0 30
20230511 16:01:47.101 18 0 6 1 0 0 0 76 24 0 0 2660 4430 0 374 4 3.02 1.38 0.59 4 0 30 0 2 0 0 0 0 0 0 1080 0 1080 134720 0 134720 0 0 0
20230511 16:01:47.201 21 0 4 1 0 0 0 74 25 0 0 2280 3320 0 374 4 3.02 1.38 0.59 4 0 30 0 2 0 0 20 0 0 0 750 0 750 94080 0 94080 0 0 0
20230511 16:01:47.301 22 0 2 1 0 0 0 75 24 0 0 2150 2960 0 374 4 3.02 1.38 0.59 4 0 30 0 2 0 0 0 0 0 0 640 0 640 80360 0 80360 0 0 0
20230511 16:01:47.401 25 0 4 0 0 1 0 70 30 0 0 2420 3520 170 375 5 3.02 1.38 0.59 5 0 40 0 2 0 0 0 0 0 0 20 0 20 80 0 80 0 0 0
20230511 16:01:47.501 24 0 2 0 0 1 0 73 27 0 0 2950 2740 110 374 4 3.02 1.38 0.59 4 0 120 0 7 0 0 0 0 0 0 0 0 0 0 0 0 0 0 0
20230511 16:01:47.601 25 0 0 0 0 0 0 75 25 0 0 1620 820 0 374 4 3.02 1.38 0.59 4 0 30 0 2 0 0 0 0 0 0 0 0 0 0 0 0 0 0 0
20230511 16:01:47.701 25 0 4 0 0 3 0 68 32 0 0 3440 2910 280 374 4 3.02 1.38 0.59 4 0 20 0 1 0 0 20 0 0 0 0 0 0 0 0 0 0 0 0
20230511 16:01:47.801 24 0 1 0 0 0 0 75 25 0 0 2000 800 0 374 4 3.02 1.38 0.59 4 0 10 0 1 0 0 0 0 0 0 0 0 0 0 0 0 0 0 0
20230511 16:01:47.901 25 0 0 0 0 0 0 75 25 0 0 1670 500 0 374 4 3.02 1.38 0.59 4 0 120 0 7 0 0 0 0 0 0 0 0 0 0 0 0 0 0 0
20230511 16:01:48.001 25 0 1 0 0 1 0 74 26 0 0 1570 3140 0 374 4 3.02 1.38 0.59 4 0 0 0 0 0 0 0 0 0 0 0 0 0 0 0 0 0 0 0
20230511 16:01:48.101 23 0 2 0 0 0 0 75 25 0 0 1670 540 0 374 4 3.02 1.38 0.59 4 0 110 0 6 0 0 0 0 0 0 0 0 0 0 0 0 0 0 0
20230511 16:01:48.201 24 0 1 0 0 0 0 75 25 0 0 1470 640 0 374 4 3.10 1.42 0.61 4 0 20 0 1 0 0 0 0 0 0 0 0 0 0 0 0 0 0 0
20230511 16:01:48.301 21 0 4 0 0 0 0 74 26 0 0 1560 1000 0 374 4 3.10 1.42 0.61 4 0 40 0 8 0 0 0 0 0 0 0 0 0 0 0 0 0 0 0
20230511 16:01:48.401 21 0 6 2 0 0 0 71 27 0 0 2310 2400 0 374 4 3.10 1.42 0.61 4 1 20 10 1 1 0 0 0 0 0 0 10 10 0 2600 2600 0 640 640
20230511 16:01:48.501 18 0 3 8 0 0 0 71 21 0 0 2390 2040 0 374 3 3.10 1.42 0.61 4 0 60 0 4 0 0 40 0 0 0 640 10 650 15240 40 15280 0 0 0
20230511 16:01:48.601 15 0 4 7 0 1 0 73 20 0 0 3290 5940 0 374 4 3.10 1.42 0.61 4 0 0 0 0 0 0 0 0 0 0 2010 0 2010 147360 0 147360 0 0 0
20230511 16:01:48.701 13 0 6 9 0 1 0 71 20 0 0 5490 13900 0 374 4 3.10 1.42 0.61 4 1 20 0 1 0 0 10 0 0 0 2670 450 3120 340760 463360 804121 0 0 0
20230511 16:01:48.801 8 0 3 20 0 0 0 69 11 0 0 1800 4070 0 374 1 3.10 1.42 0.61 1 4 20 0 1 0 0 0 0 0 0 590 130 720 75520 130560 206080 0 0 0
20230511 16:01:48.901 6 0 4 21 0 0 0 69 10 0 0 1300 2310 0 374 4 3.10 1.42 0.61 4 1 0 0 0 0 0 0 0 0 0 370 110 480 47360 115200 162560 0 0 0
20230511 16:01:49.001 14 0 5 13 0 0 0 68 19 0 0 3060 6260 0 374 1 3.10 1.42 0.61 4 1 120 0 7 0 0 0 0 0 0 1280 80 1360 163840 80960 244800 0 10 10
20230511 16:01:49.101 9 0 2 20 0 1 0 68 11 0 0 1340 2420 0 374 1 3.10 1.42 0.61 1 4 20 0 1 0 0 0 0 0 0 470 80 550 60160 81920 142080 0 0 0
20230511 16:01:49.201 13 0 4 14 0 0 0 68 18 0 0 2410 7150 0 374 2 3.10 1.42 0.61 3 2 20 0 1 0 0 10 0 0 0 1110 120 1230 142080 118560 260640 0 0 0
20230511 16:01:49.301 13 0 4 13 0 0 0 69 17 0 0 2530 5410 0 374 3 3.10 1.42 0.61 5 0 10 0 1 0 0 0 0 0 0 1210 120 1330 154880 112640 267520 0 0 0
20230511 16:01:49.401 13 0 7 13 0 0 0 67 20 0 0 3390 7830 0 374 1 3.10 1.42 0.61 3 2 40 0 2 0 0 0 0 0 0 1290 90 1380 165120 93440 258560 0 0 0
20230511 16:01:49.501 13 0 5 13 0 1 0 69 18 0 0 2980 6990 0 374 3 3.10 1.42 0.61 3 2 30 10 2 1 0 20 0 0 0 1140 480 1620 145920 432560 578481 0 40 40
20230511 16:01:49.601 8 0 4 20 0 0 0 68 12 0 0 3310 8610 0 374 1 3.10 1.42 0.61 1 5 30 10 2 1 0 0 0 0 0 650 1360 2010 83200 322920 406119 0 390 390
20230511 16:01:49.701 11 0 3 21 0 0 0 66 13 0 0 3560 7420 0 374 3 3.10 1.42 0.61 3 2 130 0 8 0 0 20 0 0 0 980 730 1710 125440 173560 299000 0 10 10
20230511 16:01:49.801 9 0 7 14 0 0 0 70 16 0 0 3730 11570 0 374 3 3.10 1.42 0.61 1 4 10 10 1 1 0 0 0 0 0 1040 1290 2330 133120 214800 347920 0 0 0
20230511 16:01:49.901 10 0 9 9 0 0 0 72 19 0 0 5780 21760 0 374 3 3.10 1.42 0.61 4 2 130 0 8 0 0 0 0 0 0 910 3290 4200 116480 520240 636721 0 0 0
20230511 16:01:50.001 10 0 8 13 0 0 0 69 18 0 0 2990 8040 0 374 2 3.10 1.42 0.61 2 3 30 0 2 0 0 0 0 0 0 1220 300 1520 156160 105480 261640 0 0 0
20230511 16:01:50.101 14 0 6 12 0 0 0 68 20 0 0 2830 6000 0 374 3 3.10 1.42 0.61 2 4 50 0 3 0 0 0 0 0 0 1170 140 1310 149360 87040 236400 0 0 0
20230511 16:01:50.201 11 0 4 17 0 0 0 68 15 0 0 2210 4630 0 374 2 3.10 1.42 0.61 2 3 20 0 1 0 0 10 0 0 0 810 140 950 102960 71680 174640 0 10 10
20230511 16:01:50.301 12 0 6 13 0 0 0 69 18 0 0 2710 5950 0 374 1 3.10 1.42 0.61 2 3 20 0 1 0 0 0 0 0 0 1120 170 1290 139240 130560 269800 0 20 20
20230511 16:01:50.401 11 0 3 17 0 0 0 69 14 0 0 2400 5400 0 374 1 3.10 1.42 0.61 2 3 10 0 1 0 0 0 0 0 0 780 100 880 99840 75560 175400 0 0 0
20230511 16:01:50.501 5 0 1 10 0 1 0 83 7 0 0 1580 3420 0 374 0 3.10 1.42 0.61 2 2 30 10 2 1 0 20 0 0 0 490 140 630 62720 92280 155000 0 10 10
20230511 16:01:50.601 8 0 3 8 0 0 0 82 11 0 0 2000 4730 0 374 3 3.10 1.42 0.61 3 2 10 0 1 0 0 0 0 0 0 830 240 1070 101880 128240 230120 0 10 10
20230511 16:01:50.701 20 0 7 5 0 1 0 67 28 0 0 3570 5000 0 374 4 3.10 1.42 0.61 4 1 30 0 7 0 0 30 0 0 0 270 810 1080 30440 587601 618041 0 80 80
20230511 16:01:50.801 24 0 5 3 0 0 0 68 29 0 0 4410 11060 0 374 5 3.10 1.42 0.61 4 1 10 0 1 0 0 0 0 0 0 10 2600 2610 40 675959 675999 0 20 20
20230511 16:01:50.901 20 0 6 4 0 1 0 69 27 0 0 5070 8530 0 374 4 3.10 1.42 0.61 3 2 10 0 1 0 0 0 0 0 0 420 2780 3200 1680 667161 668841 0 40 40
20230511 16:01:51.001 20 0 5 6 0 0 0 69 25 0 0 6180 10900 0 374 4 3.10 1.42 0.61 3 2 10 0 1 0 0 0 0 0 0 1090 3420 4510 45320 915641 960961 0 60 60
20230511 16:01:51.101 14 0 6 12 0 0 0 67 20 0 0 4330 7910 0 374 3 3.10 1.42 0.61 1 4 20 0 1 0 0 0 0 0 0 2190 780 2970 135720 795759 931479 0 20 20
20230511 16:01:51.201 8 0 5 15 0 0 0 71 14 0 0 3540 6690 0 374 1 3.10 1.42 0.61 2 3 10 0 1 0 0 30 0 0 0 1240 750 1990 134560 762641 897201 0 10 10
20230511 16:01:51.301 9 0 4 19 0 1 0 68 14 0 0 1980 3950 0 374 5 3.10 1.42 0.61 2 3 30 0 2 0 0 0 0 0 0 830 210 1040 106240 168360 274600 0 0 0
20230511 16:01:51.401 12 0 3 18 0 0 0 66 16 0 0 2750 5890 0 374 3 3.10 1.42 0.61 2 2 40 0 2 0 0 0 0 0 0 840 150 990 107200 79240 186440 0 10 10
20230511 16:01:51.501 13 0 4 15 0 1 0 67 17 0 0 3120 6420 0 374 3 3.10 1.42 0.61 4 1 0 0 0 0 0 10 0 0 0 1560 90 1650 199240 81960 281200 0 0 0
20230511 16:01:51.601 15 0 3 14 0 0 0 68 19 0 0 2720 6140 0 374 2 3.10 1.42 0.61 4 1 30 0 2 0 0 0 0 0 0 1320 130 1450 167640 80400 248040 0 0 0
20230511 16:01:51.701 12 0 5 16 0 2 0 66 19 0 0 3940 9000 0 374 5 3.10 1.42 0.61 3 3 20 0 1 0 0 10 0 0 0 1550 260 1810 197160 102400 299560 0 10 10
20230511 16:01:51.801 15 0 1 15 0 0 0 69 15 0 0 2960 6770 0 374 3 3.10 1.42 0.61 1 4 10 0 1 0 0 0 0 0 0 1440 230 1670 184320 96280 280600 0 10 10
20230511 16:01:51.901 14 0 3 12 0 1 0 70 18 0 0 3060 5850 0 374 3 3.10 1.42 0.61 3 2 30 0 2 0 0 0 0 0 0 1380 200 1580 169600 81920 251520 0 20 20
20230511 16:01:52.001 14 0 4 13 0 0 0 69 18 0 0 4690 10970 0 374 3 3.10 1.42 0.61 4 1 160 0 9 0 0 0 0 0 0 1450 2020 3470 180080 410800 590881 0 50 50
20230511 16:01:52.101 10 0 6 13 0 1 0 70 17 0 0 4920 9380 0 374 4 3.10 1.42 0.61 4 1 10 0 1 0 0 0 0 0 0 1130 2320 3450 144640 667239 811879 0 60 60
20230511 16:01:52.201 12 0 9 2 0 1 0 75 22 0 0 3620 7970 0 374 4 3.10 1.42 0.61 3 1 10 0 1 0 0 10 0 0 0 1580 430 2010 202240 28880 231120 0 20 20
20230511 16:01:52.301 15 0 7 3 0 1 0 75 22 0 0 3510 7840 0 374 4 3.10 1.42 0.61 3 1 10 0 1 0 0 0 0 0 0 1780 0 1780 227840 0 227840 0 0 0
20230511 16:01:52.401 17 0 9 2 0 1 0 71 27 0 0 4640 11830 0 374 4 3.10 1.42 0.61 3 1 20 0 1 0 0 0 0 0 0 2090 0 2090 264080 0 264080 0 0 0
20230511 16:01:52.501 12 0 11 2 0 0 0 75 23 0 0 3580 8480 0 374 3 3.10 1.42 0.61 4 0 40 0 2 0 0 0 0 0 0 1660 0 1660 208680 0 208680 0 0 0
20230511 16:01:52.601 18 0 6 2 0 0 0 74 24 0 0 3800 8240 0 374 4 3.10 1.42 0.61 4 0 80 0 5 0 0 0 0 0 0 1940 0 1940 240040 0 240040 0 0 0
20230511 16:01:52.701 17 0 8 1 0 2 0 72 27 0 0 3390 4250 0 374 4 3.10 1.42 0.61 4 0 10 0 1 0 0 0 0 0 0 780 0 780 96640 0 96640 0 0 0
20230511 16:01:52.801 21 0 4 0 0 0 0 75 25 0 0 2120 2060 0 374 4 3.10 1.42 0.61 4 0 0 0 0 0 0 20 0 0 0 200 0 200 19400 0 19400 0 0 0
20230511 16:01:52.901 24 0 2 0 0 1 0 73 27 0 0 1930 1360 10 374 4 3.10 1.42 0.61 4 0 40 30 4 2 0 0 0 0 0 10 0 10 40 0 40 0 0 0
20230511 16:01:53.001 22 0 2 0 0 1 0 74 26 0 0 1930 1170 0 374 4 3.10 1.42 0.61 4 0 30 0 2 0 0 0 0 0 0 10 0 10 40 0 40 0 0 0
20230511 16:01:53.101 23 0 2 0 0 1 0 74 26 0 0 1660 940 0 374 4 3.10 1.42 0.61 4 0 40 0 2 0 0 0 0 0 0 0 0 0 0 0 0 0 0 0
20230511 16:01:53.201 22 0 4 0 0 0 0 75 25 0 0 1670 1260 0 374 4 3.17 1.46 0.63 4 0 20 10 1 1 0 0 0 0 0 100 0 100 11480 0 11480 0 0 0
20230511 16:01:53.301 21 0 4 1 0 0 0 74 25 0 0 2120 2310 0 374 3 3.17 1.46 0.63 4 0 30 0 2 0 0 10 0 0 0 390 0 390 47720 0 47720 0 0 0
20230511 16:01:53.401 22 0 4 3 0 1 0 70 27 0 0 2800 3650 0 374 3 3.17 1.46 0.63 3 2 40 0 2 0 0 0 0 0 0 340 10 350 36440 2280 38720 0 560 560
20230511 16:01:53.501 19 0 2 7 0 1 0 71 22 0 0 1880 970 0 374 4 3.17 1.46 0.63 4 0 10 0 1 0 0 0 0 0 0 40 10 50 5120 40 5160 0 0 0
20230511 16:01:53.601 24 0 1 0 0 0 0 74 26 0 0 1550 1600 0 374 4 3.17 1.46 0.63 4 0 10 0 1 0 0 0 0 0 0 0 0 0 0 0 0 0 0 0
20230511 16:01:53.701 24 0 2 0 0 2 0 72 28 0 0 2240 840 0 374 4 3.17 1.46 0.63 4 0 30 0 2 0 0 0 0 0 0 0 0 0 0 0 0 0 0 0
20230511 16:01:53.801 25 0 1 0 0 0 0 75 25 0 0 1690 980 0 374 4 3.17 1.46 0.63 4 0 10 0 1 0 0 10 0 0 0 0 0 0 0 0 0 0 0 0
20230511 16:01:53.901 22 0 2 1 0 1 0 74 25 0 0 2440 3810 0 374 4 3.17 1.46 0.63 4 0 10 0 1 0 0 0 0 0 0 780 0 780 70800 0 70800 0 0 0
20230511 16:01:54.001 19 0 5 4 0 0 0 72 24 0 0 3580 6070 0 374 3 3.17 1.46 0.63 5 0 190 0 11 0 0 10 0 0 0 590 940 1530 75520 473600 549121 0 50 50
20230511 16:01:54.101 16 0 4 12 0 0 0 68 20 0 0 1500 1280 0 374 3 3.17 1.46 0.63 3 2 10 0 1 0 0 0 0 0 0 30 120 150 3840 120320 124160 0 0 0
20230511 16:01:54.201 18 0 2 11 0 0 0 69 20 0 0 1460 2920 0 374 4 3.17 1.46 0.63 5 0 0 0 0 0 0 0 0 0 0 80 110 190 10240 110080 120320 0 0 0
20230511 16:01:54.301 21 0 2 8 0 1 0 68 24 0 0 2150 2510 0 374 4 3.17 1.46 0.63 4 1 110 0 6 0 0 30 0 0 0 420 80 500 53760 81920 135680 0 0 0
20230511 16:01:54.401 20 0 6 9 0 0 0 66 25 0 0 2650 4070 0 374 4 3.17 1.46 0.63 4 1 40 0 2 0 0 0 0 0 0 290 100 390 37120 102400 139520 0 0 0
20230511 16:01:54.501 19 0 2 11 0 1 0 67 22 0 0 1820 1210 0 374 3 3.17 1.46 0.63 3 2 20 10 2 1 0 10 0 0 0 60 100 160 7680 102400 110080 0 0 0
20230511 16:01:54.601 19 0 2 12 0 0 0 66 21 0 0 1630 1670 0 374 4 3.17 1.46 0.63 4 2 40 10 3 1 0 0 0 0 0 210 90 300 26880 81960 108840 0 0 0
20230511 16:01:54.701 18 0 2 12 0 1 0 66 22 0 0 1920 1210 0 374 3 3.17 1.46 0.63 4 2 20 0 1 0 0 0 0 0 0 40 30 70 5120 20880 26000 0 90 90
20230511 16:01:54.801 18 0 3 9 0 0 0 71 21 0 0 1800 1910 0 374 4 3.17 1.46 0.63 4 1 10 10 1 1 0 20 0 0 0 120 110 230 15360 104760 120120 0 10 10
20230511 16:01:54.901 21 0 2 8 0 1 0 69 23 0 0 2330 3740 0 374 4 3.17 1.46 0.63 3 2 0 0 0 0 0 0 0 0 0 340 420 760 43520 266120 309640 0 20 20
20230511 16:01:55.001 22 0 3 7 0 1 0 67 25 0 0 2430 3750 0 374 3 3.17 1.46 0.63 4 1 40 0 2 0 0 10 0 0 0 260 560 820 33280 292320 325600 0 10 10
20230511 16:01:55.101 18 0 4 9 0 0 0 69 22 0 0 3500 7400 0 374 4 3.17 1.46 0.63 2 3 40 0 2 0 0 0 0 0 0 810 1210 2020 73720 229880 303600 10 150 160
20230511 16:01:55.201 14 0 7 11 0 0 0 69 21 0 0 5020 14850 0 374 4 3.17 1.46 0.63 3 2 0 0 0 0 0 0 0 0 0 1770 1770 3540 221160 606721 827881 0 40 40
20230511 16:01:55.301 15 0 5 10 0 0 0 70 20 0 0 3590 8870 0 374 4 3.17 1.46 0.63 3 2 30 0 2 0 0 0 0 0 0 1150 770 1920 146800 386639 533439 0 20 20
20230511 16:01:55.401 16 0 7 11 0 1 0 65 24 0 0 3660 7130 0 374 4 3.17 1.46 0.63 4 1 130 0 8 0 0 0 0 0 0 1000 150 1150 126760 80640 207400 0 10 10
20230511 16:01:55.501 15 0 5 10 0 0 0 70 20 0 0 2730 6530 0 374 3 3.17 1.46 0.63 4 1 20 10 1 1 0 10 0 0 0 800 310 1110 102400 124160 226560 0 10 10
20230511 16:01:55.601 17 0 5 9 0 0 0 68 22 0 0 2320 5360 0 374 3 3.17 1.46 0.63 3 2 20 0 1 0 0 0 0 0 0 630 250 880 80640 78080 158720 0 0 0
20230511 16:01:55.701 14 0 5 9 0 0 0 72 19 0 0 2910 4460 0 374 2 3.17 1.46 0.63 3 1 130 0 10 0 0 0 0 0 0 400 280 680 49960 97400 147360 0 10 10
20230511 16:01:55.801 6 0 3 8 0 0 0 83 9 0 0 1880 4160 0 374 3 3.17 1.46 0.63 3 2 10 0 1 0 0 20 0 0 0 400 310 710 49240 102760 152000 0 80 80
20230511 16:01:55.901 22 0 2 7 0 1 0 68 25 0 0 1960 2220 0 374 4 3.17 1.46 0.63 4 1 10 0 1 0 0 0 0 0 0 240 240 480 27920 81920 109840 0 10 10
20230511 16:01:56.001 23 0 4 4 0 0 0 69 27 0 0 2900 3330 0 374 4 3.17 1.46 0.63 4 1 10 0 1 0 0 20 0 0 0 0 1250 1250 0 448960 448960 0 50 50
20230511 16:01:56.101 25 0 3 3 0 0 0 70 28 0 0 4320 1220 0 374 5 3.17 1.46 0.63 5 0 30 0 2 0 0 0 0 0 0 0 2910 2910 0 820479 820479 0 390 390
20230511 16:01:56.201 24 0 2 5 0 0 0 69 26 0 0 2550 830 0 374 4 3.17 1.46 0.63 4 1 10 0 1 0 0 0 0 0 0 20 830 850 2080 513800 515880 0 220 220
20230511 16:01:56.301 24 0 1 6 0 1 0 68 27 0 0 1860 790 0 374 5 3.17 1.46 0.63 5 0 110 0 6 0 0 0 0 0 0 0 150 150 0 161280 161280 0 20 20
20230511 16:01:56.401 19 0 6 10 0 0 0 65 25 0 0 2490 2650 0 374 3 3.17 1.46 0.63 3 2 30 0 2 0 0 0 0 0 0 0 80 80 0 81920 81920 0 30 30
20230511 16:01:56.501 18 0 1 12 0 0 0 69 19 0 0 1720 840 0 374 3 3.17 1.46 0.63 3 2 20 0 1 0 0 0 0 0 0 0 110 110 0 115200 115200 0 0 0
20230511 16:01:56.601 18 0 1 13 0 0 0 69 19 0 0 1390 840 0 374 3 3.17 1.46 0.63 3 2 30 0 2 0 0 0 0 0 0 0 80 80 0 81920 81920 0 0 0
20230511 16:01:56.701 17 0 4 12 0 0 0 68 21 0 0 2230 2160 0 374 3 3.17 1.46 0.63 3 2 20 0 1 0 0 0 0 0 0 0 100 100 0 102400 102400 0 0 0
20230511 16:01:56.801 16 0 2 14 0 0 0 68 18 0 0 1940 2080 0 374 2 3.17 1.46 0.63 2 3 0 0 0 0 0 20 0 0 0 0 90 90 0 94720 94720 0 0 0
20230511 16:01:56.901 19 0 2 11 0 0 0 68 21 0 0 2400 3390 0 374 4 3.17 1.46 0.63 5 0 10 0 1 0 0 0 0 0 0 710 250 960 76160 232200 308360 0 30 30
20230511 16:01:57.001 21 0 4 6 0 1 0 68 26 0 0 3850 9090 0 374 4 3.17 1.46 0.63 4 1 30 0 2 0 0 10 0 0 0 700 1560 2260 89600 655481 745081 0 60 60
20230511 16:01:57.101 20 0 4 6 0 0 0 69 25 0 0 3530 7570 0 374 3 3.17 1.46 0.63 5 0 20 0 1 0 0 0 0 0 0 480 1530 2010 61440 669439 730879 0 90 90
20230511 16:01:57.201 20 0 3 7 0 0 0 70 23 0 0 3460 9210 0 374 3 3.17 1.46 0.63 4 1 0 0 0 0 0 0 0 0 0 400 1840 2240 50640 652041 702681 0 620 620
20230511 16:01:57.301 21 0 6 5 0 0 0 69 26 0 0 4240 6490 0 374 4 3.17 1.46 0.63 5 0 30 0 2 0 0 0 0 0 0 350 2260 2610 44800 1028719 1073518 0 2470 2470
20230511 16:01:57.401 19 0 11 4 0 0 0 66 29 0 0 8070 11950 0 374 5 3.17 1.46 0.63 5 0 60 0 4 0 0 0 0 0 0 300 5400 5700 38400 1090041 1128441 0 760 760
20230511 16:01:57.501 17 0 4 6 0 0 0 73 21 0 0 3570 4210 0 374 3 3.17 1.46 0.63 3 2 100 0 6 0 0 10 0 0 0 110 1440 1550 13640 267880 281520 0 10 10
20230511 16:01:57.601 20 0 2 4 0 1 0 73 23 0 0 2380 2680 0 374 3 3.17 1.46 0.63 3 2 0 0 0 0 0 0 0 0 0 410 400 810 52480 79360 131840 0 10 10
20230511 16:01:57.701 16 0 3 10 0 1 0 70 20 0 0 2740 1770 0 374 2 3.17 1.46 0.63 2 3 60 0 4 0 0 0 0 0 0 140 540 680 10480 119200 129680 0 40 40
20230511 16:01:57.801 11 0 1 19 0 1 0 68 13 0 0 2360 3610 0 374 1 3.17 1.46 0.63 1 4 10 0 1 0 0 10 0 0 0 970 300 1270 80120 76880 157000 0 20 20
20230511 16:01:57.901 8 0 4 19 0 0 0 69 11 0 0 1860 3510 0 374 1 3.17 1.46 0.63 1 4 20 0 1 0 0 0 0 0 0 700 270 970 89600 78600 168200 0 10 10
20230511 16:01:58.001 12 0 2 17 0 1 0 67 15 0 0 2160 5350 0 374 4 3.17 1.46 0.63 3 2 10 0 1 0 0 10 0 0 0 780 240 1020 99840 119040 218880 0 10 10
20230511 16:01:58.101 13 0 2 15 0 0 0 70 15 0 0 1920 3380 0 374 1 3.17 1.46 0.63 1 4 70 0 4 0 0 0 0 0 0 670 160 830 85760 79360 165120 0 0 0
20230511 16:01:58.201 11 0 3 16 0 0 0 70 14 0 0 2830 5080 0 374 1 3.32 1.52 0.65 4 1 10 0 1 0 0 0 0 0 0 930 1090 2020 119040 497920 616961 0 180 180
20230511 16:01:58.301 17 0 3 10 0 0 0 70 21 0 0 5510 15140 0 374 4 3.32 1.52 0.65 5 0 30 0 2 0 0 0 0 0 0 930 3240 4170 114200 690319 804519 0 660 660
20230511 16:01:58.401 19 0 4 7 0 1 0 68 24 0 0 4370 10030 0 374 2 3.32 1.52 0.65 2 3 30 0 2 0 0 0 0 0 0 720 1370 2090 92160 179760 271920 0 710 710
20230511 16:01:58.501 14 0 1 13 0 0 0 71 16 0 0 1750 1470 0 374 4 3.32 1.52 0.65 4 0 70 0 4 0 0 0 0 0 0 290 10 300 37120 40 37160 0 0 0
20230511 16:01:58.601 17 0 7 1 0 0 0 75 25 0 0 2350 3910 0 374 4 3.32 1.52 0.65 4 0 30 0 2 0 0 0 0 0 0 710 0 710 90880 0 90880 0 0 0
20230511 16:01:58.701 17 0 9 1 0 2 0 71 28 0 0 3160 4220 0 374 4 3.32 1.52 0.65 4 0 10 0 1 0 0 0 0 0 0 730 0 730 90040 0 90040 0 0 0
20230511 16:01:58.801 20 0 4 1 0 1 0 74 25 0 0 2170 2520 0 374 4 3.32 1.52 0.65 4 0 20 0 1 0 0 10 0 0 0 340 0 340 43520 0 43520 0 0 0
20230511 16:01:58.901 20 0 5 0 0 1 0 74 26 0 0 1760 1520 0 374 4 3.32 1.52 0.65 4 0 20 0 1 0 0 0 0 0 0 220 0 220 23880 0 23880 0 0 0
20230511 16:01:59.001 23 0 2 0 0 1 0 74 26 0 0 1580 850 0 374 4 3.32 1.52 0.65 4 0 40 0 2 0 0 0 0 0 0 10 0 10 1120 0 1120 0 0 0
20230511 16:01:59.101 23 0 2 0 0 1 0 74 26 0 0 1560 780 0 374 4 3.32 1.52 0.65 4 0 20 0 1 0 0 0 0 0 0 0 0 0 0 0 0 0 0 0
20230511 16:01:59.201 24 0 1 0 0 1 0 74 26 0 0 1520 1470 0 374 4 3.32 1.52 0.65 4 0 0 0 0 0 0 0 0 0 0 0 0 0 0 0 0 0 0 0
20230511 16:01:59.301 24 0 1 0 0 0 0 75 25 0 0 1540 760 0 374 4 3.32 1.52 0.65 4 0 30 0 2 0 0 0 0 0 0 0 0 0 0 0 0 0 0 0
20230511 16:01:59.401 24 0 4 0 0 2 0 70 30 0 0 2390 2460 0 374 4 3.32 1.52 0.65 4 0 140 0 8 0 0 0 0 0 0 0 0 0 0 0 0 0 0 0
20230511 16:01:59.501 22 0 2 1 0 0 0 75 25 0 0 2180 1840 0 374 4 3.32 1.52 0.65 4 0 30 10 2 1 0 0 0 0 0 530 0 530 21360 0 21360 0 0 0
20230511 16:01:59.601 18 0 4 4 0 1 0 73 23 0 0 4990 11910 0 374 3 3.32 1.52 0.65 4 0 10 10 1 1 0 0 0 0 0 3110 50 3160 352839 680 353519 0 120 120
20230511 16:01:59.701 20 0 3 4 0 1 0 72 24 0 0 5360 11100 0 374 3 3.32 1.52 0.65 3 1 20 0 1 0 0 0 0 0 0 2800 0 2800 358400 0 358400 0 0 0
20230511 16:01:59.801 12 0 9 1 0 1 0 76 22 0 0 3360 10600 0 374 4 3.32 1.52 0.65 2 1 20 10 1 1 0 10 0 0 0 1390 0 1390 177920 0 177920 0 0 0
20230511 16:01:59.901 18 0 6 2 0 0 0 74 24 0 0 3660 7950 0 374 4 3.32 1.52 0.65 4 0 20 0 1 0 0 0 0 0 0 1870 0 1870 236440 0 236440 0 0 0
20230511 16:02:00.001 19 0 4 2 0 0 0 74 23 0 0 3480 9600 0 374 4 3.32 1.52 0.65 4 2 0 0 0 0 0 0 0 0 0 2010 0 2010 257280 0 257280 0 0 0
20230511 16:02:00.101 21 0 2 2 0 1 0 74 23 0 0 3450 7650 0 374 3 3.32 1.52 0.65 3 1 30 0 2 0 0 0 0 0 0 1940 0 1940 248320 0 248320 0 0 0
20230511 16:02:00.201 20 0 4 2 0 0 0 73 24 0 0 4790 7620 0 374 3 3.32 1.52 0.65 2 3 20 0 1 0 0 0 0 0 0 1590 1740 3330 199480 226680 426160 0 50 50
20230511 16:02:00.301 17 0 2 12 0 2 0 67 20 0 0 2120 1120 0 374 2 3.32 1.52 0.65 2 3 90 0 5 0 0 10 0 0 0 120 440 560 14280 361479 375759 0 30 30
20230511 16:02:00.401 20 0 2 12 0 2 0 65 24 0 0 2270 3060 0 374 3 3.32 1.52 0.65 3 2 20 0 1 0 0 0 0 0 0 20 80 100 1440 80640 82080 0 60 60
20230511 16:02:00.501 23 0 1 7 0 1 0 67 26 0 0 2120 1780 0 374 4 3.32 1.52 0.65 4 1 120 10 7 1 0 0 0 0 0 10 130 140 40 119040 119080 0 60 60
20230511 16:02:00.601 23 0 3 1 0 0 0 74 25 0 0 1650 1070 0 374 5 3.32 1.52 0.65 4 1 30 0 2 0 0 10 0 0 0 20 90 110 840 81960 82800 0 0 0
20230511 16:02:00.701 23 0 4 2 0 1 0 71 27 0 0 2370 1310 0 374 4 3.32 1.52 0.65 4 1 10 0 1 0 0 0 0 0 0 0 110 110 0 115200 115200 0 0 0
20230511 16:02:00.801 20 0 2 7 0 1 0 71 22 0 0 1860 1290 0 374 3 3.32 1.52 0.65 3 2 10 0 1 0 0 30 0 0 0 0 90 90 0 89600 89600 0 0 0
20230511 16:02:00.901 18 0 1 9 0 1 0 72 20 0 0 1460 730 0 374 3 3.32 1.52 0.65 3 2 30 0 2 0 0 0 0 0 0 20 80 100 80 81920 82000 0 0 0
20230511 16:02:01.001 16 0 4 6 0 1 0 72 22 0 0 3710 5540 0 374 2 3.32 1.52 0.65 3 2 20 0 1 0 0 0 0 0 0 1030 1000 2030 46160 660081 706241 0 490 490
20230511 16:02:01.101 10 0 4 13 0 0 0 73 14 0 0 5050 12290 0 374 1 3.32 1.52 0.65 3 1 30 0 2 0 0 10 0 0 0 1640 1570 3210 169640 641759 811399 10 480 490
20230511 16:02:01.201 8 0 6 16 0 0 0 70 14 0 0 5460 16390 0 374 0 3.32 1.52 0.65 4 1 20 0 1 0 0 0 0 0 0 1580 2700 4280 188640 589281 777921 10 280 290
20230511 16:02:01.301 5 0 6 19 0 0 0 69 11 0 0 2300 5320 0 374 2 3.32 1.52 0.65 4 1 30 0 2 0 0 0 0 0 0 1080 200 1280 138240 119040 257280 0 130 130
20230511 16:02:01.401 6 0 8 20 0 1 0 65 15 0 0 3070 6760 0 374 0 3.32 1.52 0.65 0 5 140 0 8 0 0 0 0 0 0 1020 140 1160 130560 81920 212480 0 80 80
20230511 16:02:01.501 4 0 6 21 0 1 0 69 10 0 0 2380 5520 0 374 3 3.32 1.52 0.65 4 1 100 0 6 0 0 0 0 0 0 1160 140 1300 148480 106240 254720 0 110 110
20230511 16:02:01.601 7 0 6 16 0 0 0 71 13 0 0 2940 8280 0 374 1 3.32 1.52 0.65 2 3 0 0 0 0 0 0 0 0 0 1680 150 1830 215040 93440 308480 0 100 100
20230511 16:02:01.701 9 0 6 19 0 1 0 66 15 0 0 4130 9730 0 374 2 3.32 1.52 0.65 2 3 10 0 1 0 0 0 0 0 0 1790 160 1950 229120 78080 307200 0 60 60
20230511 16:02:01.801 8 0 6 18 0 0 0 68 13 0 0 3090 7610 0 374 0 3.32 1.52 0.65 1 4 10 0 1 0 0 10 0 0 0 1660 110 1770 212480 81920 294400 0 80 80
20230511 16:02:01.901 2 0 1 27 0 0 0 70 3 0 0 900 1700 0 374 4 3.32 1.52 0.65 0 5 20 0 1 0 0 0 0 0 0 300 170 470 38400 101120 139520 0 110 110
20230511 16:02:02.001 6 0 5 18 0 0 0 72 11 0 0 3140 11340 0 374 3 3.32 1.52 0.65 5 0 0 0 0 0 0 0 0 0 0 1640 690 2330 209920 358080 568001 0 270 270
20230511 16:02:02.101 6 0 10 13 0 0 0 71 16 0 0 5350 16580 0 374 5 3.32 1.52 0.65 1 4 30 0 2 0 0 0 0 0 0 1400 2670 4070 179200 565519 744719 0 350 350
20230511 16:02:02.201 10 0 6 15 0 0 0 69 15 0 0 4600 13360 0 374 4 3.32 1.52 0.65 4 1 20 0 1 0 0 0 0 0 0 1990 1580 3570 254720 505840 760561 0 330 330
20230511 16:02:02.301 10 0 7 16 0 0 0 68 17 0 0 3780 9340 0 374 0 3.32 1.52 0.65 5 0 110 0 6 0 0 10 0 0 0 1800 490 2290 230400 483839 714239 0 100 100
20230511 16:02:02.401 4 0 9 22 0 0 0 65 13 0 0 2690 7460 180 376 5 3.32 1.52 0.65 2 4 10 10 1 1 0 0 0 0 0 940 110 1050 120320 115200 235520 0 0 0
20230511 16:02:02.501 6 0 6 19 0 0 0 69 12 0 0 4760 10070 120 374 0 3.32 1.52 0.65 1 4 140 0 8 0 0 0 0 0 0 2090 80 2170 267280 81920 349200 0 0 0
20230511 16:02:02.601 7 0 1 23 0 0 0 69 8 0 0 2390 5480 0 374 0 3.32 1.52 0.65 0 5 40 0 2 0 0 0 0 0 0 1100 80 1180 140800 81000 221800 0 30 30
20230511 16:02:02.701 7 0 8 18 0 2 0 64 18 0 0 5010 11290 300 374 2 3.32 1.52 0.65 3 2 0 0 0 0 0 0 0 0 0 1810 110 1920 229040 104040 333080 0 90 90
20230511 16:02:02.801 4 0 4 24 0 0 0 68 8 0 0 2920 5500 0 374 4 3.32 1.52 0.65 2 3 20 0 1 0 0 20 0 0 0 1080 100 1180 136920 94720 231640 0 30 30
20230511 16:02:02.901 8 0 6 18 0 0 0 69 13 0 0 3140 7680 0 374 3 3.32 1.52 0.65 4 1 30 0 2 0 0 0 0 0 0 1680 100 1780 213360 75040 288400 0 0 0
20230511 16:02:03.001 7 0 7 17 0 1 0 68 15 0 0 3030 7880 0 374 3 3.32 1.52 0.65 3 2 20 0 1 0 0 0 0 0 0 1750 130 1880 222680 88360 311040 0 30 30
20230511 16:02:03.101 8 0 8 15 0 1 0 69 16 0 0 3190 8670 0 374 1 3.32 1.52 0.65 2 3 20 0 1 0 0 10 0 0 0 1390 440 1830 175680 252160 427839 0 200 200
20230511 16:02:03.201 12 0 6 12 0 0 0 71 17 0 0 3600 9610 0 374 3 3.45 1.58 0.67 2 3 20 0 1 0 0 0 0 0 0 1130 1140 2270 144440 574641 719081 0 680 680
20230511 16:02:03.301 14 0 8 9 0 1 0 68 22 0 0 5490 15850 0 374 1 3.45 1.58 0.67 2 3 30 0 2 0 0 30 0 0 0 860 3080 3940 105080 684399 789479 0 400 400
20230511 16:02:03.401 14 0 8 11 0 1 0 67 22 0 0 4880 10130 0 374 2 3.45 1.58 0.67 2 4 60 0 4 0 0 0 0 0 0 440 2000 2440 55000 429880 484880 0 860 860
20230511 16:02:03.501 12 0 1 25 0 0 0 62 13 0 0 1210 440 0 374 2 3.45 1.58 0.67 2 4 10 0 1 0 0 0 0 0 0 30 10 40 2520 5120 7640 0 0 0
20230511 16:02:03.601 13 0 0 25 0 0 0 62 13 0 0 1100 700 0 374 2 3.45 1.58 0.67 2 4 20 0 1 0 0 0 0 0 0 0 0 0 0 0 0 0 0 0
20230511 16:02:03.701 11 0 3 24 0 0 0 62 14 0 0 1760 770 0 374 2 3.45 1.58 0.67 2 4 30 0 2 0 0 0 0 0 0 0 0 0 0 0 0 0 0 0
20230511 16:02:03.801 15 0 3 5 0 0 0 77 18 0 0 2010 3600 0 374 4 3.45 1.58 0.67 3 2 0 0 0 0 0 20 0 0 0 250 450 700 29120 98000 127120 0 0 0
20230511 16:02:03.901 22 0 2 8 0 0 0 68 24 0 0 2150 2970 0 374 4 3.45 1.58 0.67 4 1 30 0 2 0 0 0 0 0 0 270 330 600 30760 92520 123280 0 10 10
20230511 16:02:04.001 18 0 3 7 0 0 0 72 22 0 0 1770 2640 0 374 3 3.45 1.58 0.67 3 2 10 0 1 0 0 0 0 0 0 170 110 280 20440 97280 117720 0 0 0
20230511 16:02:04.101 17 0 2 9 0 0 0 71 20 0 0 1560 1280 0 374 3 3.45 1.58 0.67 3 2 10 0 1 0 0 0 0 0 0 60 130 190 7680 111360 119040 0 140 140
20230511 16:02:04.201 20 0 1 10 0 0 0 69 21 0 0 1880 3620 0 374 4 3.45 1.58 0.67 3 2 10 0 1 0 0 0 0 0 0 330 180 510 39600 153600 193200 0 220 220
20230511 16:02:04.301 19 0 6 7 0 0 0 69 25 0 0 2150 3190 0 374 4 3.45 1.58 0.67 3 2 20 0 1 0 0 0 0 0 0 260 340 600 33280 280320 313600 0 320 320
20230511 16:02:04.401 22 0 4 7 0 0 0 67 26 0 0 3160 4940 0 374 4 3.45 1.58 0.67 4 1 10 0 1 0 0 0 0 0 0 340 380 720 42280 304640 346920 0 230 230
20230511 16:02:04.501 21 0 2 8 0 0 0 69 23 0 0 2340 1590 0 374 4 3.45 1.58 0.67 4 1 130 10 8 1 0 0 0 0 0 180 470 650 19320 395520 414840 0 200 200
20230511 16:02:04.601 21 0 3 7 0 0 0 69 24 0 0 3070 2170 0 374 3 3.45 1.58 0.67 3 2 120 10 8 1 0 0 0 0 0 370 890 1260 2720 712559 715279 0 490 490
20230511 16:02:04.701 20 0 2 11 0 0 0 67 22 0 0 2140 990 0 374 3 3.45 1.58 0.67 3 2 0 0 0 0 0 0 0 0 0 30 170 200 2600 126720 129320 0 280 280
20230511 16:02:04.801 19 0 1 12 0 0 0 68 20 0 0 1780 1430 0 374 3 3.45 1.58 0.67 3 2 30 10 2 1 0 0 0 0 0 80 260 340 3760 117480 121240 0 150 150
20230511 16:02:04.901 19 0 2 11 0 0 0 68 20 0 0 1970 1710 0 374 4 3.45 1.58 0.67 4 1 30 10 2 1 0 20 0 0 0 360 220 580 20520 84000 104520 0 100 100
20230511 16:02:05.001 16 0 2 13 0 0 0 69 18 0 0 2760 3490 0 374 1 3.45 1.58 0.67 1 4 20 0 1 0 0 0 0 0 0 1000 420 1420 61880 121200 183080 0 100 100
20230511 16:02:05.101 10 0 1 20 0 0 0 69 11 0 0 2260 4550 0 374 1 3.45 1.58 0.67 1 4 30 0 2 0 0 0 0 0 0 1000 380 1380 113440 79320 192760 0 40 40
20230511 16:02:05.201 11 0 3 16 0 0 0 70 14 0 0 2360 5100 0 374 2 3.45 1.58 0.67 3 2 10 0 1 0 0 0 0 0 0 1240 120 1360 146080 79920 226000 0 70 70
20230511 16:02:05.301 13 0 3 17 0 0 0 67 16 0 0 2110 3930 0 374 1 3.45 1.58 0.67 1 4 30 0 2 0 0 0 0 0 0 810 90 900 98880 80640 179520 0 140 140
20230511 16:02:05.401 10 0 9 12 0 0 0 69 19 0 0 5550 13800 0 374 1 3.45 1.58 0.67 3 2 20 0 1 0 0 0 0 0 0 1050 2350 3400 133080 661201 794281 0 930 930
20230511 16:02:05.501 13 0 6 13 0 1 0 67 20 0 0 5120 13580 0 374 1 3.45 1.58 0.67 1 4 20 10 1 1 0 0 0 0 0 1300 2190 3490 165080 643001 808081 0 610 610
20230511 16:02:05.601 12 0 6 12 0 0 0 70 18 0 0 4280 8530 0 374 3 3.45 1.58 0.67 1 4 30 10 2 1 0 0 0 0 0 1170 1720 2890 146280 583519 729799 0 830 830
20230511 16:02:05.701 12 0 3 16 0 1 0 68 17 0 0 2620 3350 0 374 2 3.45 1.58 0.67 2 3 10 0 1 0 0 0 0 0 0 500 120 620 64000 122880 186880 0 70 70
20230511 16:02:05.801 14 0 4 10 0 1 0 71 19 0 0 2330 3570 0 374 4 3.45 1.58 0.67 4 1 20 0 1 0 0 0 0 0 0 580 120 700 74240 113920 188160 0 50 50
20230511 16:02:05.901 16 0 3 10 0 0 0 71 19 0 0 2470 4440 0 374 2 3.45 1.58 0.67 4 1 30 0 2 0 0 10 0 0 0 940 90 1030 120320 81920 202240 0 30 30
20230511 16:02:06.001 16 0 3 10 0 0 0 71 19 0 0 2520 5820 0 374 2 3.45 1.58 0.67 4 1 30 0 2 0 0 0 0 0 0 990 70 1060 126720 70400 197120 0 30 30
20230511 16:02:06.101 15 0 3 7 0 1 0 74 19 0 0 2240 3590 0 374 2 3.45 1.58 0.67 4 1 100 0 6 0 0 0 0 0 0 680 140 820 87040 129280 216320 0 0 0
20230511 16:02:06.201 13 0 3 13 0 0 0 72 15 0 0 2250 4180 0 374 2 3.45 1.58 0.67 2 3 0 0 0 0 0 0 0 0 0 980 80 1060 88240 72960 161200 0 10 10
20230511 16:02:06.301 10 0 3 17 0 0 0 70 13 0 0 2430 4590 0 374 3 3.45 1.58 0.67 3 2 20 0 1 0 0 0 0 0 0 1340 150 1490 115720 121600 237320 0 40 40
20230511 16:02:06.401 8 0 9 17 0 0 0 65 18 0 0 5130 12290 0 374 3 3.45 1.58 0.67 4 1 10 0 1 0 0 0 0 0 0 2430 460 2890 222120 445440 667561 0 200 200
20230511 16:02:06.501 7 0 9 14 0 0 0 70 16 0 0 4220 11650 0 374 4 3.45 1.58 0.67 4 1 20 0 1 0 0 0 0 0 0 2120 470 2590 245280 468480 713761 10 810 820
20230511 16:02:06.601 8 0 8 15 0 0 0 69 16 0 0 3780 9940 0 374 3 3.45 1.58 0.67 2 3 10 0 1 0 0 0 0 0 0 1840 440 2280 235520 447999 683519 0 0 0
20230511 16:02:06.701 8 0 9 15 0 0 0 68 17 0 0 4960 12410 0 374 1 3.45 1.58 0.67 3 2 30 0 2 0 0 0 0 0 0 2170 450 2620 266720 462080 728801 0 0 0
20230511 16:02:06.801 4 0 5 22 0 0 0 69 9 0 0 2660 6800 0 374 3 3.45 1.58 0.67 2 3 30 0 2 0 0 0 0 0 0 1430 120 1550 183680 122880 306560 20 0 20
20230511 16:02:06.901 9 0 8 16 0 0 0 67 17 0 0 3110 7270 0 374 2 3.45 1.58 0.67 3 2 30 0 2 0 0 20 0 0 0 1510 70 1580 193280 69120 262400 0 0 0
20230511 16:02:07.001 7 0 6 18 0 1 0 69 14 0 0 2980 7620 0 374 3 3.45 1.58 0.67 2 3 10 0 1 0 0 0 0 0 0 1860 80 1940 238080 81920 320000 0 0 0
20230511 16:02:07.101 6 0 9 15 0 0 0 70 15 0 0 2770 6930 0 374 3 3.45 1.58 0.67 1 4 40 0 2 0 0 10 0 0 0 1380 120 1500 176640 122880 299520 0 0 0
20230511 16:02:07.201 7 0 3 21 0 0 0 69 10 0 0 1720 3920 0 374 0 3.45 1.58 0.67 0 5 10 0 1 0 0 0 0 0 0 780 90 870 99840 88320 188160 0 0 0
20230511 16:02:07.301 4 0 4 24 0 0 0 68 8 0 0 2530 5340 0 374 0 3.45 1.58 0.67 0 5 50 0 3 0 0 0 0 0 0 1090 90 1180 110920 80640 191560 0 140 140
20230511 16:02:07.401 8 0 9 18 0 1 0 65 17 0 0 3720 8630 0 374 2 3.45 1.58 0.67 1 4 20 0 1 0 0 10 0 0 0 1610 70 1680 190520 78080 268600 0 100 100
20230511 16:02:07.501 10 0 5 16 0 0 0 69 15 0 0 3610 8950 0 374 4 3.45 1.58 0.67 2 3 10 0 1 0 0 0 0 0 0 1970 300 2270 215920 318280 534201 0 580 580
20230511 16:02:07.601 6 0 7 17 0 1 0 69 14 0 0 3770 8750 0 374 3 3.45 1.58 0.67 4 1 20 0 1 0 0 10 0 0 0 1810 450 2260 220920 478319 699239 0 840 840
20230511 16:02:07.701 8 0 8 18 0 1 0 67 16 0 0 4160 6480 0 374 0 3.45 1.58 0.67 2 3 10 0 1 0 0 0 0 0 0 1250 870 2120 159560 621241 780801 0 550 550
20230511 16:02:07.801 11 0 8 6 0 0 0 74 19 0 0 5970 13190 0 374 4 3.45 1.58 0.67 3 1 20 0 1 0 0 0 0 0 0 2940 1100 4040 376319 56720 433039 0 190 190
20230511 16:02:07.901 11 0 10 4 0 0 0 75 21 0 0 4940 12990 0 374 4 3.45 1.58 0.67 4 0 100 0 6 0 0 10 0 0 0 3060 0 3060 390920 0 390920 10 0 10
20230511 16:02:08.001 13 0 6 4 0 0 0 76 20 0 0 4870 15360 0 374 3 3.45 1.58 0.67 3 1 40 0 2 0 0 0 0 0 0 3220 0 3220 412160 0 412160 0 0 0
20230511 16:02:08.101 7 0 12 6 0 0 0 75 19 0 0 4140 10900 0 374 3 3.45 1.58 0.67 2 2 110 0 6 0 0 10 0 0 0 2300 0 2300 293080 0 293080 0 0 0
20230511 16:02:08.201 11 0 11 3 0 0 0 75 22 0 0 4040 10530 0 374 3 3.50 1.62 0.69 3 0 0 0 0 0 0 0 0 0 0 2360 0 2360 302040 0 302040 0 0 0
20230511 16:02:08.301 12 0 9 3 0 0 0 76 21 0 0 3670 9680 0 374 4 3.50 1.62 0.69 4 0 20 0 1 0 0 0 0 0 0 2160 0 2160 274520 0 274520 0 0 0
20230511 16:02:08.401 13 0 9 8 0 0 0 70 22 0 0 4050 8420 0 374 1 3.50 1.62 0.69 1 4 10 0 1 0 0 0 0 0 0 1460 10 1470 182080 2040 184120 0 500 500
20230511 16:02:08.501 8 0 2 18 0 0 0 72 10 0 0 1790 2860 0 374 2 3.50 1.62 0.69 1 3 30 10 2 1 0 0 0 0 0 700 10 710 84640 40 84680 0 0 0
20230511 16:02:08.601 13 0 4 7 0 0 0 76 17 0 0 3060 6290 0 374 2 3.50 1.62 0.69 4 0 20 0 1 0 0 10 0 0 0 1330 0 1330 165520 0 165520 0 0 0
20230511 16:02:08.701 12 0 8 7 0 1 0 72 21 0 0 3880 6020 0 374 3 3.50 1.62 0.69 3 1 40 0 2 0 0 0 0 0 0 1260 0 1260 155520 0 155520 0 0 0
20230511 16:02:08.801 11 0 6 6 0 0 0 76 18 0 0 2890 5830 0 374 1 3.50 1.62 0.69 4 0 80 0 5 0 0 0 0 0 0 1230 0 1230 155080 0 155080 0 0 0
20230511 16:02:08.901 13 0 5 6 0 0 0 75 18 0 0 2900 5670 0 374 4 3.50 1.62 0.69 3 1 150 0 9 0 0 20 0 0 0 1240 0 1240 156080 0 156080 0 0 0
20230511 16:02:09.001 12 0 6 7 0 1 0 74 19 0 0 2660 5760 0 374 4 3.50 1.62 0.69 3 1 20 0 1 0 0 0 0 0 0 1260 0 1260 160200 0 160200 0 0 0
20230511 16:02:09.101 8 0 2 16 0 0 0 73 11 0 0 1560 2900 0 374 2 3.50 1.62 0.69 4 1 100 0 6 0 0 0 0 0 0 390 290 680 48600 140720 189320 0 220 220
20230511 16:02:09.201 15 0 4 9 0 0 0 72 19 0 0 5500 6750 0 374 4 3.50 1.62 0.69 3 2 20 0 1 0 0 0 0 0 0 450 3500 3950 53080 824001 877081 0 620 620
20230511 16:02:09.301 20 0 4 7 0 0 0 68 24 0 0 4640 2690 0 374 4 3.50 1.62 0.69 5 0 30 0 2 0 0 0 0 0 0 250 2910 3160 29520 771039 800559 0 980 980
20230511 16:02:09.401 21 0 6 5 0 1 0 67 28 0 0 4120 3860 0 374 3 3.50 1.62 0.69 4 1 20 0 1 0 0 30 0 0 0 190 1580 1770 20120 786361 806481 0 400 400
20230511 16:02:09.501 21 0 2 7 0 0 0 69 24 0 0 2530 1450 0 374 4 3.50 1.62 0.69 4 1 30 10 2 1 0 0 0 0 0 160 400 560 17600 167680 185280 0 160 160
20230511 16:02:09.601 23 0 2 7 0 0 0 68 25 0 0 1920 1390 0 374 3 3.50 1.62 0.69 3 3 40 10 3 1 0 10 0 0 0 0 190 190 0 81080 81080 0 300 300
20230511 16:02:09.701 19 0 2 18 0 1 0 60 22 0 0 2020 820 0 374 3 3.50 1.62 0.69 3 3 10 0 1 0 0 0 0 0 0 10 70 80 720 35840 36560 0 0 0
20230511 16:02:09.801 18 0 2 18 0 0 0 62 19 0 0 1490 1280 0 374 3 3.50 1.62 0.69 3 3 20 10 1 1 0 0 0 0 0 0 0 0 0 0 0 0 0 0
20230511 16:02:09.901 17 0 2 19 0 0 0 62 19 0 0 1440 640 0 374 3 3.50 1.62 0.69 3 3 100 0 6 0 0 10 0 0 0 0 0 0 0 0 0 0 0 0
20230511 16:02:10.001 21 0 3 6 0 0 0 70 24 0 0 1680 3260 0 374 4 3.50 1.62 0.69 4 1 20 0 1 0 0 0 0 0 0 20 210 230 1680 105640 107320 0 260 260
20230511 16:02:10.101 22 0 2 7 0 0 0 69 24 0 0 2030 2600 0 374 3 3.50 1.62 0.69 3 2 60 0 4 0 0 10 0 0 0 270 270 540 1080 116480 117560 0 290 290
20230511 16:02:10.201 15 0 6 12 0 0 0 68 20 0 0 3040 4450 0 374 2 3.50 1.62 0.69 2 3 0 0 0 0 0 0 0 0 0 1430 210 1640 73000 90880 163880 0 190 190
20230511 16:02:10.301 16 0 6 9 0 0 0 69 22 0 0 2990 4530 0 374 2 3.50 1.62 0.69 2 3 20 0 1 0 0 0 0 0 0 740 730 1470 88080 313080 401159 0 420 420
20230511 16:02:10.401 18 0 7 9 0 0 0 67 24 0 0 4680 6630 0 374 4 3.50 1.62 0.69 3 2 10 0 1 0 0 0 0 0 0 730 1640 2370 85160 337160 422320 0 30 30
20230511 16:02:10.501 13 0 4 9 0 0 0 73 18 0 0 3150 2710 0 374 2 3.50 1.62 0.69 2 3 30 10 2 1 0 0 0 0 0 450 940 1390 52240 284640 336880 0 450 450
20230511 16:02:10.601 18 0 4 6 0 0 0 72 22 0 0 3310 3440 0 374 5 3.50 1.62 0.69 4 1 30 0 2 0 0 0 0 0 0 320 1390 1710 39360 684879 724239 0 870 870
20230511 16:02:10.701 20 0 6 8 0 0 0 66 25 0 0 3010 2860 0 374 4 3.50 1.62 0.69 3 2 40 0 2 0 0 10 0 0 0 220 360 580 28160 354560 382720 0 270 270
20230511 16:02:10.801 15 0 3 7 0 0 0 75 18 0 0 2350 2700 0 373 3 3.50 1.62 0.69 3 1 140 0 8 0 0 0 0 0 0 450 100 550 48680 102400 151080 40 0 40
20230511 16:02:10.901 14 0 2 7 0 0 0 77 16 0 0 2010 2800 30 375 2 3.50 1.62 0.69 2 3 80 80 6 6 0 10 0 0 0 370 80 450 47360 81920 129280 0 0 0
20230511 16:02:11.001 12 0 1 18 0 0 0 69 13 0 0 1500 990 0 375 2 3.50 1.62 0.69 2 3 20 0 1 0 0 0 0 0 0 30 100 130 3840 34520 38360 0 240 240
20230511 16:02:11.101 12 0 1 19 0 0 0 68 13 0 0 1330 620 0 375 2 3.50 1.62 0.69 2 3 170 0 10 0 0 0 0 0 0 10 10 20 1280 7680 8960 0 0 0
20230511 16:02:11.201 12 0 1 19 0 0 0 68 13 0 0 1170 460 0 375 2 3.50 1.62 0.69 2 3 30 0 2 0 0 10 0 0 0 0 0 0 0 0 0 0 0 0
20230511 16:02:11.301 0 0 0 100 0 0 0 0 0 0 0 1220 1180 0 375 2 3.50 1.62 0.69 2 3 10 0 1 0 0 0 0 0 0 120 80 200 15360 54280 69640 0 100 100
20230511 16:02:11.401 9 0 2 23 0 0 0 67 11 0 0 1430 2410 0 375 1 3.50 1.62 0.69 1 4 20 0 1 0 0 10 0 0 0 0 0 0 0 0 0 0 0 0
20230511 16:02:11.501 6 0 0 25 0 0 0 69 6 0 0 530 360 0 375 1 3.50 1.62 0.69 1 4 20 0 1 0 0 0 0 0 0 20 0 20 2120 0 2120 0 0 0
20230511 16:02:11.601 9 0 1 12 0 0 0 78 10 0 0 990 1160 0 375 2 3.50 1.62 0.69 2 3 50 0 3 0 0 0 0 0 0 90 70 160 9760 41520 51280 0 110 110
20230511 16:02:11.701 11 0 2 16 0 0 0 71 13 0 0 1840 3220 0 375 2 3.50 1.62 0.69 2 3 20 0 1 0 0 10 0 0 0 70 70 140 8800 38960 47760 0 120 120
20230511 16:02:11.801 14 0 3 11 0 1 0 71 18 0 0 2980 4080 70 373 3 3.50 1.62 0.69 4 0 50 30 4 3 0 0 0 0 0 230 470 700 24120 459839 483959 0 300 300
20230511 16:02:11.901 16 0 3 5 0 0 0 76 19 0 0 3070 4410 0 373 3 3.50 1.62 0.69 4 0 80 0 5 0 0 10 0 0 0 360 580 940 35320 533201 568521 0 920 920
20230511 16:02:12.001 16 0 4 4 0 0 0 75 20 0 0 2280 4370 0 373 3 3.50 1.62 0.69 3 1 40 0 2 0 0 0 0 0 0 0 530 530 0 508840 508840 0 700 700
20230511 16:02:12.101 14 0 2 9 0 0 0 76 16 0 0 1380 720 0 373 2 3.50 1.62 0.69 2 2 70 0 4 0 0 0 0 0 0 40 110 150 2800 112640 115440 0 100 100
20230511 16:02:12.201 16 0 1 6 0 0 0 77 17 0 0 1510 820 0 373 3 3.50 1.62 0.69 3 1 20 0 1 0 0 0 0 0 0 10 80 90 840 87040 87880 0 100 100
20230511 16:02:12.301 17 0 1 7 0 0 0 75 19 0 0 1370 600 0 373 2 3.50 1.62 0.69 2 2 0 0 0 0 0 0 0 0 0 0 110 110 0 113920 113920 0 20 20
20230511 16:02:12.401 12 0 3 12 0 0 0 73 15 0 0 2130 2470 0 373 2 3.50 1.62 0.69 2 2 50 0 3 0 0 10 0 0 0 0 80 80 0 86880 86880 0 0 0
20230511 16:02:12.501 12 0 1 9 0 0 0 78 13 0 0 1190 350 0 373 2 3.50 1.62 0.69 2 2 20 0 1 0 0 0 0 0 0 10 80 90 400 76960 77360 0 0 0
20230511 16:02:12.601 17 0 1 7 0 0 0 74 19 0 0 1460 1030 0 373 3 3.50 1.62 0.69 3 1 20 0 1 0 0 0 0 0 0 20 160 180 880 163840 164720 0 0 0
20230511 16:02:12.701 18 0 5 2 0 0 0 75 22 0 0 2780 1580 0 373 3 3.50 1.62 0.69 3 1 20 0 1 0 0 0 0 0 0 0 510 510 0 550401 550401 0 510 510
20230511 16:02:12.801 18 0 3 4 0 0 0 75 21 0 0 2560 1530 0 373 3 3.50 1.62 0.69 3 1 130 0 8 0 0 0 0 0 0 0 790 790 0 848639 848639 0 1710 1710
20230511 16:02:12.901 18 0 1 0 0 0 0 81 19 0 0 1860 690 0 373 3 3.50 1.62 0.69 3 0 30 0 2 0 0 10 0 0 0 0 400 400 0 62800 62800 0 0 0
20230511 16:02:13.001 18 0 1 0 0 0 0 81 19 0 0 1370 470 0 373 3 3.50 1.62 0.69 3 0 80 0 5 0 0 0 0 0 0 0 0 0 0 0 0 0 0 0
20230511 16:02:13.101 17 0 1 1 0 0 0 81 18 0 0 1930 1840 0 373 3 3.50 1.62 0.69 3 0 160 0 9 0 0 0 0 0 0 780 0 780 12840 0 12840 0 0 0
20230511 16:02:13.201 11 0 4 4 0 0 0 82 15 0 0 5400 12140 0 373 3 3.46 1.64 0.71 2 1 30 0 2 0 0 0 0 0 0 3980 0 3980 370120 0 370120 0 0 0
20230511 16:02:13.301 10 0 6 4 0 0 0 80 16 0 0 4380 12100 0 373 3 3.46 1.64 0.71 3 0 10 0 1 0 0 0 0 0 0 3120 0 3120 388639 0 388639 0 0 0
20230511 16:02:13.401 9 0 6 8 0 1 0 77 15 0 0 4130 10890 0 373 0 3.46 1.64 0.71 0 4 30 0 2 0 0 0 0 0 0 2090 10 2100 267520 1960 269480 0 480 480
20230511 16:02:13.501 4 0 3 12 0 0 0 81 8 0 0 2510 5610 0 373 3 3.46 1.64 0.71 3 0 30 0 2 0 0 0 0 0 0 1590 10 1600 177520 40 177560 0 0 0
20230511 16:02:13.601 11 0 5 2 0 0 0 82 16 0 0 3110 7270 0 373 3 3.46 1.64 0.71 3 0 110 0 6 0 0 0 0 0 0 1760 0 1760 221320 0 221320 0 0 0
20230511 16:02:13.701 10 0 6 3 0 0 0 81 16 0 0 3700 7630 0 373 2 3.46 1.64 0.71 2 1 40 0 2 0 0 10 0 0 0 1770 0 1770 221120 0 221120 0 0 0
20230511 16:02:13.801 10 0 6 2 0 0 0 82 16 0 0 2960 6380 0 372 2 3.46 1.64 0.71 2 0 20 0 1 0 0 0 0 0 0 1500 0 1500 192000 0 192000 0 0 0
20230511 16:02:13.901 7 0 3 2 0 0 0 89 9 0 0 2520 6720 0 372 2 3.46 1.64 0.71 2 0 30 0 2 0 0 10 0 0 0 1620 0 1620 206920 0 206920 0 0 0
20230511 16:02:14.001 7 0 4 2 0 0 0 86 11 0 0 2620 7610 0 372 1 3.46 1.64 0.71 1 1 10 0 1 0 0 0 0 0 0 1620 0 1620 206840 0 206840 0 0 0
20230511 16:02:14.101 8 0 3 2 0 0 0 87 11 0 0 2250 5730 0 372 2 3.46 1.64 0.71 2 0 50 0 3 0 0 0 0 0 0 1440 0 1440 181840 0 181840 0 0 0
20230511 16:02:14.201 6 0 4 2 0 0 0 87 11 0 0 2600 7370 0 372 1 3.46 1.64 0.71 2 0 20 0 1 0 0 0 0 0 0 1580 0 1580 199280 0 199280 0 0 0
20230511 16:02:14.301 11 0 1 1 0 0 0 87 12 0 0 1480 2240 0 372 2 3.46 1.64 0.71 2 0 0 0 0 0 0 0 0 0 0 600 0 600 70840 0 70840 0 0 0
20230511 16:02:14.401 12 0 2 0 0 1 0 84 16 0 0 1910 1850 0 372 2 3.46 1.64 0.71 2 0 30 0 2 0 0 0 0 0 0 20 0 20 80 0 80 0 0 0
20230511 16:02:14.501 12 0 1 0 0 1 0 87 13 0 0 1330 320 0 372 2 3.46 1.64 0.71 2 0 40 10 3 1 0 0 0 0 0 0 0 0 0 0 0 0 0 0
20230511 16:02:14.601 13 0 0 0 0 0 0 87 13 0 0 1100 600 0 372 2 3.46 1.64 0.71 2 0 110 10 7 1 0 0 0 0 0 10 0 10 1160 0 1160 0 0 0
20230511 16:02:14.701 12 0 1 0 0 1 0 86 14 0 0 1750 750 0 372 2 3.46 1.64 0.71 3 0 10 0 1 0 0 10 0 0 0 10 0 10 400 0 400 0 0 0
20230511 16:02:14.801 12 0 1 0 0 0 0 87 13 0 0 1250 800 0 372 2 3.46 1.64 0.71 2 0 70 10 4 1 0 0 0 0 0 0 0 0 0 0 0 0 0 0
20230511 16:02:14.901 12 0 1 0 0 0 0 87 13 0 0 1100 280 0 372 2 3.46 1.64 0.71 2 0 110 0 6 0 0 30 0 0 0 0 0 0 0 0 0 0 0 0
20230511 16:02:15.001 12 0 1 0 0 0 0 87 13 0 0 1070 280 0 372 2 3.46 1.64 0.71 2 0 100 0 6 0 0 0 0 0 0 0 0 0 0 0 0 0 0 0
20230511 16:02:15.101 12 0 1 0 0 0 0 88 12 0 0 860 120 0 372 2 3.46 1.64 0.71 2 0 30 0 2 0 0 0 0 0 0 0 0 0 0 0 0 0 0 0
20230511 16:02:15.201 12 0 1 0 0 0 0 87 13 0 0 1040 450 0 372 2 3.46 1.64 0.71 2 0 20 0 1 0 0 10 0 0 0 0 0 0 0 0 0 0 0 0
20230511 16:02:15.301 12 0 1 0 0 0 0 88 12 0 0 890 360 0 372 2 3.46 1.64 0.71 2 0 20 0 1 0 0 0 0 0 0 10 0 10 840 0 840 0 0 0
20230511 16:02:15.401 13 0 2 0 0 0 0 85 15 0 0 1820 2160 0 372 2 3.46 1.64 0.71 2 0 20 0 1 0 0 10 0 0 0 0 0 0 0 0 0 0 0 0
20230511 16:02:15.501 12 0 1 0 0 0 0 87 13 0 0 1090 400 0 372 2 3.46 1.64 0.71 2 0 150 10 9 1 0 0 0 0 0 0 0 0 0 0 0 0 0 0
20230511 16:02:15.601 13 0 0 0 0 0 0 87 13 0 0 1170 650 0 372 2 3.46 1.64 0.71 2 0 170 0 10 0 0 0 0 0 0 0 0 0 0 0 0 0 0 0
20230511 16:02:15.701 11 0 3 0 0 1 0 85 15 0 0 2430 2000 0 372 2 3.46 1.64 0.71 2 0 60 0 4 0 0 10 0 0 0 630 0 630 22600 0 22600 0 0 0
20230511 16:02:15.801 8 0 2 3 0 0 0 87 10 0 0 4020 10220 0 372 1 3.46 1.64 0.71 2 0 100 0 6 0 0 0 0 0 0 2910 0 2910 290480 0 290480 0 0 0
20230511 16:02:15.901 6 0 4 3 0 0 0 88 9 0 0 3590 10710 0 372 2 3.46 1.64 0.71 1 1 20 0 1 0 0 10 0 0 0 2690 0 2690 344320 0 344320 0 0 0
20230511 16:02:16.001 3 0 2 14 0 0 0 81 6 0 0 2400 5410 0 372 0 3.46 1.64 0.71 1 2 0 0 0 0 0 0 0 0 0 660 980 1640 84480 550361 634841 0 310 310
20230511 16:02:16.101 1 0 1 17 0 0 0 81 2 0 0 610 1210 0 372 0 3.46 1.64 0.71 0 3 50 0 3 0 0 0 0 0 0 170 110 280 21760 91720 113480 0 0 0
20230511 16:02:16.201 5 0 3 11 0 0 0 81 8 0 0 1840 4270 0 372 1 3.46 1.64 0.71 1 2 30 0 2 0 0 10 0 0 0 870 140 1010 111360 112640 224000 0 0 0
20230511 16:02:16.301 2 0 1 13 0 0 0 84 3 0 0 860 2490 0 372 2 3.46 1.64 0.71 0 3 0 0 0 0 0 0 0 0 0 520 120 640 66560 79360 145920 0 80 80
20230511 16:02:16.401 4 0 3 14 0 0 0 79 7 0 0 2430 5320 140 373 3 3.46 1.64 0.71 1 3 130 0 8 0 0 0 0 0 0 600 110 710 76800 96000 172800 0 70 70
20230511 16:02:16.501 4 0 3 12 0 0 0 81 7 0 0 3960 6230 140 372 2 3.46 1.64 0.71 3 1 30 0 2 0 0 0 0 0 0 1000 240 1240 128000 104960 232960 0 160 160
20230511 16:02:16.601 5 0 3 12 0 0 0 80 8 0 0 2400 4850 0 372 2 3.46 1.64 0.71 1 2 100 0 6 0 0 0 0 0 0 950 210 1160 121600 79360 200960 0 70 70
20230511 16:02:16.701 6 0 6 11 0 1 0 77 12 0 0 4900 9680 280 372 1 3.46 1.64 0.71 2 1 10 0 1 0 0 20 0 0 0 960 580 1540 122880 239360 362240 0 30 30
20230511 16:02:16.801 3 0 5 12 0 0 0 80 8 0 0 5970 12680 0 372 1 3.46 1.64 0.71 2 2 20 0 1 0 0 0 0 0 0 670 2620 3290 85760 538039 623799 0 700 700
20230511 16:02:16.901 2 0 1 16 0 0 0 81 3 0 0 1470 3050 0 372 2 3.46 1.64 0.71 1 2 170 0 10 0 0 0 0 0 0 210 520 730 26880 86680 113560 0 10 10
20230511 16:02:17.001 4 0 7 9 0 0 0 80 11 0 0 3920 9700 0 372 2 3.46 1.64 0.71 2 1 0 0 0 0 0 40 0 0 0 700 1760 2460 89600 294960 384560 0 110 110
20230511 16:02:17.101 4 0 6 7 0 0 0 82 11 0 0 4390 10940 0 372 2 3.46 1.64 0.71 2 1 130 0 8 0 0 0 0 0 0 720 1970 2690 92160 494079 586239 0 130 130
20230511 16:02:17.201 2 0 3 12 0 0 0 82 6 0 0 1520 3130 0 372 0 3.46 1.64 0.71 0 3 10 0 1 0 0 0 0 0 0 400 350 750 51200 119120 170320 0 70 70
20230511 16:02:17.301 5 0 5 10 0 0 0 80 10 0 0 2270 5110 0 372 2 3.46 1.64 0.71 2 1 20 0 1 0 0 0 0 0 0 690 470 1160 88320 117720 206040 0 70 70
20230511 16:02:17.401 4 0 4 10 0 1 0 81 9 0 0 3060 6100 0 372 1 3.46 1.64 0.71 1 2 0 0 0 0 0 0 0 0 0 940 370 1310 120320 79360 199680 0 0 0
20230511 16:02:17.501 6 0 2 10 0 1 0 81 9 0 0 2770 5110 0 372 1 3.46 1.64 0.71 1 2 120 0 7 0 0 10 0 0 0 890 420 1310 113920 77240 191160 0 0 0
20230511 16:02:17.601 3 0 2 9 0 0 0 85 6 0 0 2560 4260 0 372 0 3.46 1.64 0.71 1 2 110 0 6 0 0 0 0 0 0 530 890 1420 67840 156120 223960 0 20 20
20230511 16:02:17.701 4 0 3 14 0 0 0 80 6 0 0 2740 3920 0 372 1 3.46 1.64 0.71 1 2 110 0 6 0 0 30 0 0 0 680 470 1150 87040 84880 171920 0 10 10
20230511 16:02:17.801 6 0 4 10 0 1 0 80 10 0 0 2580 5090 0 372 2 3.46 1.64 0.71 1 2 100 0 6 0 0 0 0 0 0 830 450 1280 103640 79320 182960 0 20 20
20230511 16:02:17.901 8 0 4 7 0 0 0 82 11 0 0 5770 10520 0 372 2 3.46 1.64 0.71 1 2 30 0 2 0 0 0 0 0 0 510 4120 4630 45240 698681 743921 0 30 30
20230511 16:02:18.001 8 0 1 8 0 0 0 82 9 0 0 2560 8010 0 372 2 3.46 1.64 0.71 1 2 10 0 1 0 0 0 0 0 0 580 950 1530 73000 667441 740441 0 750 750
20230511 16:02:18.101 8 0 2 9 0 0 0 81 11 0 0 2710 7930 0 372 1 3.46 1.64 0.71 1 2 10 0 1 0 0 0 0 0 0 360 1580 1940 46080 502479 548559 0 490 490
20230511 16:02:18.201 8 0 2 8 0 0 0 82 10 0 0 1450 2060 0 372 1 3.42 1.67 0.72 1 2 20 0 1 0 0 20 0 0 0 290 270 560 37120 110000 147120 0 20 20
20230511 16:02:18.301 9 0 1 10 0 0 0 81 9 0 0 1280 1530 0 372 2 3.42 1.67 0.72 2 1 0 0 0 0 0 0 0 0 0 260 390 650 33280 123120 156400 0 200 200
20230511 16:02:18.401 9 0 4 9 0 0 0 79 12 0 0 2140 3360 0 372 1 3.42 1.67 0.72 1 3 30 0 2 0 0 0 0 0 0 310 140 450 39720 49200 88920 10 510 520
20230511 16:02:18.501 6 0 0 18 0 0 0 75 6 0 0 660 490 0 372 1 3.42 1.67 0.72 1 3 30 0 2 0 0 0 0 0 0 10 10 20 1280 1280 2560 0 0 0
20230511 16:02:18.601 6 0 1 19 0 0 0 75 6 0 0 650 560 0 372 1 3.42 1.67 0.72 1 3 110 0 6 0 0 0 0 0 0 0 0 0 0 0 0 0 0 0
20230511 16:02:18.701 7 0 1 19 0 0 0 74 8 0 0 1170 920 0 371 0 3.42 1.67 0.72 0 3 0 0 0 0 0 10 0 0 0 0 0 0 0 0 0 0 0 0
20230511 16:02:18.801 0 0 0 100 0 0 0 0 0 0 0 1250 2580 0 371 1 3.42 1.67 0.72 1 1 30 0 2 0 0 0 0 0 0 340 210 550 43520 97320 140840 0 250 250
20230511 16:02:18.901 3 0 1 8 0 0 0 89 3 0 0 1410 3480 0 371 0 3.42 1.67 0.72 0 2 20 0 1 0 0 0 0 0 0 650 280 930 80560 269080 349640 0 530 530
20230511 16:02:19.001 6 0 0 1 0 0 0 93 6 0 0 1030 1800 0 371 1 3.42 1.67 0.72 1 0 0 0 0 0 0 20 0 0 0 180 190 370 21120 7840 28960 0 0 0
20230511 16:02:19.101 6 0 1 0 0 0 0 94 6 0 0 430 360 0 371 1 3.42 1.67 0.72 1 0 30 0 2 0 0 0 0 0 0 0 0 0 0 0 0 0 0 0
20230511 16:02:19.201 7 0 1 0 0 0 0 92 8 0 0 760 2450 0 371 1 3.42 1.67 0.72 1 0 10 0 1 0 0 0 0 0 0 0 0 0 0 0 0 0 0 0
20230511 16:02:19.301 6 0 1 0 0 0 0 93 7 0 0 590 720 0 370 1 3.42 1.67 0.72 1 0 20 10 1 3 0 0 0 0 0 80 0 80 320 0 320 0 0 0
20230511 16:02:19.401 6 0 2 0 0 0 0 92 8 0 0 1400 1810 0 370 1 3.42 1.67 0.72 1 0 30 0 2 0 0 0 0 0 0 10 0 10 600 0 600 0 0 0
20230511 16:02:19.501 1 0 6 0 0 0 0 93 7 0 0 1420 1140 0 370 1 3.42 1.67 0.72 1 0 120 10 8 1 0 0 0 0 0 0 0 0 0 0 0 0 0 0
20230511 16:02:19.601 1 0 6 0 0 0 0 93 7 0 0 690 1720 0 370 1 3.42 1.67 0.72 1 0 120 10 8 1 0 0 0 0 0 0 0 0 0 0 0 0 0 0
20230511 16:02:19.701 1 0 7 0 0 0 0 92 8 0 0 1360 2000 0 370 1 3.42 1.67 0.72 1 0 20 0 1 0 0 10 0 0 0 0 0 0 0 0 0 0 0 0
20230511 16:02:19.801 1 0 7 0 0 0 0 93 7 0 0 930 1910 0 370 1 3.42 1.67 0.72 1 0 30 10 2 1 0 0 0 0 0 0 0 0 0 0 0 0 0 0
20230511 16:02:19.901 1 0 6 0 0 0 0 93 7 0 0 630 1460 0 370 1 3.42 1.67 0.72 1 0 10 0 1 0 0 0 0 0 0 0 0 0 0 0 0 0 0 0
20230511 16:02:20.001 0 0 6 0 0 0 0 94 6 0 0 760 3890 0 370 1 3.42 1.67 0.72 1 0 10 0 1 0 0 0 0 0 0 0 0 0 0 0 0 0 0 0
20230511 16:02:20.101 1 0 7 4 0 1 0 87 9 0 0 1740 2780 0 370 1 3.42 1.67 0.72 1 1 0 0 0 0 0 0 0 0 0 0 970 970 0 742159 742159 0 2730 2730
20230511 16:02:20.201 1 0 6 4 0 0 0 89 7 0 0 1970 2360 0 370 1 3.42 1.67 0.72 1 1 30 0 2 0 0 0 0 0 0 0 1300 1300 0 677521 677521 0 1380 1380
20230511 16:02:20.301 1 0 4 9 0 0 0 86 5 0 0 1080 1800 40 372 1 3.42 1.67 0.72 1 2 20 0 1 0 0 0 0 0 0 0 360 360 0 153600 153600 30 350 380
20230511 16:02:20.401 1 0 2 18 0 0 0 80 3 0 0 1580 2140 0 372 0 3.42 1.67 0.72 0 3 100 0 6 0 0 0 0 0 0 0 80 80 0 88320 88320 0 0 0
20230511 16:02:20.501 0 0 0 19 0 0 0 81 0 0 0 430 540 0 372 0 3.42 1.67 0.72 0 3 10 10 1 1 0 20 0 0 0 0 40 40 0 43520 43520 0 0 0
20230511 16:02:20.601 1 0 4 9 0 0 0 86 6 0 0 1560 1360 50 373 1 3.42 1.67 0.72 1 1 20 0 1 0 0 0 0 0 0 20 100 120 200 102400 102600 0 0 0
20230511 16:02:20.701 2 0 3 6 0 1 0 89 5 0 0 2680 2160 0 373 0 3.42 1.67 0.72 0 1 40 40 3 5 0 0 0 0 0 50 100 150 200 97280 97480 0 50 50
