Date Time [CPU]User% [CPU]Nice% [CPU]Sys% [CPU]Wait% [CPU]Irq% [CPU]Soft% [CPU]Steal% [CPU]Idle% [CPU]Totl% [CPU]Guest% [CPU]GuestN% [CPU]Intrpt/sec [CPU]Ctx/sec [CPU]Proc/sec [CPU]ProcQue [CPU]ProcRun [CPU]L-Avg1 [CPU]L-Avg5 [CPU]L-Avg15 [CPU]RunTot [CPU]BlkTot [NET]RxPktTot [NET]TxPktTot [NET]RxKBTot [NET]TxKBTot [NET]RxCmpTot [NET]RxMltTot [NET]TxCmpTot [NET]RxErrsTot [NET]TxErrsTot [DSK]ReadTot [DSK]WriteTot [DSK]OpsTot [DSK]ReadKBTot [DSK]WriteKBTot [DSK]KbTot [DSK]ReadMrgTot [DSK]WriteMrgTot [DSK]MrgTot
20230511 09:28:14.001 16 0 3 7 0 0 0 75 18 0 0 100620 4300 0 565 2 4.69 1.97 1.21 2 2 60 40 6 5 0 0 0 0 0 90 670 760 1000 91200 92200 160 32930 33090
20230511 09:28:14.101 12 0 2 11 0 0 0 74 15 0 0 16590 4640 0 565 3 4.69 1.97 1.21 2 3 70 20 6 2 0 0 0 0 0 1810 600 2410 35840 72080 107920 7240 6620 13860
20230511 09:28:14.201 8 0 2 15 0 0 0 74 11 0 0 30530 7780 20 565 3 4.69 1.97 1.21 5 0 30 10 3 1 0 20 0 0 0 3060 840 3900 65680 69600 135280 13510 16560 30070
20230511 09:28:14.301 8 0 10 13 0 0 0 68 18 0 0 37580 25710 100 568 1 4.71 2.02 1.23 3 1 50 10 4 1 0 0 0 0 0 3010 2690 5700 68120 76840 144960 13850 16520 30370
20230511 09:28:14.401 6 0 3 14 0 0 0 78 8 0 0 29240 27100 0 568 0 4.71 2.02 1.23 2 2 20 10 2 1 0 0 0 0 0 2760 6280 9040 60320 83600 143920 12450 14620 27070
20230511 09:28:14.501 7 0 3 15 0 0 0 75 9 0 0 26610 13760 0 568 1 4.71 2.02 1.23 0 4 110 70 11 9 0 0 0 0 0 3130 1910 5040 58400 62240 120640 11270 13710 24980
20230511 09:28:14.601 4 0 8 6 0 0 0 82 12 0 0 59540 121250 0 568 1 4.71 2.02 1.23 1 3 250 140 23 17 0 0 0 0 0 610 31510 32120 15520 137720 153240 3270 2860 6130
20230511 09:28:14.701 3 0 8 20 0 0 0 70 10 0 0 15510 31480 0 568 1 4.71 2.02 1.23 3 4 210 90 18 11 0 0 0 0 0 20 6170 6190 320 24680 25000 160 180 340
20230511 09:28:14.801 12 0 6 6 0 1 0 74 19 0 0 72860 27220 10 568 4 4.71 2.02 1.23 4 0 110 40 9 5 0 0 0 0 0 7140 4470 11610 114360 128960 243320 21350 28080 49430
20230511 09:28:14.901 24 0 1 0 0 0 0 75 25 0 0 27270 4120 0 568 1 4.71 2.02 1.23 3 1 30 0 2 0 0 0 0 0 0 150 920 1070 1960 39000 40960 340 8500 8840
20230511 09:28:15.001 11 0 4 2 0 0 0 83 15 0 0 32040 9320 0 568 1 4.71 2.02 1.23 3 1 190 0 11 0 0 0 0 0 0 2740 660 3400 39440 194680 234120 7150 24160 31310
20230511 09:28:15.101 11 0 5 2 0 0 0 82 16 0 0 52550 12650 0 568 4 4.71 2.02 1.23 2 1 40 0 2 0 0 0 0 0 0 3350 550 3900 73680 231280 304960 15110 38220 53330
20230511 09:28:15.201 17 0 2 2 0 0 0 78 19 0 0 11460 13170 0 568 1 4.71 2.02 1.23 2 1 40 0 2 0 0 0 0 0 0 3900 580 4480 84680 112440 197120 17200 4030 21230
20230511 09:28:15.301 12 0 12 2 0 0 0 74 23 0 0 44690 25360 90 565 3 4.71 2.02 1.23 4 0 40 0 2 0 0 0 0 0 0 4350 790 5140 100680 204320 305000 20820 24200 45020
20230511 09:28:15.401 14 0 4 2 0 0 0 80 18 0 0 60840 10410 0 565 2 4.71 2.02 1.23 1 1 30 0 2 0 0 0 0 0 0 3150 470 3620 67880 174240 242120 13870 27620 41490
20230511 09:28:15.501 10 0 7 5 0 0 0 78 17 0 0 6310 12940 30 565 1 4.71 2.02 1.23 1 0 30 20 2 4 0 10 0 0 0 3360 550 3910 79960 150600 230560 16580 19300 35880
20230511 09:28:15.601 18 0 8 2 0 1 0 72 26 0 0 7110 16770 0 565 3 4.71 2.02 1.23 4 0 90 50 10 5 0 0 0 0 0 3280 420 3700 72280 99240 171520 14860 7980 22840
20230511 09:28:15.701 15 0 12 2 0 0 0 71 27 0 0 68420 19450 0 565 4 4.71 2.02 1.23 2 1 40 10 3 1 0 10 0 0 0 4010 700 4710 94400 187400 281800 19590 20590 40180
20230511 09:28:15.801 11 0 4 2 0 1 0 82 16 0 0 31890 17470 0 565 2 4.71 2.02 1.23 5 0 50 30 4 3 0 0 0 0 0 4280 610 4890 95320 186400 281720 19540 23640 43180
20230511 09:28:15.901 17 0 4 2 0 0 0 78 21 0 0 56740 11560 0 565 3 4.71 2.02 1.23 4 1 30 10 2 1 0 0 0 0 0 3440 530 3970 79560 167000 246560 16460 25500 41960
20230511 09:28:16.001 13 0 6 3 0 0 0 78 19 0 0 51360 14400 0 565 4 4.71 2.02 1.23 2 1 110 0 9 0 0 0 0 0 0 4810 710 5520 106640 174200 280840 21780 22600 44380
20230511 09:28:16.101 15 0 4 1 0 0 0 79 20 0 0 125140 9090 0 565 4 4.71 2.02 1.23 3 0 20 0 1 0 0 0 0 0 0 2690 470 3160 52360 287040 339400 10470 59810 70280
20230511 09:28:16.201 16 0 4 3 0 1 0 77 20 0 0 7340 17680 0 565 3 4.71 2.02 1.23 3 1 20 0 1 0 0 20 0 0 0 5720 50 5770 108680 12960 121640 21410 0 21410
20230511 09:28:16.301 18 0 8 3 0 1 0 71 26 0 0 14950 23170 0 565 4 4.71 2.02 1.23 4 1 20 0 1 0 0 0 0 0 0 4430 830 5260 86320 202360 288680 17120 3190 20310
20230511 09:28:16.401 14 0 5 2 0 1 0 78 20 0 0 67220 11260 0 565 1 4.71 2.02 1.23 2 1 10 0 1 0 0 0 0 0 0 3230 460 3690 66680 165480 232160 13470 24220 37690
20230511 09:28:16.501 14 0 4 6 0 0 0 77 17 0 0 21640 15210 0 565 2 4.71 2.02 1.23 2 3 50 20 3 2 0 10 0 0 0 4390 440 4830 85120 120680 205800 16930 7810 24740
20230511 09:28:16.601 13 0 5 18 0 1 0 63 19 0 0 2980 7000 0 565 2 4.71 2.02 1.23 2 2 40 0 2 0 0 0 0 0 0 10 50 60 320 2320 2640 50 330 380
20230511 09:28:16.701 14 0 6 9 0 1 0 71 21 0 0 8430 12890 0 565 4 4.71 2.02 1.23 4 2 50 10 4 1 0 30 0 0 0 1380 630 2010 27160 37400 64560 5360 2320 7680
20230511 09:28:16.801 18 0 4 1 0 0 0 77 22 0 0 51410 4410 0 565 4 4.71 2.02 1.23 4 0 20 0 1 0 0 0 0 0 0 2240 70 2310 46000 87600 133600 4330 21830 26160
20230511 09:28:16.901 8 0 4 4 0 1 0 83 12 0 0 15930 21450 0 565 0 4.71 2.02 1.23 1 0 30 0 2 0 0 0 0 0 0 6290 740 7030 122240 194560 316800 14570 32720 47290
20230511 09:28:17.001 7 0 4 5 0 2 0 82 13 0 0 6020 16870 0 565 0 4.71 2.02 1.23 0 2 110 0 6 0 0 20 0 0 0 4520 240 4760 130520 154880 285400 18100 24980 43080
20230511 09:28:17.101 9 0 4 4 0 1 0 82 14 0 0 6440 21340 0 565 1 4.71 2.02 1.23 3 2 40 10 2 1 0 0 0 0 0 4640 590 5230 138720 135560 274280 21010 40 21050
20230511 09:28:17.201 8 0 3 4 0 1 0 85 11 0 0 6540 15240 0 565 1 4.71 2.02 1.23 1 2 40 0 2 0 0 10 0 0 0 3280 470 3750 156880 163160 320040 12980 24710 37690
20230511 09:28:17.301 5 0 11 3 0 1 0 80 17 0 0 14060 25550 0 565 2 4.71 2.02 1.23 2 0 120 0 7 0 0 0 0 0 0 3220 660 3880 101800 233720 335520 14500 35830 50330
20230511 09:28:17.401 7 0 7 4 0 0 0 81 14 0 0 6160 18540 0 565 0 4.71 2.02 1.23 0 2 10 0 1 0 0 0 0 0 0 3550 950 4500 139920 204720 344640 14730 40 14770
20230511 09:28:17.501 4 0 6 6 0 0 0 85 9 0 0 82570 14010 0 565 2 4.71 2.02 1.23 3 2 10 0 1 0 0 10 0 0 0 3380 730 4110 93880 280560 374440 13340 49560 62900
20230511 09:28:17.601 9 0 11 5 0 1 0 74 21 0 0 27190 24650 0 565 2 4.71 2.02 1.23 2 1 30 0 2 0 0 0 0 0 0 4270 1230 5500 149680 247040 396719 10450 9330 19780
20230511 09:28:17.701 9 0 11 4 0 0 0 76 20 0 0 7170 24510 0 565 1 4.71 2.02 1.23 3 0 20 10 1 1 0 0 0 0 0 3880 950 4830 134600 199240 333840 12030 30 12060
20230511 09:28:17.801 6 0 4 5 0 0 0 84 11 0 0 8110 20950 10 566 1 4.71 2.02 1.23 2 0 30 10 2 1 0 10 0 0 0 4640 1000 5640 142960 231200 374159 15600 70 15670
20230511 09:28:17.901 6 0 5 3 0 0 0 86 11 0 0 61150 12280 0 566 2 4.71 2.02 1.23 2 0 20 10 1 1 0 0 0 0 0 2010 970 2980 78320 280480 358800 7340 55560 62900
20230511 09:28:18.001 8 0 3 6 0 0 0 83 11 0 0 21420 22060 0 565 1 4.71 2.02 1.23 2 1 130 20 8 2 0 10 0 0 0 5950 580 6530 212120 141000 353120 22970 10630 33600
20230511 09:28:18.101 4 0 4 5 0 0 0 86 9 0 0 6480 20280 0 565 0 4.71 2.02 1.23 0 2 30 10 2 1 0 0 0 0 0 4600 660 5260 132760 203200 335960 18940 60 19000
20230511 09:28:18.201 1 0 4 4 0 0 0 91 6 0 0 5100 13820 0 565 1 4.71 2.02 1.23 1 0 20 0 1 0 0 0 0 0 0 2910 640 3550 79360 219760 299120 11940 35350 47290
20230511 09:28:18.301 6 0 9 7 0 0 0 77 16 0 0 9810 29990 20 567 1 4.71 2.02 1.23 1 1 40 20 3 2 0 10 0 0 0 5340 300 5640 212760 112360 325120 20880 7180 28060
20230511 09:28:18.401 3 0 4 3 0 0 0 90 7 0 0 6060 16140 0 567 4 4.71 2.02 1.23 3 0 10 0 1 0 0 0 0 0 0 3780 850 4630 100480 183080 283560 13590 27180 40770
20230511 09:28:18.501 10 0 6 6 0 0 0 78 16 0 0 41210 21160 0 567 2 4.71 2.02 1.23 2 2 60 20 13 12 0 0 0 0 0 4850 1160 6010 207920 159080 367000 17710 21010 38720
20230511 09:28:18.601 10 0 11 7 0 1 0 71 22 0 0 112270 20990 0 567 2 4.71 2.02 1.23 1 3 160 10 10 1 0 0 0 0 0 3830 440 4270 174800 290560 465359 11390 59690 71080
20230511 09:28:18.701 11 0 12 6 0 0 0 71 23 0 0 25810 26830 0 567 5 4.71 2.02 1.23 10 1 50 10 3 1 0 0 0 0 0 6660 340 7000 232040 74400 306440 23730 9120 32850
20230511 09:28:18.801 9 0 6 9 0 0 0 76 15 0 0 9980 24720 0 567 4 4.71 2.02 1.23 4 0 20 10 1 5 0 20 0 0 0 6210 950 7160 218440 228280 446719 24800 10 24810
20230511 09:28:18.901 7 0 6 8 0 0 0 79 13 0 0 69010 17720 0 567 1 4.71 2.02 1.23 1 1 30 0 2 0 0 0 0 0 0 4380 1070 5450 143160 301840 445000 19390 42060 61450
20230511 09:28:19.001 10 0 4 6 0 0 0 79 15 0 0 6960 17010 0 567 3 4.71 2.02 1.23 2 0 30 10 2 1 0 0 0 0 0 4230 990 5220 159960 256240 416200 15020 60 15080
20230511 09:28:19.101 3 0 4 4 0 0 0 89 7 0 0 9570 22950 0 567 0 4.71 2.02 1.23 0 1 50 10 3 1 0 0 0 0 0 3840 1850 5690 126360 233720 360079 14110 31130 45240
20230511 09:28:19.201 3 0 5 4 0 0 0 87 8 0 0 13480 32000 40 569 1 4.71 2.02 1.23 3 1 50 20 3 2 0 0 0 0 0 4340 4230 8570 111760 173160 284920 13320 7360 20680
20230511 09:28:19.301 6 0 11 5 0 0 0 78 17 0 0 11000 34170 360 570 2 4.74 2.07 1.25 0 1 20 0 1 0 0 0 0 0 0 5020 670 5690 154720 188040 342760 16650 17980 34630
20230511 09:28:19.401 6 0 7 7 0 1 0 80 13 0 0 18520 17730 0 570 3 4.74 2.07 1.25 4 0 30 10 3 1 0 0 0 0 0 1540 3920 5460 85760 259080 344840 4970 33330 38300
20230511 09:28:19.501 2 0 8 8 0 0 0 82 9 0 0 73210 10820 0 570 1 4.74 2.07 1.25 1 1 10 0 1 0 0 10 0 0 0 3340 680 4020 76440 339680 416120 8050 78720 86770
20230511 09:28:19.601 7 0 9 9 0 0 0 74 16 0 0 16770 42030 280 568 3 4.74 2.07 1.25 2 2 40 30 3 4 0 0 0 0 0 12080 0 12080 261400 0 261400 33120 0 33120
20230511 09:28:19.701 11 0 16 6 0 0 0 67 27 0 0 15220 27560 0 568 1 4.74 2.07 1.25 8 2 20 0 1 0 0 0 0 0 0 5360 6780 12140 183720 128280 312000 16970 70 17040
20230511 09:28:19.801 11 0 7 7 0 0 0 75 18 0 0 10870 22920 0 568 1 4.74 2.07 1.25 2 2 20 0 1 0 0 20 0 0 0 7310 740 8050 229880 118040 347920 23770 10 23780
20230511 09:28:19.901 13 0 7 6 0 0 0 74 20 0 0 170630 11590 0 568 1 4.74 2.07 1.25 0 1 20 0 1 0 0 0 0 0 0 4270 340 4610 105440 312720 418160 12840 76910 89750
20230511 09:28:20.001 9 0 6 6 0 0 0 78 15 0 0 10210 20830 0 568 5 4.74 2.07 1.25 4 0 60 0 4 0 0 10 0 0 0 8020 490 8510 146600 122880 269480 27210 10 27220
20230511 09:28:20.101 12 0 8 6 0 0 0 75 19 0 0 43670 14790 0 568 3 4.74 2.07 1.25 4 0 0 0 0 0 0 0 0 0 0 5590 660 6250 117640 208960 326600 23790 20680 44470
20230511 09:28:20.201 15 0 6 4 0 0 0 75 21 0 0 51060 10350 0 568 5 4.74 2.07 1.25 4 0 40 0 2 0 0 0 0 0 0 3980 430 4410 90120 157720 247840 18550 17540 36090
20230511 09:28:20.301 18 0 12 4 0 0 0 67 30 0 0 74790 20860 90 565 2 4.74 2.07 1.25 3 1 20 0 1 0 0 10 0 0 0 4180 450 4630 84520 199880 284400 16950 25480 42430
20230511 09:28:20.401 14 0 6 4 0 0 0 75 20 0 0 92330 13440 0 565 3 4.74 2.07 1.25 3 0 40 0 2 0 0 0 0 0 0 4390 480 4870 96160 225960 322120 19650 33600 53250
20230511 09:28:20.501 13 0 4 4 0 1 0 79 18 0 0 42970 13290 0 565 4 4.74 2.07 1.25 3 1 120 0 7 0 0 0 0 0 0 4330 610 4940 95680 195080 290760 19590 26270 45860
20230511 09:28:20.601 16 0 10 3 0 0 0 71 26 0 0 25070 16350 0 565 3 4.74 2.07 1.25 4 0 150 0 9 0 0 0 0 0 0 3290 490 3780 64960 136920 201880 12950 9780 22730
20230511 09:28:20.701 18 0 11 4 0 0 0 68 28 0 0 53880 17570 0 565 1 4.74 2.07 1.25 9 1 40 0 2 0 0 0 0 0 0 4450 390 4840 90000 132240 222240 18050 19070 37120
20230511 09:28:20.801 17 0 4 3 0 0 0 76 21 0 0 31470 14890 0 565 4 4.74 2.07 1.25 4 0 30 0 2 0 0 10 0 0 0 2950 700 3650 58520 131960 190480 11680 13320 25000
20230511 09:28:20.901 8 0 11 2 0 0 0 79 19 0 0 238180 610 0 565 2 4.74 2.07 1.25 2 1 20 0 1 0 0 0 0 0 0 0 290 290 0 298880 298880 70 84650 84720
20230511 09:28:21.001 12 0 1 6 0 0 0 81 13 0 0 2230 2450 0 565 3 4.74 2.07 1.25 3 1 40 0 2 0 0 0 0 0 0 730 80 810 11280 58040 69320 2030 0 2030
20230511 09:28:21.101 13 0 1 11 0 1 0 74 15 0 0 3570 6990 0 565 0 4.74 2.07 1.25 1 3 50 0 3 0 0 0 0 0 0 2390 0 2390 42160 0 42160 8280 0 8280
20230511 09:28:21.201 11 0 1 9 0 0 0 79 12 0 0 3110 6290 0 565 3 4.74 2.07 1.25 2 2 50 0 3 0 0 0 0 0 0 2040 0 2040 40760 0 40760 8070 0 8070
20230511 09:28:21.301 11 0 6 7 0 0 0 75 17 0 0 4870 14890 0 565 2 4.74 2.07 1.25 4 0 30 0 2 0 0 20 0 0 0 1590 0 1590 27560 0 27560 5340 0 5340
20230511 09:28:21.401 14 0 1 7 0 0 0 78 16 0 0 3040 4930 0 565 3 4.74 2.07 1.25 3 0 30 0 2 0 0 0 0 0 0 1520 0 1520 30040 0 30040 5890 0 5890
20230511 09:28:21.501 8 0 2 7 0 0 0 84 9 0 0 2520 4700 0 565 1 4.74 2.07 1.25 1 3 0 10 0 1 0 20 0 0 0 1200 180 1380 22440 30040 52480 4480 320 4800
20230511 09:28:21.601 7 0 6 18 0 0 0 69 13 0 0 2900 6370 0 565 1 4.74 2.07 1.25 1 3 30 0 2 0 0 0 0 0 0 20 50 70 480 2200 2680 100 190 290
20230511 09:28:21.701 7 0 6 18 0 0 0 69 12 0 0 1300 4780 0 565 4 4.74 2.07 1.25 5 3 20 0 1 0 0 0 0 0 0 10 30 40 320 9280 9600 70 0 70
20230511 09:28:21.801 6 0 2 9 0 0 0 82 9 0 0 4370 10770 0 565 2 4.74 2.07 1.25 3 0 10 0 1 0 0 0 0 0 0 1920 600 2520 39160 94360 133520 7830 20 7850
20230511 09:28:21.901 10 0 2 5 0 0 0 83 12 0 0 14020 7250 0 565 0 4.74 2.07 1.25 1 1 20 0 1 0 0 0 0 0 0 1440 580 2020 26360 75680 102040 5190 5460 10650
20230511 09:28:22.001 6 0 2 4 0 0 0 87 8 0 0 3270 7760 0 565 3 4.74 2.07 1.25 3 1 110 0 6 0 0 0 0 0 0 2240 0 2240 37280 0 37280 7010 0 7010
20230511 09:28:22.101 10 0 4 4 0 0 0 82 14 0 0 19780 11790 0 565 3 4.74 2.07 1.25 3 0 0 10 0 1 0 0 0 0 0 2770 750 3520 53960 124280 178240 10720 8500 19220
20230511 09:28:22.201 13 0 4 3 0 0 0 81 17 0 0 37160 14690 0 565 3 4.74 2.07 1.25 4 0 70 0 4 0 0 0 0 0 0 4320 510 4830 77720 149520 227240 15110 17480 32590
20230511 09:28:22.301 19 0 10 1 0 0 0 69 29 0 0 10730 19270 0 565 3 4.74 2.07 1.25 3 0 20 0 1 0 0 0 0 0 0 2310 490 2800 47800 78800 126600 9640 4450 14090
20230511 09:28:22.401 12 0 6 2 0 0 0 79 18 0 0 91500 8420 0 565 1 4.74 2.07 1.25 4 0 10 0 1 0 0 0 0 0 0 2520 170 2690 55880 176120 232000 11450 42520 53970
20230511 09:28:22.501 19 0 4 2 0 0 0 75 22 0 0 22510 12910 0 565 3 4.74 2.07 1.25 3 0 40 0 2 0 0 10 0 0 0 3490 1130 4620 70840 230760 301600 14220 11600 25820
20230511 09:28:22.601 16 0 9 3 0 1 0 72 25 0 0 46520 20250 0 565 3 4.74 2.07 1.25 2 0 150 0 9 0 0 0 0 0 0 4810 610 5420 92040 156800 248840 15740 13820 29560
20230511 09:28:22.701 13 0 10 4 0 0 0 73 23 0 0 54940 22620 0 565 4 4.74 2.07 1.25 1 1 30 0 2 0 0 0 0 0 0 4820 510 5330 119360 154880 274240 14850 23550 38400
20230511 09:28:22.801 6 0 9 4 0 0 0 81 15 0 0 147580 15110 0 565 3 4.74 2.07 1.25 3 0 30 0 2 0 0 20 0 0 0 4180 990 5170 106200 343920 450119 11950 63940 75890
20230511 09:28:22.901 8 0 7 5 0 0 0 80 15 0 0 82160 21550 0 565 1 4.74 2.07 1.25 1 4 20 0 1 0 0 0 0 0 0 7550 270 7820 226680 182680 409360 29720 33550 63270
20230511 09:28:23.001 6 0 6 6 0 0 0 83 11 0 0 8600 20500 0 565 0 4.74 2.07 1.25 1 3 50 0 3 0 0 0 0 0 0 6160 490 6650 213640 114120 327760 19630 20 19650
20230511 09:28:23.101 6 0 6 5 0 0 0 83 12 0 0 42160 21140 0 565 3 4.74 2.07 1.25 4 0 20 0 1 0 0 10 0 0 0 5360 500 5860 169280 183840 353119 18650 21520 40170
20230511 09:28:23.201 3 0 3 9 0 0 0 85 6 0 0 7660 20230 0 565 0 4.74 2.07 1.25 1 1 40 0 2 0 0 0 0 0 0 5020 970 5990 149680 197400 347080 19390 3560 22950
20230511 09:28:23.301 5 0 10 5 0 1 0 79 16 0 0 8750 27090 0 565 1 4.74 2.07 1.25 1 3 10 10 1 1 0 0 0 0 0 2760 1320 4080 103760 279040 382799 9610 10420 20030
20230511 09:28:23.401 11 0 4 3 0 0 0 81 16 0 0 42920 12860 0 565 2 4.74 2.07 1.25 1 2 50 0 3 0 0 0 0 0 0 2870 800 3670 139360 144040 283400 8100 18430 26530
20230511 09:28:23.501 3 0 7 2 0 0 0 88 10 0 0 11720 9060 20 567 2 4.74 2.07 1.25 1 1 20 20 2 2 0 0 0 0 0 2310 620 2930 50400 347960 398360 9010 68190 77200
20230511 09:28:23.601 10 0 6 6 0 1 0 77 17 0 0 10170 28110 0 567 0 4.74 2.07 1.25 3 0 20 0 1 0 0 10 0 0 0 6070 840 6910 174680 146640 321320 19040 10 19050
20230511 09:28:23.701 11 0 12 4 0 0 0 72 23 0 0 6610 18450 0 567 4 4.74 2.07 1.25 2 2 40 20 12 12 0 0 0 0 0 3010 1220 4230 160120 242240 402360 7810 50 7860
20230511 09:28:23.801 7 0 4 5 0 0 0 84 11 0 0 9070 21390 0 567 3 4.74 2.07 1.25 5 0 100 0 6 0 0 20 0 0 0 5620 910 6530 171120 124480 295600 19180 0 19180
20230511 09:28:23.901 4 0 4 4 0 1 0 87 9 0 0 8110 20830 0 567 3 4.74 2.07 1.25 1 1 70 60 6 9 0 0 0 0 0 4950 1310 6260 127040 203360 330400 20990 17010 38000
20230511 09:28:24.001 1 0 4 6 0 0 0 88 6 0 0 9390 10920 0 567 1 4.74 2.07 1.25 1 3 20 0 1 0 0 0 0 0 0 1050 1540 2590 46440 311200 357640 3980 49770 53750
20230511 09:28:24.101 2 0 9 4 0 0 0 85 11 0 0 108150 14540 0 567 4 4.74 2.07 1.25 1 3 20 10 1 1 0 0 0 0 0 5390 350 5740 127800 291240 419039 16130 72450 88580
20230511 09:28:24.201 4 0 4 8 0 0 0 83 9 0 0 11590 27900 0 567 2 4.74 2.07 1.25 1 1 120 0 7 0 0 0 0 0 0 9400 0 9400 242320 0 242320 30060 0 30060
20230511 09:28:24.301 5 0 10 6 0 0 0 79 15 0 0 13010 36540 0 567 2 4.68 2.10 1.26 3 1 90 20 6 2 0 10 0 0 0 6390 2820 9210 165320 150880 316200 22470 0 22470
20230511 09:28:24.401 9 0 5 8 0 0 0 77 15 0 0 12810 36680 0 567 3 4.68 2.10 1.26 1 2 50 0 3 0 0 0 0 0 0 6350 4420 10770 231440 195680 427120 21750 40 21790
20230511 09:28:24.501 11 0 6 5 0 0 0 79 16 0 0 27640 49480 0 567 0 4.68 2.10 1.26 1 3 60 30 5 3 0 0 0 0 0 3660 10420 14080 190680 119080 309760 11830 4020 15850
20230511 09:28:24.601 6 0 8 12 0 1 0 74 15 0 0 50840 44670 0 567 1 4.68 2.10 1.26 1 4 120 0 7 0 0 0 0 0 0 1420 9750 11170 66640 143000 209640 4050 24820 28870
20230511 09:28:24.701 7 0 12 10 0 1 0 70 19 0 0 38210 10570 0 565 3 4.68 2.10 1.26 2 2 40 30 3 4 0 0 0 0 0 1430 220 1650 42480 114920 157400 3570 25550 29120
20230511 09:28:24.801 2 0 1 7 0 0 0 90 3 0 0 3460 6290 0 565 0 4.68 2.10 1.26 0 1 20 0 1 0 0 20 0 0 0 1370 0 1370 31920 0 31920 4080 0 4080
20230511 09:28:24.901 2 0 2 7 0 0 0 90 4 0 0 2270 6180 0 565 0 4.68 2.10 1.26 1 0 60 0 4 0 0 0 0 0 0 1610 0 1610 37480 0 37480 5300 0 5300
20230511 09:28:25.001 4 0 3 9 0 0 0 84 7 0 0 3390 8630 0 565 1 4.68 2.10 1.26 4 1 10 0 1 0 0 0 0 0 0 1740 790 2530 35120 115640 150760 5460 10 5470
20230511 09:28:25.101 2 0 2 8 0 0 0 89 4 0 0 2060 7910 0 565 0 4.68 2.10 1.26 1 2 30 0 2 0 0 10 0 0 0 1480 0 1480 39200 0 39200 5220 0 5220
20230511 09:28:25.201 7 0 3 16 0 0 0 73 10 0 0 4940 9790 0 565 4 4.68 2.10 1.26 3 0 50 0 3 0 0 0 0 0 0 2840 470 3310 92160 85120 177280 8730 40 8770
20230511 09:28:25.301 4 0 15 4 0 0 0 77 19 0 0 6700 23750 0 565 2 4.68 2.10 1.26 3 0 30 0 2 0 0 0 0 0 0 1410 1450 2860 52320 272880 325200 5470 47330 52800
20230511 09:28:25.401 8 0 7 10 0 0 0 75 15 0 0 9680 25600 0 565 1 4.68 2.10 1.26 2 3 20 0 1 0 0 0 0 0 0 6700 1500 8200 210240 206880 417120 22090 10 22100
20230511 09:28:25.501 3 0 4 5 0 0 0 89 6 0 0 8470 23440 0 565 1 4.68 2.10 1.26 0 1 10 0 1 0 0 0 0 0 0 3240 1980 5220 81480 252160 333640 13310 27570 40880
20230511 09:28:25.601 3 0 8 5 0 1 0 84 11 0 0 10760 32840 0 565 0 4.68 2.10 1.26 0 2 10 0 3 0 0 10 0 0 0 4610 2400 7010 110400 180040 290440 15550 9920 25470
20230511 09:28:25.701 7 0 11 7 0 0 0 75 19 0 0 13270 40790 0 565 0 4.68 2.10 1.26 2 2 40 0 2 0 0 0 0 0 0 4640 4210 8850 185240 219280 404520 15800 9370 25170
20230511 09:28:25.801 5 0 4 4 0 0 0 87 9 0 0 13210 17170 0 565 1 4.68 2.10 1.26 1 1 20 0 1 0 0 20 0 0 0 3410 610 4020 108480 187320 295800 8480 30050 38530
20230511 09:28:25.901 13 0 3 6 0 0 0 78 16 0 0 18920 19440 0 565 2 4.68 2.10 1.26 4 1 60 0 4 0 0 0 0 0 0 5240 690 5930 216960 114360 331320 15750 5850 21600
20230511 09:28:26.001 11 0 7 7 0 1 0 74 19 0 0 96350 14160 0 565 2 4.68 2.10 1.26 1 3 50 0 3 0 0 0 0 0 0 3990 710 4700 124080 260240 384320 13080 43510 56590
20230511 09:28:26.101 10 0 7 7 0 2 0 74 19 0 0 14140 20280 0 565 1 4.68 2.10 1.26 2 3 0 0 0 0 0 0 0 0 0 6190 490 6680 224440 75880 300320 21710 3340 25050
20230511 09:28:26.201 6 0 5 10 0 0 0 79 11 0 0 105570 13900 0 565 2 4.68 2.10 1.26 3 2 10 0 1 0 0 0 0 0 0 3900 650 4550 115560 310920 426480 13890 76780 90670
20230511 09:28:26.301 3 0 10 13 0 0 0 73 14 0 0 12850 28420 0 565 0 4.68 2.10 1.26 0 2 120 0 7 0 0 10 0 0 0 5640 430 6070 123040 100280 223320 20000 2620 22620
20230511 09:28:26.401 4 0 3 19 0 0 0 74 7 0 0 4280 10020 0 565 0 4.68 2.10 1.26 1 3 20 0 1 0 0 0 0 0 0 2910 530 3440 77920 117840 195760 11860 0 11860
20230511 09:28:26.501 3 0 3 16 0 0 0 78 6 0 0 4370 10690 0 565 0 4.68 2.10 1.26 2 6 60 10 4 1 0 0 0 0 0 2360 710 3070 64640 48160 112800 9000 430 9430
20230511 09:28:26.601 0 0 4 31 0 0 0 65 4 0 0 2240 6480 0 565 0 4.68 2.10 1.26 0 7 80 0 5 0 0 0 0 0 0 0 0 0 0 0 0 0 0 0
20230511 09:28:26.701 1 0 5 30 0 0 0 63 6 0 0 940 4080 0 565 0 4.68 2.10 1.26 5 7 10 0 1 0 0 0 0 0 0 40 0 40 560 0 560 100 0 100
20230511 09:28:26.801 0 0 1 31 0 0 0 68 1 0 0 1540 1690 0 565 0 4.68 2.10 1.26 0 7 20 0 1 0 0 0 0 0 0 0 0 0 0 0 0 0 0 0
20230511 09:28:26.901 1 0 0 28 0 0 0 71 1 0 0 520 1060 0 565 0 4.68 2.10 1.26 0 6 30 0 2 0 0 0 0 0 0 110 140 250 2560 2880 5440 180 240 420
20230511 09:28:27.001 0 0 0 25 0 0 0 75 0 0 0 250 570 0 565 0 4.68 2.10 1.26 0 6 0 0 0 0 0 0 0 0 0 0 0 0 0 0 0 0 0 0
20230511 09:28:27.101 0 0 1 25 0 0 0 75 1 0 0 410 2940 0 565 0 4.68 2.10 1.26 0 6 30 10 2 1 0 10 0 0 0 40 0 40 600 0 600 90 0 90
20230511 09:28:27.201 2 0 3 15 0 0 0 80 5 0 0 5950 17110 0 565 0 4.68 2.10 1.26 0 2 50 0 3 0 0 0 0 0 0 1940 2590 4530 51240 106280 157520 7580 320 7900
20230511 09:28:27.301 3 0 6 6 0 1 0 84 10 0 0 19600 12630 0 565 1 4.68 2.10 1.26 1 3 10 0 1 0 0 0 0 0 0 1430 430 1860 30360 153560 183920 3750 36370 40120
20230511 09:28:27.401 8 0 4 14 0 0 0 74 11 0 0 6480 11210 0 565 1 4.68 2.10 1.26 2 3 60 0 4 0 0 0 0 0 0 3750 1080 4830 85240 104560 189800 11330 20 11350
20230511 09:28:27.501 13 0 4 7 0 0 0 77 16 0 0 23610 16570 0 565 1 4.68 2.10 1.26 2 1 20 0 1 0 0 0 0 0 0 3750 2540 6290 71320 131480 202800 8470 12360 20830
20230511 09:28:27.601 13 0 5 3 0 1 0 78 19 0 0 26760 26010 0 565 4 4.68 2.10 1.26 3 1 0 0 0 0 0 10 0 0 0 4440 4720 9160 125360 188280 313640 11090 12390 23480
20230511 09:28:27.701 11 0 7 7 0 0 0 75 18 0 0 55460 26150 0 565 4 4.68 2.10 1.26 3 2 20 0 1 0 0 0 0 0 0 5150 2620 7770 141000 173840 314840 12410 21920 34330
20230511 09:28:27.801 8 0 6 10 0 0 0 77 13 0 0 130760 23030 0 565 3 4.68 2.10 1.26 3 1 30 0 2 0 0 0 0 0 0 8570 340 8910 210000 304360 514359 27940 73650 101590
20230511 09:28:27.901 6 0 6 9 0 0 0 80 11 0 0 10700 28900 0 565 0 4.68 2.10 1.26 1 4 50 0 3 0 0 20 0 0 0 7970 930 8900 230320 150240 380560 28860 20 28880
20230511 09:28:28.001 7 0 6 9 0 0 0 78 13 0 0 50840 23600 0 565 4 4.68 2.10 1.26 3 1 40 0 2 0 0 0 0 0 0 5350 1850 7200 176320 224680 401000 21170 34370 55540
20230511 09:28:28.101 8 0 6 8 0 1 0 77 15 0 0 54580 27880 0 565 4 4.68 2.10 1.26 2 2 100 0 6 0 0 20 0 0 0 8860 530 9390 248760 202480 451239 30850 30430 61280
20230511 09:28:28.201 6 0 1 9 0 1 0 82 8 0 0 4620 11950 0 565 1 4.68 2.10 1.26 2 0 100 0 6 0 0 0 0 0 0 2920 360 3280 105760 92360 198120 10500 80 10580
20230511 09:28:28.301 5 0 10 7 0 0 0 79 14 0 0 18150 16890 0 565 0 4.68 2.10 1.26 1 1 40 0 2 0 0 0 0 0 0 780 260 1040 29280 111000 140280 2810 23540 26350
20230511 09:28:28.401 0 0 1 4 0 0 0 95 1 0 0 770 820 0 565 0 4.68 2.10 1.26 0 1 20 0 1 0 0 10 0 0 0 0 90 90 0 81320 81320 0 27250 27250
20230511 09:28:28.501 0 0 1 5 0 0 0 94 1 0 0 500 630 0 565 0 4.68 2.10 1.26 0 1 40 10 3 1 0 0 0 0 0 0 120 120 0 122880 122880 0 42080 42080
20230511 09:28:28.601 1 0 9 5 0 0 0 85 10 0 0 3360 6190 0 565 0 4.68 2.10 1.26 0 1 110 0 6 0 0 10 0 0 0 0 70 70 0 74240 74240 70 13950 14020
20230511 09:28:28.701 2 0 3 9 0 0 0 87 4 0 0 2300 9000 0 565 0 4.68 2.10 1.26 1 1 40 0 5 0 0 0 0 0 0 1110 70 1180 26880 68840 95720 2830 0 2830
20230511 09:28:28.801 2 0 1 9 0 0 0 88 4 0 0 4000 6320 0 565 0 4.68 2.10 1.26 3 1 20 0 1 0 0 0 0 0 0 1900 0 1900 46320 0 46320 5300 0 5300
20230511 09:28:28.901 10 0 5 8 0 0 0 77 15 0 0 9910 24130 0 565 3 4.68 2.10 1.26 3 0 40 0 2 0 0 50 0 0 0 8150 320 8470 251080 61000 312080 26410 10 26420
20230511 09:28:29.001 6 0 3 4 0 0 0 87 9 0 0 6880 19580 0 565 2 4.68 2.10 1.26 1 2 0 0 0 0 0 0 0 0 0 5080 340 5420 144160 97320 241480 16740 20 16760
20230511 09:28:29.101 6 0 7 3 0 0 0 84 13 0 0 54110 15050 0 565 4 4.68 2.10 1.26 4 0 30 0 2 0 0 0 0 0 0 3180 710 3890 112480 166880 279360 10610 18710 29320
20230511 09:28:29.201 5 0 6 4 0 0 0 85 11 0 0 41760 16150 0 565 1 4.68 2.10 1.26 1 1 50 0 3 0 0 0 0 0 0 3560 2070 5630 79240 182000 261240 9120 11200 20320
20230511 09:28:29.301 3 0 8 6 0 0 0 83 11 0 0 10800 31030 0 565 0 4.68 2.10 1.26 1 1 10 0 1 0 0 0 0 0 0 5320 2450 7770 124760 199360 324120 16600 830 17430
20230511 09:28:29.401 1 0 5 4 0 0 0 89 6 0 0 6870 16670 0 565 1 4.70 2.15 1.28 1 0 60 0 4 0 0 0 0 0 0 3450 2410 5860 74520 283800 358320 12360 24310 36670
20230511 09:28:29.501 3 0 6 6 0 0 0 86 8 0 0 8010 22070 0 565 3 4.70 2.15 1.28 2 0 90 0 5 0 0 0 0 0 0 5460 2420 7880 124200 181520 305720 19380 10650 30030
20230511 09:28:29.601 7 0 13 6 0 1 0 73 21 0 0 37430 24250 0 565 0 4.70 2.15 1.28 3 1 20 0 1 0 0 20 0 0 0 4010 6410 10420 142480 241480 383959 14020 12940 26960
20230511 09:28:29.701 7 0 10 9 0 0 0 73 18 0 0 66540 29010 0 565 5 4.70 2.15 1.28 4 3 10 0 1 0 0 0 0 0 0 5290 4110 9400 175160 320040 495200 18330 57160 75490
20230511 09:28:29.801 12 0 5 7 0 1 0 75 18 0 0 9270 20730 0 565 4 4.70 2.15 1.28 3 1 20 0 1 0 0 0 0 0 0 6120 730 6850 209000 141400 350399 16330 30 16360
20230511 09:28:29.901 11 0 6 5 0 0 0 78 17 0 0 21670 18160 0 565 1 4.70 2.15 1.28 1 0 190 0 11 0 0 10 0 0 0 4510 700 5210 169760 160000 329760 13650 24950 38600
20230511 09:28:30.001 0 0 1 4 0 0 0 95 1 0 0 840 810 0 565 0 4.70 2.15 1.28 0 1 120 0 7 0 0 0 0 0 0 0 170 170 0 156200 156200 0 44470 44470
20230511 09:28:30.101 3 0 1 9 0 0 0 87 4 0 0 2660 5310 0 565 0 4.70 2.15 1.28 1 2 10 0 1 0 0 10 0 0 0 1830 70 1900 41400 48400 89800 5520 3740 9260
20230511 09:28:30.201 3 0 1 9 0 1 0 87 5 0 0 2270 5450 0 565 1 4.70 2.15 1.28 1 1 80 0 5 0 0 0 0 0 0 1500 0 1500 34240 0 34240 5480 0 5480
20230511 09:28:30.301 6 0 6 10 0 1 0 77 13 0 0 5080 14070 0 565 0 4.70 2.15 1.28 0 2 40 0 2 0 0 0 0 0 0 2120 0 2120 51200 0 51200 6680 0 6680
20230511 09:28:30.401 5 0 3 14 0 0 0 78 8 0 0 3960 9030 0 565 1 4.70 2.15 1.28 0 4 40 0 2 0 0 10 0 0 0 2950 210 3160 96960 58760 155720 11310 20 11330
20230511 09:28:30.501 3 0 2 15 0 0 0 80 5 0 0 3590 8410 0 565 3 4.70 2.15 1.28 3 2 30 0 2 0 0 0 0 0 0 2820 80 2900 84880 21840 106720 9470 0 9470
20230511 09:28:30.601 8 0 7 12 0 1 0 72 16 0 0 13250 18250 0 565 4 4.70 2.15 1.28 1 1 10 0 1 0 0 0 0 0 0 3070 550 3620 112880 66240 179120 10550 6450 17000
20230511 09:28:30.701 5 0 13 9 0 1 0 72 19 0 0 57480 26260 0 565 3 4.70 2.15 1.28 13 0 30 0 2 0 0 0 0 0 0 6330 560 6890 154400 220560 374960 21970 40630 62600
20230511 09:28:30.801 5 0 8 6 0 0 0 82 12 0 0 12290 34000 0 565 4 4.70 2.15 1.28 1 2 10 0 1 0 0 10 0 0 0 3920 3720 7640 115600 211880 327480 12660 2310 14970
20230511 09:28:30.901 2 0 4 3 0 0 0 92 6 0 0 5140 8070 0 565 2 4.70 2.15 1.28 1 1 20 0 1 0 0 20 0 0 0 1980 250 2230 61200 199120 260320 7470 47900 55370
20230511 09:28:31.001 8 0 4 6 0 0 0 82 13 0 0 6920 18340 0 565 2 4.70 2.15 1.28 3 0 10 0 1 0 0 0 0 0 0 4960 500 5460 151120 135200 286320 16010 40 16050
20230511 09:28:31.101 8 0 7 6 0 0 0 80 14 0 0 7350 18580 0 565 3 4.70 2.15 1.28 2 2 20 0 1 0 0 10 0 0 0 4640 1040 5680 127600 197200 324800 14240 50 14290
20230511 09:28:31.201 3 0 6 1 0 0 0 90 9 0 0 24430 3990 0 565 1 4.70 2.15 1.28 1 0 30 0 2 0 0 0 0 0 0 680 710 1390 23960 342640 366600 2360 81480 83840
20230511 09:28:31.301 8 0 8 8 0 0 0 75 16 0 0 11750 33290 0 565 1 4.70 2.15 1.28 0 3 10 0 1 0 0 0 0 0 0 7520 760 8280 244680 168640 413319 24260 6750 31010
20230511 09:28:31.401 9 0 7 8 0 0 0 77 16 0 0 9370 22080 0 565 4 4.70 2.15 1.28 0 3 60 0 4 0 0 0 0 0 0 7360 290 7650 213720 91240 304960 25000 0 25000
20230511 09:28:31.501 6 0 6 12 0 1 0 76 12 0 0 13070 18020 0 565 0 4.70 2.15 1.28 0 6 60 10 4 1 0 0 0 0 0 4980 820 5800 168520 183840 352360 19450 3410 22860
20230511 09:28:31.601 1 0 3 29 0 0 0 66 4 0 0 3240 6140 0 565 0 4.70 2.15 1.28 1 5 90 0 5 0 0 20 0 0 0 130 120 250 4280 9040 13320 410 430 840
20230511 09:28:31.701 3 0 7 6 0 0 0 83 10 0 0 16620 22620 0 565 3 4.70 2.15 1.28 3 0 0 0 0 0 0 0 0 0 0 5080 620 5700 133120 231200 364320 18240 55740 73980
20230511 09:28:31.801 9 0 7 7 0 0 0 77 15 0 0 23000 30430 0 565 5 4.70 2.15 1.28 2 2 20 0 1 0 0 0 0 0 0 8260 1250 9510 246680 184080 430759 27690 5350 33040
20230511 09:28:31.901 5 0 4 6 0 0 0 85 9 0 0 35550 5800 0 565 0 4.70 2.15 1.28 1 0 60 0 4 0 0 10 0 0 0 850 430 1280 34840 126520 161360 2740 36560 39300
20230511 09:28:32.001 0 0 1 5 0 0 0 94 1 0 0 660 1020 0 565 0 4.70 2.15 1.28 0 2 30 0 2 0 0 0 0 0 0 130 150 280 3840 128440 132280 620 23670 24290
20230511 09:28:32.101 3 0 2 13 0 0 0 82 5 0 0 3520 8190 0 565 1 4.70 2.15 1.28 2 2 80 10 5 1 0 20 0 0 0 2520 0 2520 69960 0 69960 8440 0 8440
20230511 09:28:32.201 7 0 1 14 0 0 0 78 8 0 0 4800 9710 0 565 0 4.70 2.15 1.28 2 2 30 0 2 0 0 0 0 0 0 3510 0 3510 102200 0 102200 12420 0 12420
20230511 09:28:32.301 5 0 7 10 0 0 0 78 12 0 0 5830 16580 0 565 1 4.70 2.15 1.28 1 1 50 0 3 0 0 0 0 0 0 2240 270 2510 71680 38440 110120 7280 0 7280
20230511 09:28:32.401 6 0 4 12 0 0 0 77 11 0 0 4000 7580 0 565 0 4.70 2.15 1.28 0 1 30 0 2 0 0 10 0 0 0 2140 300 2440 81040 50640 131680 7240 0 7240
20230511 09:28:32.501 8 0 2 8 0 0 0 81 11 0 0 3060 6140 0 565 1 4.70 2.15 1.28 3 0 50 10 3 1 0 0 0 0 0 1590 270 1860 66440 52400 118840 6050 40 6090
20230511 09:28:32.601 1 0 13 3 0 4 0 78 19 0 0 80380 10720 0 565 2 4.70 2.15 1.28 3 0 0 0 0 0 0 30 0 0 0 1090 890 1980 42600 340160 382759 3950 73460 77410
20230511 09:28:32.701 9 0 9 5 0 1 0 76 19 0 0 21510 29280 0 565 3 4.70 2.15 1.28 3 0 110 0 6 0 0 0 0 0 0 7600 70 7670 204600 45000 249600 25570 9690 35260
20230511 09:28:32.801 4 0 5 9 0 0 0 82 9 0 0 9760 23480 0 565 2 4.70 2.15 1.28 2 2 20 0 1 0 0 0 0 0 0 6090 1170 7260 167520 217360 384879 23460 10 23470
20230511 09:28:32.901 2 0 8 6 0 0 0 84 10 0 0 26250 17260 0 565 0 4.70 2.15 1.28 4 0 10 0 1 0 0 10 0 0 0 3740 1660 5400 98920 263480 362400 14410 10520 24930
20230511 09:28:33.001 6 0 10 8 0 1 0 75 17 0 0 78660 17440 0 565 3 4.70 2.15 1.28 3 1 20 0 1 0 0 0 0 0 0 5080 2800 7880 153240 298440 451680 17420 27640 45060
20230511 09:28:33.101 4 0 12 4 0 0 0 79 17 0 0 60150 12770 0 565 2 4.70 2.15 1.28 1 2 20 0 1 0 0 0 0 0 0 3090 970 4060 96800 183320 280120 11190 27260 38450
20230511 09:28:33.201 9 0 6 6 0 1 0 79 16 0 0 16830 21370 0 565 2 4.70 2.15 1.28 4 0 30 0 2 0 0 0 0 0 0 5880 1770 7650 201040 162600 363640 20230 3870 24100
20230511 09:28:33.301 9 0 10 8 0 2 0 71 21 0 0 156810 24690 0 565 1 4.70 2.15 1.28 3 1 0 0 0 0 0 0 0 0 0 3930 500 4430 111200 435319 546519 12330 106260 118590
20230511 09:28:33.401 11 0 3 9 0 0 0 78 14 0 0 12080 28250 0 565 2 4.70 2.15 1.28 3 1 120 0 7 0 0 20 0 0 0 9590 610 10200 273560 114120 387680 28970 10 28980
20230511 09:28:33.501 12 0 4 8 0 0 0 76 17 0 0 11080 23210 0 565 2 4.70 2.15 1.28 3 1 40 0 2 0 0 0 0 0 0 9210 130 9340 243440 23160 266600 30300 0 30300
20230511 09:28:33.601 14 0 9 7 0 2 0 68 25 0 0 105000 16560 0 565 3 4.70 2.15 1.28 3 1 110 0 6 0 0 0 0 0 0 3710 410 4120 69480 187520 257000 13630 43060 56690
20230511 09:28:33.701 14 0 6 6 0 0 0 74 20 0 0 40680 54050 0 565 4 4.70 2.15 1.28 6 2 40 10 3 1 0 10 0 0 0 5570 9740 15310 113080 142760 255840 22830 3360 26190
20230511 09:28:33.801 10 0 3 6 0 0 0 81 13 0 0 42120 21890 0 565 1 4.70 2.15 1.28 3 1 0 0 0 0 0 0 0 0 0 6530 420 6950 125320 182040 307360 24740 28530 53270
20230511 09:28:33.901 10 0 2 6 0 0 0 81 13 0 0 33630 18560 0 565 2 4.70 2.15 1.28 5 0 110 0 6 0 0 10 0 0 0 5800 570 6370 110480 200720 311200 21750 30240 51990
20230511 09:28:34.001 15 0 3 3 0 0 0 79 18 0 0 37050 15050 0 565 3 4.70 2.15 1.28 4 0 30 0 2 0 0 0 0 0 0 3730 880 4610 65520 137920 203440 12660 14350 27010
20230511 09:28:34.101 15 0 5 3 0 0 0 77 20 0 0 53520 11970 0 565 3 4.70 2.15 1.28 3 0 130 0 8 0 0 0 0 0 0 3380 420 3800 61040 146040 207080 11870 22150 34020
20230511 09:28:34.201 12 0 6 0 0 0 0 81 19 0 0 174770 1240 0 565 4 4.70 2.15 1.28 4 0 20 0 1 0 0 0 0 0 0 390 350 740 8440 351440 359880 1730 84540 86270
20230511 09:28:34.301 14 0 4 7 0 3 0 72 21 0 0 14100 37510 300 565 2 4.70 2.15 1.28 2 1 80 0 5 0 0 0 0 0 0 9650 0 9650 179480 0 179480 35280 0 35280
20230511 09:28:34.401 11 0 3 7 0 1 0 78 14 0 0 8740 18490 0 565 3 4.73 2.19 1.30 3 1 30 0 2 0 0 0 0 0 0 6270 530 6800 121200 154720 275920 22050 20 22070
20230511 09:28:34.501 10 0 5 5 0 1 0 79 16 0 0 9050 20140 0 565 6 4.73 2.19 1.30 4 0 30 0 2 0 0 0 0 0 0 6870 570 7440 150520 96520 247040 21390 50 21440
20230511 09:28:34.601 11 0 9 3 0 0 0 77 20 0 0 20710 21350 300 565 2 4.73 2.19 1.30 2 0 20 0 1 0 0 0 0 0 0 3630 780 4410 92200 223200 315400 12220 35200 47420
20230511 09:28:34.701 10 0 10 3 0 1 0 77 20 0 0 29780 16170 0 565 4 4.73 2.19 1.30 7 0 110 0 6 0 0 0 0 0 0 2990 500 3490 86320 158080 244400 10910 23150 34060
20230511 09:28:34.801 14 0 4 4 0 0 0 78 18 0 0 7750 18110 0 565 1 4.73 2.19 1.30 1 1 20 0 1 0 0 0 0 0 0 4690 650 5340 137120 118120 255240 17190 30 17220
20230511 09:28:34.901 14 0 5 5 0 0 0 77 19 0 0 40690 17490 0 565 3 4.73 2.19 1.30 2 1 110 0 6 0 0 10 0 0 0 5100 690 5790 135840 139400 275240 17630 16120 33750
20230511 09:28:35.001 11 0 9 1 0 0 0 79 20 0 0 73000 10210 0 565 3 4.73 2.19 1.30 2 1 30 30 3 3 0 0 0 0 0 2270 410 2680 56480 131360 187840 8780 26810 35590
20230511 09:28:35.101 11 0 6 3 0 0 0 80 17 0 0 18290 14700 0 565 2 4.73 2.19 1.30 2 0 70 20 6 2 0 0 0 0 0 2980 910 3890 94880 178680 273560 11100 14670 25770
20230511 09:28:35.201 1 0 3 4 0 0 0 92 4 0 0 23620 780 0 565 1 4.73 2.19 1.30 0 1 50 10 4 1 0 20 0 0 0 0 170 170 0 174080 174080 0 46660 46660
20230511 09:28:35.301 1 0 7 3 0 0 0 89 8 0 0 3000 10460 0 565 2 4.73 2.19 1.30 0 1 50 20 4 2 0 0 0 0 0 0 110 110 0 104960 104960 10 41530 41540
20230511 09:28:35.401 1 0 0 6 0 0 0 94 1 0 0 1320 2700 0 565 1 4.73 2.19 1.30 1 0 100 40 9 5 0 0 0 0 0 340 120 460 3960 90120 94080 660 0 660
20230511 09:28:35.501 8 0 2 8 0 0 0 82 9 0 0 3220 9420 0 565 2 4.73 2.19 1.30 3 1 230 140 23 16 0 0 0 0 0 1900 0 1900 39920 0 39920 6300 0 6300
20230511 09:28:35.601 10 0 4 9 0 0 0 77 14 0 0 5330 12570 0 565 2 4.73 2.19 1.30 3 0 220 50 16 6 0 0 0 0 0 1900 0 1900 50000 0 50000 5950 0 5950
20230511 09:28:35.701 8 0 4 8 0 0 0 80 12 0 0 3750 10410 0 565 1 4.73 2.19 1.30 3 1 20 0 1 0 0 10 0 0 0 1850 0 1850 47480 0 47480 5280 0 5280
20230511 09:28:35.801 1 0 1 5 0 0 0 92 3 0 0 4260 11900 0 565 1 4.73 2.19 1.30 0 1 0 0 0 0 0 0 0 0 0 1940 610 2550 43920 118000 161920 7790 10 7800
20230511 09:28:35.901 6 0 4 6 0 1 0 84 10 0 0 7340 19430 0 565 1 4.73 2.19 1.30 3 2 10 0 1 0 0 10 0 0 0 5720 370 6090 122600 78760 201360 17490 10 17500
20230511 09:28:36.001 14 0 5 4 0 0 0 77 19 0 0 5500 14550 0 565 3 4.73 2.19 1.30 4 0 100 0 6 0 0 0 0 0 0 2620 1100 3720 146120 166840 312960 6880 160 7040
20230511 09:28:36.101 6 0 6 4 0 1 0 84 12 0 0 7110 16150 0 565 1 4.73 2.19 1.30 1 1 120 0 7 0 0 0 0 0 0 3450 630 4080 112760 188560 301320 9520 19950 29470
20230511 09:28:36.201 2 0 4 5 0 1 0 89 6 0 0 6700 19300 0 565 0 4.73 2.19 1.30 2 1 30 0 2 0 0 0 0 0 0 4800 690 5490 96800 195440 292240 14470 320 14790
20230511 09:28:36.301 2 0 8 3 0 1 0 86 11 0 0 9750 21360 0 565 0 4.73 2.19 1.30 0 1 50 0 3 0 0 0 0 0 0 2540 530 3070 54360 239480 293840 8260 43890 52150
20230511 09:28:36.401 3 0 4 8 0 0 0 85 7 0 0 9400 24430 0 565 4 4.73 2.19 1.30 1 3 10 0 1 0 0 30 0 0 0 6880 940 7820 171880 146240 318120 22460 30 22490
20230511 09:28:36.501 4 0 4 7 0 0 0 85 8 0 0 10500 34270 0 565 0 4.73 2.19 1.30 0 2 40 10 2 1 0 0 0 0 0 3070 5240 8310 105520 182880 288400 10900 4100 15000
20230511 09:28:36.601 1 0 4 11 0 1 0 84 6 0 0 2210 6330 0 565 0 4.73 2.19 1.30 0 2 20 0 1 0 0 0 0 0 0 10 60 70 320 920 1240 70 170 240
20230511 09:28:36.701 0 0 5 11 0 0 0 84 5 0 0 1150 7610 0 565 1 4.73 2.19 1.30 4 2 50 20 4 2 0 0 0 0 0 60 70 130 1240 16000 17240 180 3730 3910
20230511 09:28:36.801 4 0 6 4 0 0 0 86 10 0 0 10070 26830 0 565 2 4.73 2.19 1.30 3 0 10 0 1 0 0 0 0 0 0 4770 3030 7800 101040 207520 308560 13060 30440 43500
20230511 09:28:36.901 11 0 7 6 0 0 0 76 18 0 0 17530 40090 20 567 1 4.73 2.19 1.30 0 2 50 20 3 2 0 10 0 0 0 4230 5540 9770 146720 222120 368840 13330 5160 18490
20230511 09:28:37.001 4 0 2 7 0 0 0 88 6 0 0 2440 3930 0 567 2 4.73 2.19 1.30 3 0 20 0 1 0 0 0 0 0 0 1020 110 1130 35800 99960 135760 4000 24010 28010
20230511 09:28:37.101 6 0 2 10 0 0 0 81 9 0 0 3600 8610 0 567 1 4.73 2.19 1.30 3 2 50 30 13 13 0 0 0 0 0 2070 170 2240 61000 38400 99400 7900 50 7950
20230511 09:28:37.201 4 0 3 8 0 0 0 84 8 0 0 3220 8160 0 567 1 4.73 2.19 1.30 0 1 110 10 7 1 0 0 0 0 0 1720 140 1860 62320 16400 78720 5470 20 5490
20230511 09:28:37.301 9 0 11 9 0 0 0 70 20 0 0 11400 18620 20 569 4 4.73 2.19 1.30 3 1 40 20 3 2 0 0 0 0 0 1780 570 2350 91640 72880 164520 4630 2290 6920
20230511 09:28:37.401 4 0 2 6 0 0 0 87 6 0 0 4420 5570 0 569 2 4.73 2.19 1.30 3 1 60 20 4 6 0 0 0 0 0 1120 170 1290 45440 85280 130720 3140 18360 21500
20230511 09:28:37.501 3 0 3 13 0 0 0 81 6 0 0 4330 9730 0 569 0 4.73 2.19 1.30 0 3 20 20 11 12 0 0 0 0 0 2650 460 3110 77880 88680 166560 9280 110 9390
20230511 09:28:37.601 6 0 4 7 0 1 0 82 11 0 0 7010 15100 0 569 0 4.73 2.19 1.30 2 1 70 10 4 1 0 0 0 0 0 1440 550 1990 37760 60360 98120 3870 3610 7480
20230511 09:28:37.701 1 0 7 3 0 0 0 88 8 0 0 3880 7110 0 569 1 4.73 2.19 1.30 4 1 30 20 2 6 0 10 0 0 0 200 480 680 4320 402520 406840 910 95040 95950
20230511 09:28:37.801 9 0 4 7 0 0 0 79 14 0 0 12480 30800 0 569 2 4.73 2.19 1.30 0 3 40 20 3 2 0 0 0 0 0 9960 0 9960 246160 0 246160 39320 0 39320
20230511 09:28:37.901 10 0 4 10 0 0 0 75 15 0 0 9340 21920 0 569 3 4.73 2.19 1.30 4 0 20 10 1 1 0 10 0 0 0 6510 1230 7740 173000 197760 370760 25280 30 25310
20230511 09:28:38.001 11 0 7 5 0 0 0 77 18 0 0 42460 15280 0 569 4 4.73 2.19 1.30 4 0 30 30 3 3 0 0 0 0 0 3330 970 4300 91160 166480 257640 10980 14780 25760
20230511 09:28:38.101 8 0 6 3 0 0 0 83 14 0 0 31040 10030 0 569 2 4.73 2.19 1.30 2 2 100 0 6 0 0 0 0 0 0 3080 230 3310 88480 225720 314200 11630 54750 66380
20230511 09:28:38.201 13 0 5 6 0 0 0 76 18 0 0 8810 19430 0 567 3 4.73 2.19 1.30 2 1 60 40 5 5 0 10 0 0 0 5570 370 5940 139800 117120 256920 19190 160 19350
20230511 09:28:38.301 11 0 11 6 0 0 0 72 22 0 0 10100 31410 0 567 4 4.73 2.19 1.30 3 1 20 0 1 0 0 0 0 0 0 5030 1120 6150 152160 181600 333760 17750 290 18040
20230511 09:28:38.401 10 0 4 4 0 1 0 81 15 0 0 49330 13970 0 565 3 4.73 2.19 1.30 3 1 60 40 5 4 0 10 0 0 0 3330 860 4190 85600 177360 262960 10040 34930 44970
20230511 09:28:38.501 14 0 4 5 0 1 0 77 18 0 0 7140 18160 0 565 2 4.73 2.19 1.30 4 0 60 0 4 0 0 0 0 0 0 4630 880 5510 148360 150640 299000 17320 180 17500
20230511 09:28:38.601 12 0 8 4 0 1 0 75 22 0 0 56320 19190 0 565 4 4.73 2.19 1.30 3 1 10 0 1 0 0 0 0 0 0 3240 520 3760 87760 172920 260680 11640 24610 36250
20230511 09:28:38.701 12 0 5 5 0 0 0 78 17 0 0 38510 18880 0 565 3 4.73 2.19 1.30 6 1 20 0 1 0 0 10 0 0 0 3480 330 3810 111600 184160 295760 12890 32440 45330
20230511 09:28:38.801 7 0 2 13 0 1 0 77 10 0 0 5970 12820 0 565 1 4.73 2.19 1.30 3 1 10 0 1 0 0 0 0 0 0 3520 320 3840 77800 69080 146880 10380 20 10400
20230511 09:28:38.901 7 0 3 9 0 1 0 80 11 0 0 20350 7370 0 565 2 4.73 2.19 1.30 2 2 210 0 12 0 0 10 0 0 0 1950 270 2220 39920 90040 129960 7540 13160 20700
20230511 09:28:39.001 7 0 3 11 0 0 0 79 10 0 0 9940 5660 0 565 1 4.73 2.19 1.30 1 1 20 0 1 0 0 0 0 0 0 2050 100 2150 34760 43040 77800 6710 5110 11820
20230511 09:28:39.101 4 0 1 7 0 0 0 88 5 0 0 2720 6100 0 565 1 4.73 2.19 1.30 3 1 20 0 1 0 0 0 0 0 0 1610 220 1830 27240 45960 73200 5140 0 5140
20230511 09:28:39.201 10 0 2 8 0 0 0 81 12 0 0 13420 8450 0 565 1 4.73 2.19 1.30 4 0 20 0 1 0 0 0 0 0 0 1590 200 1790 29240 55520 84760 5750 5300 11050
20230511 09:28:39.301 12 0 7 11 0 1 0 70 20 0 0 17890 15670 0 565 1 4.73 2.19 1.30 2 1 20 0 1 0 0 0 0 0 0 1630 310 1940 32640 88960 121600 6540 8300 14840
20230511 09:28:39.401 13 0 2 9 0 0 0 77 14 0 0 23650 6130 0 565 2 4.75 2.24 1.32 2 2 60 0 4 0 0 10 0 0 0 1680 310 1990 26520 66040 92560 4930 9270 14200
20230511 09:28:39.501 13 0 5 4 0 0 0 78 18 0 0 65120 13650 0 565 3 4.75 2.24 1.32 2 1 20 0 1 0 0 0 0 0 0 4060 800 4860 84560 155240 239800 11160 26850 38010
20230511 09:28:39.601 14 0 7 4 0 1 0 74 22 0 0 62170 17810 0 565 3 4.75 2.24 1.32 3 1 20 0 1 0 0 0 0 0 0 3750 1060 4810 112800 160160 272960 12100 28520 40620
20230511 09:28:39.701 8 0 11 8 0 0 0 73 19 0 0 12140 30160 0 565 4 4.75 2.24 1.32 2 2 100 0 6 0 0 30 0 0 0 6770 2560 9330 184600 173320 357920 15930 0 15930
20230511 09:28:39.801 4 0 4 6 0 0 0 86 8 0 0 12460 18580 0 565 0 4.75 2.24 1.32 0 1 10 0 1 0 0 0 0 0 0 5190 650 5840 161120 202960 364079 12370 34640 47010
20230511 09:28:39.901 3 0 5 6 0 0 0 86 8 0 0 7490 21560 0 565 1 4.75 2.24 1.32 3 1 0 0 0 0 0 0 0 0 0 6000 380 6380 151480 127320 278800 21710 2540 24250
20230511 09:28:40.001 1 0 6 3 0 0 0 90 7 0 0 11140 10600 0 565 1 4.75 2.24 1.32 1 0 10 0 1 0 0 10 0 0 0 2060 900 2960 57920 229160 287080 7880 47690 55570
20230511 09:28:40.101 6 0 4 4 0 1 0 85 11 0 0 6390 15400 0 565 3 4.75 2.24 1.32 4 0 0 0 0 0 0 0 0 0 0 5380 120 5500 141160 118160 259320 14780 29340 44120
20230511 09:28:40.201 13 0 6 6 0 0 0 76 18 0 0 8600 19220 0 565 2 4.75 2.24 1.32 3 1 100 0 6 0 0 0 0 0 0 6240 530 6770 217280 68120 285400 16780 10 16790
20230511 09:28:40.301 12 0 13 5 0 0 0 69 25 0 0 9220 28560 0 565 1 4.75 2.24 1.32 2 0 20 0 1 0 0 0 0 0 0 4490 750 5240 193840 146600 340440 15130 140 15270
20230511 09:28:40.401 8 0 6 4 0 0 0 82 14 0 0 51190 12600 0 565 2 4.75 2.24 1.32 2 0 10 0 1 0 0 0 0 0 0 3340 660 4000 98840 229560 328400 11570 38570 50140
20230511 09:28:40.501 6 0 4 6 0 0 0 84 10 0 0 28310 21120 0 565 2 4.75 2.24 1.32 2 0 40 0 2 0 0 20 0 0 0 6330 410 6740 164040 146520 310560 22980 18270 41250
20230511 09:28:40.601 6 0 7 6 0 1 0 80 14 0 0 9420 28080 0 565 1 4.75 2.24 1.32 1 1 20 0 1 0 0 0 0 0 0 4800 1260 6060 157760 165200 322960 16230 5930 22160
20230511 09:28:40.701 2 0 9 4 0 0 0 85 11 0 0 8840 31370 0 565 2 4.75 2.24 1.32 3 1 10 0 1 0 0 10 0 0 0 3840 2770 6610 73480 232440 305920 9880 20730 30610
20230511 09:28:40.801 1 0 2 7 0 0 0 91 3 0 0 2780 7670 0 565 1 4.75 2.24 1.32 2 2 30 0 2 0 0 0 0 0 0 1160 400 1560 24440 32560 57000 3170 40 3210
20230511 09:28:40.901 0 0 2 6 0 0 0 92 2 0 0 3810 10500 0 565 1 4.75 2.24 1.32 0 1 100 0 6 0 0 0 0 0 0 1270 1180 2450 23360 85160 108520 4210 180 4390
20230511 09:28:41.001 1 0 4 6 0 0 0 88 6 0 0 4580 13850 0 565 0 4.75 2.24 1.32 0 2 140 0 8 0 0 30 0 0 0 1120 1650 2770 29320 126880 156200 3030 3050 6080
20230511 09:28:41.101 0 0 2 8 0 0 0 90 2 0 0 3650 13320 0 565 0 4.75 2.24 1.32 0 4 10 0 1 0 0 0 0 0 0 1330 1620 2950 27080 124160 151240 3960 6440 10400
20230511 09:28:41.201 3 0 3 11 0 0 0 82 6 0 0 24150 13170 0 565 1 4.75 2.24 1.32 3 2 20 0 1 0 0 0 0 0 0 1910 1340 3250 57840 117040 174880 7250 15490 22740
20230511 09:28:41.301 1 0 7 19 0 0 0 72 8 0 0 13480 11300 0 565 0 4.75 2.24 1.32 0 3 20 0 1 0 0 0 0 0 0 1060 130 1190 24720 69960 94680 3200 15320 18520
20230511 09:28:41.401 3 0 1 14 0 1 0 82 4 0 0 10000 12420 0 565 0 4.75 2.24 1.32 0 4 100 0 6 0 0 0 0 0 0 2220 1650 3870 55480 158000 213480 7230 11470 18700
20230511 09:28:41.501 7 0 7 11 0 0 0 75 14 0 0 11770 32150 0 565 1 4.75 2.24 1.32 0 5 10 10 1 1 0 20 0 0 0 4380 4600 8980 157200 156080 313280 13590 680 14270
20230511 09:28:41.601 2 0 2 31 0 1 0 64 5 0 0 2480 6350 0 565 0 4.75 2.24 1.32 1 5 40 0 2 0 0 0 0 0 0 80 90 170 2720 6320 9040 390 240 630
20230511 09:28:41.701 1 0 4 30 0 0 0 65 5 0 0 1000 4630 0 565 0 4.75 2.24 1.32 2 5 0 0 0 0 0 10 0 0 0 30 10 40 800 1280 2080 210 0 210
20230511 09:28:41.801 5 0 5 13 0 0 0 76 11 0 0 32150 12440 0 565 2 4.75 2.24 1.32 1 3 50 0 3 0 0 0 0 0 0 2230 1190 3420 72240 135400 207640 6610 21440 28050
20230511 09:28:41.901 6 0 4 12 0 0 0 78 9 0 0 36380 15150 0 565 1 4.75 2.24 1.32 1 1 30 0 2 0 0 0 0 0 0 4120 510 4630 100960 154120 255080 13700 20450 34150
20230511 09:28:42.001 14 0 5 5 0 0 0 76 19 0 0 8720 18500 0 565 4 4.75 2.24 1.32 4 0 20 0 1 0 0 10 0 0 0 5110 710 5820 264720 99360 364080 14920 280 15200
20230511 09:28:42.101 12 0 6 6 0 1 0 75 20 0 0 122310 13540 0 565 3 4.75 2.24 1.32 4 0 10 10 1 1 0 0 0 0 0 4030 400 4430 152640 213360 365999 13410 51560 64970
20230511 09:28:42.201 6 0 7 9 0 1 0 78 13 0 0 27580 20380 0 565 0 4.75 2.24 1.32 2 0 40 10 2 1 0 0 0 0 0 6150 400 6550 168120 160040 328160 23790 9090 32880
20230511 09:28:42.301 6 0 19 9 0 0 0 67 25 0 0 98670 31660 0 565 1 4.75 2.24 1.32 3 1 30 0 2 0 0 0 0 0 0 7320 640 7960 196200 312680 508879 28020 71140 99160
20230511 09:28:42.401 4 0 4 14 0 0 0 78 8 0 0 19950 21550 0 565 3 4.75 2.24 1.32 0 5 20 0 1 0 0 0 0 0 0 6220 660 6880 153320 131720 285040 22500 10070 32570
20230511 09:28:42.501 3 0 3 14 0 0 0 80 6 0 0 5460 13670 0 565 1 4.75 2.24 1.32 2 3 30 10 3 1 0 20 0 0 0 2810 1360 4170 98000 53080 151080 9190 90 9280
20230511 09:28:42.601 4 0 6 15 0 1 0 75 11 0 0 7490 21510 0 565 1 4.75 2.24 1.32 0 4 50 0 3 0 0 0 0 0 0 2500 2330 4830 63800 107840 171640 7150 140 7290
20230511 09:28:42.701 1 0 5 8 0 0 0 86 6 0 0 17330 58070 0 565 2 4.75 2.24 1.32 3 2 10 0 1 0 0 0 0 0 0 950 14230 15180 28400 95000 123400 3640 60 3700
20230511 09:28:42.801 0 0 1 9 0 0 0 90 1 0 0 6060 17250 0 565 1 4.75 2.24 1.32 0 1 120 0 7 0 0 0 0 0 0 370 3700 4070 5520 15720 21240 1010 230 1240
20230511 09:28:42.901 1 0 2 4 0 0 0 93 3 0 0 1940 4960 0 565 0 4.75 2.24 1.32 1 0 60 0 4 0 0 0 0 0 0 450 630 1080 10920 124640 135560 2000 23380 25380
20230511 09:28:43.001 1 0 1 6 0 0 0 92 2 0 0 2430 7370 0 565 0 4.75 2.24 1.32 1 2 150 0 9 0 0 10 0 0 0 1490 370 1860 29720 12360 42080 4390 20 4410
20230511 09:28:43.101 2 0 6 6 0 0 0 85 9 0 0 5510 19590 0 565 8 4.75 2.24 1.32 4 0 10 0 1 0 0 0 0 0 0 2090 2420 4510 58080 175920 234000 6200 280 6480
20230511 09:28:43.201 8 0 6 6 0 0 0 80 14 0 0 10670 25050 0 565 2 4.75 2.24 1.32 1 2 120 0 7 0 0 0 0 0 0 4350 2520 6870 99760 272040 371800 6510 1950 8460
20230511 09:28:43.301 9 0 7 5 0 1 0 78 17 0 0 38780 31230 0 565 1 4.75 2.24 1.32 2 1 30 0 2 0 0 0 0 0 0 4360 890 5250 137840 226720 364559 11970 27920 39890
20230511 09:28:43.401 6 0 7 8 0 0 0 79 13 0 0 13510 27850 0 565 1 4.75 2.24 1.32 3 1 60 0 4 0 0 0 0 0 0 6910 1890 8800 227280 164840 392120 13650 4320 17970
20230511 09:28:43.501 1 0 4 2 0 0 0 92 5 0 0 6050 3200 0 565 0 4.75 2.24 1.32 0 1 10 0 1 0 0 10 0 0 0 270 440 710 8680 314960 323640 280 79790 80070
20230511 09:28:43.601 3 0 8 8 0 0 0 82 11 0 0 12300 32990 0 564 0 4.75 2.24 1.32 2 0 10 0 1 0 0 0 0 0 0 9250 260 9510 219560 145000 364559 21180 860 22040
20230511 09:28:43.701 1 0 12 7 0 0 0 80 13 0 0 8980 27670 0 564 2 4.75 2.24 1.32 2 2 0 0 0 0 0 0 0 0 0 6570 420 6990 165440 178320 343760 15260 810 16070
20230511 09:28:43.801 4 0 6 11 0 1 0 78 11 0 0 10880 27950 0 564 1 4.75 2.24 1.32 3 2 20 0 1 0 0 0 0 0 0 8050 450 8500 335280 165480 500759 24540 1110 25650
20230511 09:28:43.901 2 0 4 6 0 1 0 87 7 0 0 39350 87020 0 564 1 4.75 2.24 1.32 0 4 30 0 2 0 0 0 0 0 0 3510 21670 25180 139240 147880 287120 9700 8070 17770
20230511 09:28:44.001 1 0 2 9 0 0 0 89 3 0 0 19780 38490 0 564 0 4.75 2.24 1.32 1 3 40 0 2 0 0 10 0 0 0 1220 9230 10450 47600 158960 206560 2730 29820 32550
20230511 09:28:44.101 1 0 2 11 0 0 0 86 3 0 0 19250 58940 0 564 2 4.75 2.24 1.32 2 2 20 0 1 0 0 0 0 0 0 1410 16090 17500 40280 69400 109680 4590 0 4590
20230511 09:28:44.201 1 0 4 7 0 0 0 89 4 0 0 35110 102810 0 564 2 4.75 2.24 1.32 2 4 60 0 4 0 0 0 0 0 0 940 28330 29270 30360 113320 143680 1970 0 1970
20230511 09:28:44.301 1 0 15 8 0 0 0 76 16 0 0 37050 99700 0 564 0 4.75 2.24 1.32 1 3 0 0 0 0 0 0 0 0 0 1020 24340 25360 26320 161720 188040 1220 5470 6690
20230511 09:28:44.401 1 0 2 13 0 0 0 84 3 0 0 23250 31970 0 564 0 4.85 2.30 1.35 1 3 10 0 1 0 0 0 0 0 0 920 7230 8150 23440 133400 156840 1530 29310 30840
20230511 09:28:44.501 0 0 3 18 0 0 0 79 3 0 0 14190 3400 0 564 0 4.85 2.30 1.35 0 4 10 0 1 0 0 10 0 0 0 740 160 900 24440 82600 107040 1030 20490 21520
20230511 09:28:44.601 1 0 11 12 0 0 0 76 12 0 0 21950 28060 0 564 2 4.85 2.30 1.35 2 2 20 0 1 0 0 0 0 0 0 1380 5080 6460 18200 124240 142440 1310 22790 24100
20230511 09:28:44.701 2 0 13 10 0 0 0 75 15 0 0 55490 115550 0 564 5 4.85 2.30 1.35 11 4 10 0 1 0 0 0 0 0 0 5980 26570 32550 103520 134600 238120 10300 7080 17380
20230511 09:28:44.801 1 0 8 10 0 0 0 80 9 0 0 73350 149700 0 564 2 4.85 2.30 1.35 1 3 40 10 2 1 0 0 0 0 0 9650 35410 45060 201560 141640 343200 19730 0 19730
20230511 09:28:44.901 2 0 6 10 0 0 0 82 8 0 0 34470 58070 0 564 1 4.85 2.30 1.35 1 0 120 0 7 0 0 0 0 0 0 11110 8350 19460 209600 174600 384200 21060 5320 26380
20230511 09:28:45.001 4 0 5 5 0 0 0 86 9 0 0 10990 24060 20 566 0 4.85 2.30 1.35 1 0 50 20 3 2 0 10 0 0 0 8270 300 8570 205920 79840 285760 12860 1310 14170
20230511 09:28:45.101 1 0 6 6 0 0 0 87 7 0 0 8290 22520 0 566 0 4.85 2.30 1.35 1 1 0 0 0 0 0 0 0 0 0 6310 400 6710 108680 194160 302840 11850 2990 14840
20230511 09:28:45.201 1 0 5 7 0 0 0 88 5 0 0 7340 21960 0 566 1 4.85 2.30 1.35 3 0 60 10 13 11 0 0 0 0 0 4830 650 5480 124560 216800 341360 10940 610 11550
20230511 09:28:45.301 4 0 12 9 0 0 0 76 15 0 0 43290 36490 0 566 3 4.85 2.30 1.35 2 3 30 10 2 1 0 10 0 0 0 7010 1420 8430 227000 277920 504919 13990 27890 41880
20230511 09:28:45.401 4 0 8 9 0 0 0 79 12 0 0 10090 22910 0 566 0 4.85 2.30 1.35 0 4 40 0 2 0 0 0 0 0 0 6120 1160 7280 246480 248440 494920 11630 850 12480
20230511 09:28:45.501 6 0 4 15 0 0 0 75 11 0 0 26600 20170 0 566 0 4.85 2.30 1.35 0 5 130 20 8 6 0 30 0 0 0 7970 320 8290 226520 158920 385440 15200 19880 35080
20230511 09:28:45.601 1 0 9 18 0 0 0 71 10 0 0 7900 17650 0 566 2 4.85 2.30 1.35 3 1 10 0 1 0 0 0 0 0 0 5050 300 5350 107960 36360 144320 5810 210 6020
20230511 09:28:45.701 3 0 11 14 0 0 0 72 14 0 0 41300 15680 0 566 2 4.85 2.30 1.35 4 1 20 10 1 1 0 0 0 0 0 4340 370 4710 75760 122400 198160 4310 31030 35340
20230511 09:28:45.801 2 0 7 13 0 1 0 77 10 0 0 32180 10160 0 566 1 4.85 2.30 1.35 0 4 100 0 6 0 0 0 0 0 0 4060 80 4140 64840 81920 146760 5710 20400 26110
20230511 09:28:45.901 1 0 3 16 0 0 0 80 4 0 0 14060 8260 0 566 0 4.85 2.30 1.35 0 4 60 20 4 2 0 0 0 0 0 3510 90 3600 83040 82840 165880 8850 18710 27560
20230511 09:28:46.001 1 0 3 16 0 0 0 80 4 0 0 5260 10300 0 566 0 4.85 2.30 1.35 1 3 50 0 3 0 0 10 0 0 0 4000 0 4000 82640 0 82640 8970 0 8970
20230511 09:28:46.101 1 0 4 20 0 0 0 75 6 0 0 5770 12500 0 566 0 4.85 2.30 1.35 1 3 20 0 1 0 0 0 0 0 0 4250 150 4400 107320 26520 133840 12020 20 12040
20230511 09:28:46.201 3 0 4 16 0 0 0 77 6 0 0 6630 14340 0 566 3 4.85 2.30 1.35 1 4 160 20 10 2 0 0 0 0 0 4620 480 5100 147960 67640 215600 11210 100 11310
20230511 09:28:46.301 6 0 13 4 0 0 0 77 19 0 0 39860 21170 0 566 1 4.85 2.30 1.35 0 1 20 0 1 0 0 0 0 0 0 2970 650 3620 102400 222040 324440 5840 49870 55710
20230511 09:28:46.401 2 0 4 5 0 1 0 88 7 0 0 7720 15320 0 564 3 4.85 2.30 1.35 2 2 20 30 2 4 0 0 0 0 0 6100 200 6300 123320 197880 321200 14290 47320 61610
20230511 09:28:46.501 6 0 3 11 0 0 0 80 9 0 0 8830 22710 10 565 2 4.85 2.30 1.35 2 5 40 30 3 2 0 0 0 0 0 6530 490 7020 167160 65880 233040 20160 320 20480
20230511 09:28:46.601 2 0 8 31 0 0 0 59 9 0 0 3300 6620 10 566 0 4.85 2.30 1.35 0 5 60 20 13 12 0 0 0 0 0 30 30 60 760 960 1720 280 210 490
20230511 09:28:46.701 6 0 4 18 0 0 0 72 10 0 0 1110 4610 0 566 2 4.85 2.30 1.35 5 4 40 30 3 6 0 0 0 0 0 30 0 30 960 0 960 150 0 150
20230511 09:28:46.801 6 0 2 14 0 0 0 78 8 0 0 6550 13310 0 566 2 4.85 2.30 1.35 2 1 50 10 3 1 0 10 0 0 0 4080 10 4090 121360 40 121400 14640 0 14640
20230511 09:28:46.901 7 0 3 10 0 0 0 80 10 0 0 7760 21120 0 566 0 4.85 2.30 1.35 3 0 50 40 4 4 0 0 0 0 0 4560 1380 5940 131920 158960 290880 15400 830 16230
20230511 09:28:47.001 4 0 8 4 0 0 0 83 12 0 0 46680 18100 0 564 0 4.85 2.30 1.35 1 1 60 30 4 4 0 10 0 0 0 3280 1230 4510 88200 324640 412840 10160 28520 38680
20230511 09:28:47.101 5 0 8 6 0 0 0 81 13 0 0 38860 20330 0 564 1 4.85 2.30 1.35 2 1 10 10 1 1 0 0 0 0 0 4890 890 5780 136280 261680 397959 17370 19220 36590
20230511 09:28:47.201 4 0 7 8 0 0 0 81 11 0 0 64040 22110 0 564 3 4.85 2.30 1.35 4 1 120 0 7 0 0 0 0 0 0 5300 830 6130 137640 271480 409120 19690 39390 59080
20230511 09:28:47.301 6 0 10 7 0 1 0 76 17 0 0 44280 35950 0 564 3 4.85 2.30 1.35 3 0 20 0 1 0 0 0 0 0 0 6190 1940 8130 155880 251560 407439 19500 15710 35210
20230511 09:28:47.401 3 0 6 12 0 1 0 78 9 0 0 12920 27230 0 564 1 4.85 2.30 1.35 1 3 50 0 3 0 0 0 0 0 0 3580 3820 7400 116320 189080 305400 12550 4760 17310
20230511 09:28:47.501 6 0 4 14 0 0 0 76 9 0 0 49760 8280 0 564 2 4.85 2.30 1.35 2 2 130 0 8 0 0 10 0 0 0 2350 360 2710 68160 127200 195360 7510 33830 41340
20230511 09:28:47.601 6 0 5 17 0 0 0 72 12 0 0 24570 11210 0 564 2 4.85 2.30 1.35 2 3 10 0 1 0 0 0 0 0 0 2240 100 2340 84360 97280 181640 6990 21060 28050
20230511 09:28:47.701 6 0 9 15 0 0 0 70 15 0 0 5590 13710 0 564 2 4.85 2.30 1.35 3 4 0 0 0 0 0 0 0 0 0 2770 530 3300 84040 63440 147480 8560 110 8670
20230511 09:28:47.801 6 0 3 16 0 0 0 75 9 0 0 5960 10070 0 564 1 4.85 2.30 1.35 0 4 40 0 2 0 0 0 0 0 0 3320 120 3440 89080 14960 104040 10530 10 10540
20230511 09:28:47.901 7 0 2 15 0 0 0 76 9 0 0 4800 9450 0 564 2 4.85 2.30 1.35 2 1 40 0 2 0 0 0 0 0 0 2810 490 3300 82400 36000 118400 8500 430 8930
20230511 09:28:48.001 6 0 3 3 0 1 0 87 9 0 0 56620 98040 0 564 2 4.85 2.30 1.35 1 2 120 0 7 0 0 20 0 0 0 180 27890 28070 5200 119360 124560 470 1100 1570
20230511 09:28:48.101 6 0 6 5 0 0 0 82 12 0 0 146230 20690 0 564 3 4.85 2.30 1.35 3 0 40 0 2 0 0 0 0 0 0 0 5420 5420 0 322040 322040 0 82860 82860
20230511 09:28:48.201 7 0 5 8 0 0 0 80 12 0 0 130260 17830 0 564 4 4.85 2.30 1.35 2 2 40 0 2 0 0 0 0 0 0 6710 390 7100 154120 300720 454840 17600 67020 84620
20230511 09:28:48.301 8 0 11 11 0 0 0 69 20 0 0 16600 46120 280 564 1 4.85 2.30 1.35 3 1 20 0 1 0 0 20 0 0 0 12580 0 12580 278960 0 278960 31120 0 31120
20230511 09:28:48.401 6 0 6 11 0 0 0 78 11 0 0 14330 31890 0 564 2 4.85 2.30 1.35 0 2 0 0 0 0 0 0 0 0 0 11000 750 11750 261760 126360 388120 33050 30 33080
20230511 09:28:48.501 3 0 4 5 0 0 0 88 7 0 0 9470 29120 0 564 1 4.85 2.30 1.35 2 0 20 0 1 0 0 10 0 0 0 6070 1940 8010 134480 111400 245880 20110 130 20240
20230511 09:28:48.601 7 0 8 5 0 0 0 81 15 0 0 10680 33240 280 564 2 4.85 2.30 1.35 0 5 30 0 2 0 0 0 0 0 0 4240 2370 6610 105160 173320 278480 15270 260 15530
20230511 09:28:48.701 5 0 10 4 0 0 0 81 15 0 0 10910 13260 0 564 2 4.85 2.30 1.35 3 1 10 0 1 0 0 0 0 0 0 1490 520 2010 68520 216640 285160 4720 36920 41640
20230511 09:28:48.801 2 0 4 4 0 0 0 89 6 0 0 6660 15560 0 564 2 4.85 2.30 1.35 2 1 10 0 1 0 0 0 0 0 0 4140 340 4480 101320 188800 290120 15300 46650 61950
20230511 09:28:48.901 5 0 3 6 0 0 0 86 8 0 0 8000 22060 0 564 1 4.85 2.30 1.35 3 1 60 10 4 1 0 0 0 0 0 6240 520 6760 126920 144080 271000 20560 210 20770
20230511 09:28:49.001 10 0 4 6 0 1 0 80 14 0 0 7700 21320 0 564 4 4.85 2.30 1.35 3 1 10 0 1 0 0 10 0 0 0 5180 720 5900 183560 114400 297960 17120 20 17140
20230511 09:28:49.101 7 0 6 9 0 1 0 77 14 0 0 5880 13390 0 564 2 4.85 2.30 1.35 2 2 0 0 0 0 0 0 0 0 0 2840 1050 3890 101840 147040 248880 8530 200 8730
20230511 09:28:49.201 4 0 4 13 0 0 0 79 8 0 0 34750 11770 0 564 0 4.85 2.30 1.35 2 2 40 0 2 0 0 0 0 0 0 2040 1000 3040 47680 178920 226600 4410 25080 29490
20230511 09:28:49.301 4 0 9 17 0 0 0 70 13 0 0 13090 17550 0 564 2 4.85 2.30 1.35 1 4 10 0 1 0 0 0 0 0 0 2860 270 3130 61240 80800 142040 6450 4740 11190
20230511 09:28:49.401 4 0 4 17 0 0 0 76 8 0 0 5910 9740 0 564 3 4.78 2.33 1.36 1 3 50 0 3 0 0 0 0 0 0 4410 270 4680 71840 58120 129960 7030 60 7090
20230511 09:28:49.501 5 0 4 15 0 0 0 75 9 0 0 32850 7950 0 564 3 4.78 2.33 1.36 1 3 120 0 7 0 0 10 0 0 0 3020 390 3410 57320 90800 148120 7420 22910 30330
20230511 09:28:49.601 7 0 9 15 0 0 0 70 16 0 0 23900 11750 0 564 2 4.78 2.33 1.36 0 4 10 0 1 0 0 0 0 0 0 2330 240 2570 49480 86320 135800 6690 15330 22020
20230511 09:28:49.701 4 0 7 17 0 0 0 72 11 0 0 28710 8700 0 564 2 4.78 2.33 1.36 5 2 0 0 0 0 0 0 0 0 0 1570 180 1750 28880 113720 142600 4560 21470 26030
20230511 09:28:49.801 5 0 5 16 0 1 0 73 10 0 0 37730 10520 0 564 3 4.78 2.33 1.36 0 3 40 0 2 0 0 0 0 0 0 4120 110 4230 64840 102720 167560 11550 22600 34150
20230511 09:28:49.901 13 0 3 6 0 0 0 78 15 0 0 8930 21320 0 564 4 4.78 2.33 1.36 4 0 20 0 1 0 0 0 0 0 0 6140 850 6990 113840 107120 220960 22320 140 22460
20230511 09:28:50.001 8 0 4 3 0 0 0 86 11 0 0 74630 68910 0 564 1 4.78 2.33 1.36 1 2 250 0 15 0 0 0 0 0 0 230 19240 19470 4360 230520 234880 960 34430 35390
20230511 09:28:50.101 18 0 3 4 0 0 0 75 21 0 0 7000 13410 0 564 2 4.78 2.33 1.36 2 3 100 0 6 0 0 10 0 0 0 5270 160 5430 87720 56040 143760 16050 60 16110
20230511 09:28:50.201 16 0 3 5 0 0 0 76 19 0 0 43890 13380 0 564 3 4.78 2.33 1.36 4 0 50 0 3 0 0 0 0 0 0 5280 350 5630 103000 97040 200040 20370 14530 34900
20230511 09:28:50.301 14 0 9 6 0 0 0 71 22 0 0 45590 29110 0 564 2 4.78 2.33 1.36 3 1 10 0 1 0 0 10 0 0 0 5850 1180 7030 114240 132040 246280 15090 18730 33820
20230511 09:28:50.401 16 0 4 4 0 0 0 76 20 0 0 136690 10900 0 564 1 4.78 2.33 1.36 1 3 10 0 1 0 0 0 0 0 0 2470 780 3250 74040 237640 311680 7730 57610 65340
20230511 09:28:50.501 13 0 4 5 0 0 0 78 17 0 0 81360 24900 0 564 0 4.78 2.33 1.36 1 2 30 0 2 0 0 0 0 0 0 10910 110 11020 210000 107080 317080 19290 23470 42760
20230511 09:28:50.601 4 0 9 10 0 1 0 77 13 0 0 13680 34540 0 564 1 4.78 2.33 1.36 1 2 30 0 2 0 0 0 0 0 0 9520 640 10160 213120 95080 308200 23410 90 23500
20230511 09:28:50.701 7 0 7 7 0 0 0 79 14 0 0 15310 32230 0 564 4 4.78 2.33 1.36 6 0 10 0 1 0 0 0 0 0 0 6890 890 7780 189600 111800 301400 21090 7150 28240
20230511 09:28:50.801 2 0 6 2 0 0 0 90 7 0 0 5730 9230 0 564 2 4.78 2.33 1.36 1 3 10 0 1 0 0 10 0 0 0 1880 350 2230 50360 247600 297960 5440 57470 62910
20230511 09:28:50.901 8 0 3 6 0 0 0 83 11 0 0 9050 24120 0 564 1 4.78 2.33 1.36 1 1 40 0 2 0 0 0 0 0 0 6940 360 7300 198760 70560 269320 23040 50 23090
20230511 09:28:51.001 3 0 1 8 0 0 0 88 4 0 0 4470 12880 0 564 0 4.78 2.33 1.36 0 1 30 0 2 0 0 0 0 0 0 2970 420 3390 70520 106400 176920 9180 130 9310
20230511 09:28:51.101 4 0 2 6 0 0 0 89 6 0 0 2170 5360 0 564 2 4.78 2.33 1.36 2 0 10 0 1 0 0 0 0 0 0 1270 80 1350 30640 21480 52120 3880 60 3940
20230511 09:28:51.201 2 0 3 4 0 0 0 91 4 0 0 2070 6280 0 564 0 4.78 2.33 1.36 0 1 20 0 1 0 0 0 0 0 0 830 250 1080 14480 96320 110800 2510 18690 21200
20230511 09:28:51.301 4 0 11 4 0 0 0 81 15 0 0 4990 15920 0 564 0 4.78 2.33 1.36 0 1 30 0 2 0 0 20 0 0 0 1560 30 1590 34880 6760 41640 5650 30 5680
20230511 09:28:51.401 3 0 2 7 0 0 0 89 4 0 0 2840 5770 20 566 1 4.78 2.33 1.36 0 1 40 30 3 2 0 0 0 0 0 1120 260 1380 28360 44480 72840 4380 50 4430
20230511 09:28:51.501 1 0 1 6 0 0 0 92 2 0 0 2130 4010 0 566 0 4.78 2.33 1.36 0 2 200 50 22 19 0 0 0 0 0 890 60 950 15560 13960 29520 2690 290 2980
20230511 09:28:51.601 0 0 8 18 0 0 0 74 8 0 0 2690 6360 0 566 0 4.78 2.33 1.36 0 4 50 30 4 2 0 20 0 0 0 10 0 10 160 0 160 30 0 30
20230511 09:28:51.701 1 0 6 23 0 0 0 70 7 0 0 1850 5110 0 564 0 4.78 2.33 1.36 4 4 60 60 5 7 0 0 0 0 0 0 0 0 0 0 0 0 0 0
20230511 09:28:51.801 1 0 3 24 0 0 0 72 4 0 0 2450 1440 20 566 0 4.78 2.33 1.36 0 4 50 20 3 2 0 0 0 0 0 0 0 0 0 0 0 0 0 0
20230511 09:28:51.901 0 0 0 14 0 0 0 86 0 0 0 380 440 0 566 0 4.78 2.33 1.36 0 2 20 0 1 0 0 0 0 0 0 30 40 70 1600 1040 2640 40 220 260
20230511 09:28:52.001 1 0 0 12 0 0 0 87 1 0 0 300 380 0 566 0 4.78 2.33 1.36 0 2 40 20 12 12 0 0 0 0 0 0 0 0 0 0 0 0 0 0
20230511 09:28:52.101 0 0 0 13 0 0 0 87 0 0 0 400 580 0 566 1 4.78 2.33 1.36 1 2 90 20 6 2 0 10 0 0 0 10 0 10 80 0 80 30 0 30
20230511 09:28:52.201 1 0 0 12 0 0 0 86 1 0 0 310 300 0 566 0 4.78 2.33 1.36 0 2 50 10 3 5 0 0 0 0 0 0 0 0 0 0 0 0 0 0
20230511 09:28:52.301 1 0 12 11 0 0 0 76 12 0 0 3570 10000 0 566 0 4.78 2.33 1.36 0 2 50 10 3 1 0 10 0 0 0 0 0 0 0 0 0 0 0 0
20230511 09:28:52.401 3 0 1 9 0 0 0 87 4 0 0 2400 5910 0 566 2 4.78 2.33 1.36 1 1 30 0 2 0 0 0 0 0 0 780 690 1470 16480 11960 28440 2380 100 2480
20230511 09:28:52.501 7 0 2 6 0 0 0 85 9 0 0 33340 4020 0 566 1 4.78 2.33 1.36 1 1 50 20 3 2 0 0 0 0 0 500 380 880 18240 126200 144440 1890 29200 31090
20230511 09:28:52.601 6 0 6 6 0 1 0 81 13 0 0 26560 13540 0 566 2 4.78 2.33 1.36 1 3 40 20 3 2 0 20 0 0 0 1500 100 1600 48680 96280 144960 5400 22060 27460
20230511 09:28:52.701 6 0 5 10 0 0 0 79 11 0 0 6200 20010 0 566 4 4.78 2.33 1.36 4 1 20 0 1 0 0 0 0 0 0 3220 820 4040 115080 78360 193440 9740 20 9760
20230511 09:28:52.801 8 0 3 5 0 0 0 84 12 0 0 9490 22870 0 564 1 4.78 2.33 1.36 1 2 20 30 2 4 0 0 0 0 0 4940 1000 5940 153800 125920 279720 15530 140 15670
20230511 09:28:52.901 3 0 5 2 0 0 0 90 8 0 0 5640 10420 0 564 1 4.78 2.33 1.36 1 0 20 0 1 0 0 0 0 0 0 2120 760 2880 50640 246600 297240 6820 46550 53370
20230511 09:28:53.001 3 0 2 4 0 0 0 92 4 0 0 6190 17550 0 564 2 4.78 2.33 1.36 1 1 120 0 7 0 0 0 0 0 0 4830 50 4880 105920 29880 135800 15140 6270 21410
20230511 09:28:53.101 3 0 5 4 0 0 0 88 8 0 0 8220 26740 0 564 1 4.78 2.33 1.36 1 2 0 0 0 0 0 30 0 0 0 4950 2470 7420 122720 197920 320640 13670 1090 14760
20230511 09:28:53.201 4 0 6 5 0 0 0 85 10 0 0 10820 31230 0 564 1 4.78 2.33 1.36 0 2 110 0 6 0 0 0 0 0 0 2840 5900 8740 97440 270000 367440 9090 4340 13430
20230511 09:28:53.301 3 0 10 5 0 1 0 82 13 0 0 36340 34700 0 564 1 4.78 2.33 1.36 1 1 0 0 0 0 0 0 0 0 0 5630 3400 9030 110120 310200 420319 18180 44240 62420
20230511 09:28:53.401 4 0 7 9 0 0 0 80 11 0 0 10470 29100 0 564 3 4.78 2.33 1.36 1 1 10 0 1 0 0 0 0 0 0 5170 3690 8860 129080 224440 353520 15630 1930 17560
20230511 09:28:53.501 8 0 9 6 0 0 0 77 17 0 0 52700 30920 0 564 3 4.78 2.33 1.36 2 2 30 0 2 0 0 0 0 0 0 5390 3610 9000 173080 253600 426680 16040 29600 45640
20230511 09:28:53.601 8 0 11 4 0 0 0 77 19 0 0 24060 21800 0 564 0 4.78 2.33 1.36 0 1 40 0 2 0 0 20 0 0 0 3230 870 4100 111440 153360 264800 8770 25890 34660
20230511 09:28:53.701 0 0 7 4 0 0 0 89 7 0 0 1180 4890 0 564 2 4.78 2.33 1.36 4 1 0 0 0 0 0 0 0 0 0 0 180 180 0 163880 163880 0 47800 47800
20230511 09:28:53.801 1 0 2 8 0 0 0 89 3 0 0 2430 3690 0 564 5 4.78 2.33 1.36 3 2 80 10 6 1 0 10 0 0 0 640 90 730 16800 74400 91200 1770 8310 10080
20230511 09:28:53.901 6 0 2 11 0 0 0 81 8 0 0 3500 7490 0 564 0 4.78 2.33 1.36 1 1 20 0 1 0 0 0 0 0 0 2150 0 2150 66560 0 66560 7350 0 7350
20230511 09:28:54.001 8 0 2 11 0 0 0 79 9 0 0 3420 6730 0 564 2 4.78 2.33 1.36 1 3 20 0 1 0 0 0 0 0 0 2160 0 2160 74680 0 74680 6960 0 6960
20230511 09:28:54.101 7 0 3 12 0 0 0 78 10 0 0 5150 11020 0 564 0 4.78 2.33 1.36 1 0 40 0 2 0 0 10 0 0 0 3100 570 3670 86040 84800 170840 9330 120 9450
20230511 09:28:54.201 6 0 2 9 0 0 0 83 8 0 0 2960 6030 0 564 1 4.78 2.33 1.36 3 2 20 0 1 0 0 0 0 0 0 1900 0 1900 46480 0 46480 6110 0 6110
20230511 09:28:54.301 5 0 8 8 0 1 0 79 14 0 0 9780 30240 0 564 1 4.78 2.33 1.36 3 1 180 10 11 1 0 20 0 0 0 5250 630 5880 146000 103000 249000 21220 600 21820
20230511 09:28:54.401 6 0 4 5 0 0 0 85 10 0 0 10470 29240 0 564 2 4.72 2.36 1.38 1 3 30 0 2 0 0 0 0 0 0 3950 4840 8790 144560 202240 346800 11760 35210 46970
20230511 09:28:54.501 7 0 5 7 0 0 0 80 12 0 0 20700 26070 0 564 1 4.72 2.36 1.38 0 1 0 0 0 0 0 0 0 0 0 6770 1460 8230 187640 135080 322720 21480 10810 32290
20230511 09:28:54.601 1 0 10 4 0 0 0 85 11 0 0 6470 16060 0 564 2 4.72 2.36 1.38 2 1 40 0 2 0 0 10 0 0 0 2970 430 3400 55160 291840 347000 8720 72540 81260
20230511 09:28:54.701 3 0 10 7 0 0 0 80 13 0 0 12430 34720 0 564 6 4.72 2.36 1.38 8 0 90 0 5 0 0 0 0 0 0 8570 1640 10210 208960 100800 309760 26250 2780 29030
20230511 09:28:54.801 8 0 7 7 0 0 0 78 15 0 0 11550 31150 0 564 4 4.72 2.36 1.38 3 1 0 0 0 0 0 0 0 0 0 6040 2930 8970 159840 197920 357759 15010 1830 16840
20230511 09:28:54.901 9 0 7 7 0 2 0 75 18 0 0 49630 20510 0 564 2 4.72 2.36 1.38 3 1 10 0 1 0 0 0 0 0 0 4800 1670 6470 162280 264000 426280 11990 25280 37270
20230511 09:28:55.001 5 0 6 8 0 1 0 80 12 0 0 8620 23180 0 564 3 4.72 2.36 1.38 1 3 20 0 1 0 0 0 0 0 0 5070 1510 6580 150240 264760 415000 11820 760 12580
20230511 09:28:55.101 4 0 5 10 0 0 0 80 9 0 0 70640 22670 0 564 3 4.72 2.36 1.38 3 1 10 0 1 0 0 20 0 0 0 7030 980 8010 222000 280360 502359 15550 57930 73480
20230511 09:28:55.201 1 0 8 9 0 0 0 81 9 0 0 16300 25460 0 564 1 4.72 2.36 1.38 3 1 130 0 8 0 0 0 0 0 0 6250 490 6740 209880 204200 414080 18310 3750 22060
20230511 09:28:55.301 4 0 17 9 0 0 0 70 21 0 0 9080 30870 0 564 0 4.72 2.36 1.38 0 4 0 0 0 0 0 0 0 0 0 4560 680 5240 203680 212600 416279 13430 1900 15330
20230511 09:28:55.401 2 0 3 11 0 0 0 85 4 0 0 14540 35550 0 564 1 4.72 2.36 1.38 1 3 10 0 1 0 0 0 0 0 0 2050 8620 10670 91920 117960 209880 5170 2900 8070
20230511 09:28:55.501 0 0 2 12 0 0 0 87 2 0 0 34410 94470 0 564 1 4.72 2.36 1.38 1 3 120 0 7 0 0 0 0 0 0 1030 25860 26890 43280 122480 165760 2360 1720 4080
20230511 09:28:55.601 1 0 4 6 0 0 0 90 4 0 0 23200 72740 0 564 0 4.72 2.36 1.38 1 3 120 0 10 0 0 10 0 0 0 200 18650 18850 8720 77600 86320 430 10 440
20230511 09:28:55.701 1 0 5 8 0 0 0 86 5 0 0 31600 95130 0 564 2 4.72 2.36 1.38 1 3 30 0 2 0 0 0 0 0 0 790 24220 25010 26320 123040 149360 1760 3380 5140
20230511 09:28:55.801 1 0 1 17 0 0 0 82 1 0 0 9280 27470 0 564 0 4.72 2.36 1.38 0 4 60 10 4 1 0 0 0 0 0 230 7630 7860 7240 30520 37760 680 0 680
20230511 09:28:55.901 1 0 3 11 0 0 0 85 4 0 0 41430 93330 0 564 2 4.72 2.36 1.38 1 3 0 0 0 0 0 20 0 0 0 1480 24590 26070 40400 149160 189560 2390 8490 10880
20230511 09:28:56.001 1 0 4 19 0 0 0 76 5 0 0 18380 35000 0 564 0 4.72 2.36 1.38 0 4 30 0 2 0 0 0 0 0 0 2750 7310 10060 63200 107960 171160 5340 14010 19350
20230511 09:28:56.101 2 0 10 11 0 0 0 76 12 0 0 35710 22280 0 564 1 4.72 2.36 1.38 3 0 30 0 2 0 0 0 0 0 0 8100 510 8610 184800 199280 384079 13270 25140 38410
20230511 09:28:56.201 4 0 8 11 0 1 0 76 13 0 0 33770 26330 0 564 1 4.72 2.36 1.38 3 1 20 0 1 0 0 0 0 0 0 9040 440 9480 275920 140760 416680 20020 22470 42490
20230511 09:28:56.301 6 0 18 9 0 0 0 67 24 0 0 95380 30430 0 564 2 4.72 2.36 1.38 3 1 170 0 10 0 0 0 0 0 0 8590 290 8880 199600 261200 460799 12170 65190 77360
20230511 09:28:56.401 2 0 10 8 0 0 0 81 12 0 0 62030 28790 0 564 1 4.72 2.36 1.38 2 1 30 0 2 0 0 10 0 0 0 15030 130 15160 195720 116280 312000 15220 26300 41520
20230511 09:28:56.501 1 0 2 12 0 0 0 85 3 0 0 8310 21990 0 564 1 4.72 2.36 1.38 1 3 0 10 0 1 0 0 0 0 0 6680 360 7040 116240 130000 246240 15910 1940 17850
20230511 09:28:56.601 1 0 12 14 0 0 0 73 13 0 0 4060 7470 0 564 0 4.72 2.36 1.38 0 3 30 0 2 0 0 20 0 0 0 50 70 120 480 1200 1680 60 230 290
20230511 09:28:56.701 1 0 6 17 0 0 0 76 7 0 0 3080 6290 0 564 1 4.72 2.36 1.38 6 2 10 0 1 0 0 0 0 0 0 950 10 960 13120 40 13160 1390 0 1390
20230511 09:28:56.801 2 0 6 15 0 1 0 77 8 0 0 9890 22050 0 564 3 4.72 2.36 1.38 2 3 110 0 6 0 0 0 0 0 0 7170 120 7290 135600 64600 200200 12480 620 13100
20230511 09:28:56.901 1 0 0 31 0 0 0 69 1 0 0 1180 1450 0 564 0 4.72 2.36 1.38 0 5 40 0 2 0 0 0 0 0 0 310 0 310 7600 0 7600 1290 0 1290
20230511 09:28:57.001 0 0 2 28 0 0 0 70 2 0 0 2160 5820 0 564 0 4.72 2.36 1.38 1 4 30 0 2 0 0 0 0 0 0 1700 60 1760 43520 62720 106240 4880 1020 5900
20230511 09:28:57.101 1 0 5 12 0 0 0 82 6 0 0 6130 19480 0 564 2 4.72 2.36 1.38 2 2 80 10 5 1 0 10 0 0 0 4040 910 4950 123600 228160 351759 13180 6800 19980
20230511 09:28:57.201 1 0 5 8 0 0 0 86 6 0 0 8110 23000 0 564 2 4.72 2.36 1.38 2 0 70 0 4 0 0 0 0 0 0 2270 3500 5770 92440 172000 264440 6330 7710 14040
20230511 09:28:57.301 1 0 14 11 0 0 0 74 16 0 0 6510 16500 0 564 2 4.72 2.36 1.38 3 2 0 0 0 0 0 0 0 0 0 2070 230 2300 62080 93960 156040 5690 20620 26310
20230511 09:28:57.401 2 0 3 22 0 0 0 73 5 0 0 5100 11020 0 564 2 4.72 2.36 1.38 1 3 0 0 0 0 0 0 0 0 0 3300 330 3630 120360 127320 247680 8840 240 9080
20230511 09:28:57.501 1 0 3 17 0 0 0 79 4 0 0 4370 8430 0 564 0 4.72 2.36 1.38 0 3 90 0 5 0 0 0 0 0 0 1960 470 2430 106680 86480 193160 4730 520 5250
20230511 09:28:57.601 3 0 8 17 0 0 0 72 11 0 0 17310 14170 0 564 0 4.72 2.36 1.38 1 3 20 0 1 0 0 20 0 0 0 2040 670 2710 86080 115240 201320 6220 15440 21660
20230511 09:28:57.701 1 0 9 18 0 1 0 72 11 0 0 8680 16790 0 564 4 4.72 2.36 1.38 9 2 0 0 0 0 0 0 0 0 0 2520 1330 3850 111440 86200 197640 5880 6430 12310
20230511 09:28:57.801 1 0 3 4 0 0 0 92 4 0 0 31130 104570 0 564 1 4.72 2.36 1.38 0 2 70 0 4 0 0 0 0 0 0 0 29280 29280 0 117120 117120 0 7230 7230
20230511 09:28:57.901 1 0 3 7 0 0 0 90 3 0 0 29950 6070 0 564 2 4.72 2.36 1.38 0 2 20 0 1 0 0 0 0 0 0 2170 220 2390 45800 163640 209440 4330 33460 37790
20230511 09:28:58.001 6 0 7 11 0 0 0 75 14 0 0 11950 30050 0 564 2 4.72 2.36 1.38 2 2 30 0 2 0 0 0 0 0 0 9670 330 10000 336520 122240 458760 22060 140 22200
20230511 09:28:58.101 7 0 10 8 0 1 0 73 19 0 0 8040 20140 0 564 2 4.72 2.36 1.38 2 3 20 0 1 0 0 20 0 0 0 5660 810 6470 327800 128360 456159 8470 440 8910
20230511 09:28:58.201 2 0 8 8 0 0 0 82 10 0 0 11790 18880 0 564 2 4.72 2.36 1.38 1 3 30 0 2 0 0 0 0 0 0 3490 1010 4500 208080 286720 494800 8950 17280 26230
20230511 09:28:58.301 2 0 14 9 0 0 0 75 15 0 0 7780 25000 0 564 2 4.72 2.36 1.38 3 1 60 0 4 0 0 0 0 0 0 2310 1030 3340 176000 365599 541599 3500 4960 8460
20230511 09:28:58.401 6 0 10 9 0 0 0 74 16 0 0 5320 10730 0 564 4 4.72 2.36 1.38 4 1 30 0 2 0 0 20 0 0 0 2840 710 3550 224880 288360 513240 1710 650 2360
20230511 09:28:58.501 6 0 9 10 0 0 0 76 14 0 0 54610 17640 0 564 2 4.72 2.36 1.38 3 1 20 0 1 0 0 0 0 0 0 7410 570 7980 183240 174480 357720 15980 28980 44960
20230511 09:28:58.601 3 0 10 12 0 1 0 75 13 0 0 41150 34210 0 564 2 4.72 2.36 1.38 1 1 20 0 1 0 0 0 0 0 0 13090 890 13980 212400 219120 431519 15600 32780 48380
20230511 09:28:58.701 7 0 6 4 0 0 0 83 13 0 0 39240 4870 0 564 7 4.72 2.36 1.38 6 1 10 0 1 0 0 0 0 0 0 0 170 170 0 130760 130760 0 36900 36900
20230511 09:28:58.801 4 0 2 11 0 1 0 81 7 0 0 14580 5500 0 564 0 4.72 2.36 1.38 1 3 150 0 9 0 0 0 0 0 0 1660 70 1730 23120 64440 87560 2940 10940 13880
20230511 09:28:58.901 2 0 1 22 0 0 0 75 3 0 0 6290 11950 0 564 0 4.72 2.36 1.38 0 4 30 10 3 1 0 10 0 0 0 5130 0 5130 76280 0 76280 9320 0 9320
20230511 09:28:59.001 3 0 2 19 0 0 0 75 5 0 0 4640 9400 0 564 2 4.72 2.36 1.38 0 4 20 0 1 0 0 0 0 0 0 3690 0 3690 73280 0 73280 10290 0 10290
20230511 09:28:59.101 3 0 3 18 0 0 0 77 5 0 0 4890 9900 0 564 1 4.72 2.36 1.38 0 4 140 0 8 0 0 10 0 0 0 3440 100 3540 74080 30720 104800 11340 20 11360
20230511 09:28:59.201 8 0 4 13 0 0 0 76 11 0 0 4080 9900 0 564 1 4.72 2.36 1.38 0 3 30 0 2 0 0 0 0 0 0 2460 100 2560 91240 38440 129680 7610 130 7740
20230511 09:28:59.301 6 0 13 12 0 0 0 69 19 0 0 16660 19250 0 564 1 4.72 2.36 1.38 1 3 0 0 0 0 0 0 0 0 0 2550 420 2970 79560 99200 178760 8600 16690 25290
20230511 09:28:59.401 11 0 3 10 0 0 0 76 14 0 0 45950 23560 0 564 4 4.66 2.39 1.39 3 2 10 10 1 1 0 0 0 0 0 8000 410 8410 250000 133880 383880 27200 20220 47420
20230511 09:28:59.501 7 0 4 4 0 0 0 84 11 0 0 70990 81110 0 564 2 4.66 2.39 1.39 1 3 130 0 8 0 0 0 0 0 0 1650 21300 22950 34400 181760 216160 5070 18880 23950
20230511 09:28:59.601 7 0 14 6 0 0 0 74 20 0 0 230710 7660 0 564 4 4.66 2.39 1.39 4 0 30 0 2 0 0 10 0 0 0 0 800 800 0 478159 478159 0 119100 119100
20230511 09:28:59.701 7 0 14 8 0 0 0 71 21 0 0 195350 20390 0 564 2 4.66 2.39 1.39 9 2 50 0 3 0 0 0 0 0 0 6000 920 6920 120760 423320 544081 13130 104480 117610
20230511 09:28:59.801 4 0 4 8 0 1 0 84 9 0 0 17510 37340 0 564 0 4.66 2.39 1.39 0 2 30 0 2 0 0 0 0 0 0 14620 0 14620 265760 0 265760 37790 0 37790
20230511 09:28:59.901 3 0 3 8 0 0 0 87 6 0 0 15320 36970 0 564 0 4.66 2.39 1.39 1 0 110 0 6 0 0 20 0 0 0 13730 0 13730 245400 0 245400 37750 0 37750
20230511 09:29:00.001 1 0 3 5 0 0 0 91 4 0 0 8980 27000 0 564 1 4.66 2.39 1.39 0 1 10 0 1 0 0 0 0 0 0 8120 0 8120 136560 0 136560 22540 0 22540
20230511 09:29:00.101 1 0 5 8 0 0 0 86 6 0 0 8110 26990 0 564 1 4.66 2.39 1.39 1 0 20 0 1 0 0 0 0 0 0 4030 3090 7120 79360 307200 386559 13050 310 13360
20230511 09:29:00.201 1 0 3 4 0 0 0 92 4 0 0 7240 23080 0 564 1 4.66 2.39 1.39 1 0 20 0 1 0 0 0 0 0 0 6140 0 6140 125240 0 125240 20540 0 20540
20230511 09:29:00.301 1 0 6 7 0 1 0 85 8 0 0 9180 30920 0 564 0 4.66 2.39 1.39 0 2 20 0 1 0 0 0 0 0 0 4630 1550 6180 92680 216080 308760 14770 370 15140
20230511 09:29:00.401 3 0 4 10 0 0 0 82 8 0 0 4970 14520 0 564 0 4.66 2.39 1.39 3 0 30 0 2 0 0 0 0 0 0 3330 190 3520 82280 112760 195040 9870 180 10050
20230511 09:29:00.501 3 0 3 14 0 0 0 81 5 0 0 4820 12600 0 564 0 4.66 2.39 1.39 0 5 20 0 1 0 0 0 0 0 0 960 2110 3070 38080 118080 156160 2910 320 3230
20230511 09:29:00.601 2 0 6 17 0 0 0 75 9 0 0 9530 19320 0 564 3 4.66 2.39 1.39 3 2 10 0 1 0 0 0 0 0 0 550 4220 4770 21360 107680 129040 1440 1570 3010
20230511 09:29:00.701 3 0 6 8 0 0 0 83 10 0 0 7370 13320 0 564 2 4.66 2.39 1.39 1 5 20 0 1 0 0 10 0 0 0 1120 4350 5470 36480 95760 132240 3970 130 4100
20230511 09:29:00.801 3 0 2 20 0 0 0 75 6 0 0 6750 10920 0 564 0 4.66 2.39 1.39 0 3 30 10 2 1 0 10 0 0 0 1110 3380 4490 41640 79520 121160 4280 250 4530
20230511 09:29:00.901 4 0 3 15 0 0 0 78 7 0 0 13300 8880 0 564 4 4.66 2.39 1.39 1 3 30 0 2 0 0 0 0 0 0 1900 1590 3490 73520 103360 176880 5060 14260 19320
20230511 09:29:01.001 1 0 1 22 0 0 0 76 2 0 0 20620 2360 0 564 0 4.66 2.39 1.39 0 4 10 0 1 0 0 0 0 0 0 710 90 800 20840 89600 110440 1770 26050 27820
20230511 09:29:01.101 4 0 3 17 0 0 0 76 6 0 0 42550 9570 0 564 1 4.66 2.39 1.39 2 2 140 0 8 0 0 0 0 0 0 3280 160 3440 111400 136800 248200 11770 28940 40710
20230511 09:29:01.201 12 0 4 9 0 0 0 76 15 0 0 10930 26800 0 564 3 4.66 2.39 1.39 4 1 110 0 6 0 0 10 0 0 0 8280 640 8920 297320 129000 426320 28940 210 29150
20230511 09:29:01.301 4 0 8 4 0 0 0 83 12 0 0 26280 20580 0 564 1 4.66 2.39 1.39 0 1 0 0 0 0 0 0 0 0 0 2130 990 3120 73040 333600 406639 7650 74060 81710
20230511 09:29:01.401 7 0 3 8 0 0 0 83 10 0 0 9670 23400 0 564 2 4.66 2.39 1.39 1 1 20 10 1 1 0 20 0 0 0 8490 130 8620 216120 101480 317600 26620 23330 49950
20230511 09:29:01.501 6 0 6 13 0 0 0 75 12 0 0 9630 22730 0 564 0 4.66 2.39 1.39 0 5 10 10 1 1 0 0 0 0 0 7390 400 7790 203640 105080 308720 25960 820 26780
20230511 09:29:01.601 1 0 11 25 0 0 0 63 13 0 0 4210 6380 0 564 0 4.66 2.39 1.39 0 5 120 0 7 0 0 0 0 0 0 100 50 150 2640 920 3560 330 180 510
20230511 09:29:01.701 0 0 5 30 0 0 0 65 5 0 0 1940 4270 0 564 10 4.66 2.39 1.39 7 4 50 0 3 0 0 20 0 0 0 130 10 140 4240 40 4280 510 0 510
20230511 09:29:01.801 4 0 7 7 0 0 0 81 12 0 0 35410 101100 0 564 0 4.66 2.39 1.39 0 4 50 0 3 0 0 0 0 0 0 6660 23290 29950 183080 136240 319320 22920 2230 25150
20230511 09:29:01.901 2 0 5 5 0 0 0 88 8 0 0 69320 70390 0 564 4 4.66 2.39 1.39 1 3 60 0 4 0 0 20 0 0 0 1250 18330 19580 29000 280960 309960 4930 52210 57140
20230511 09:29:02.001 3 0 3 11 0 0 0 84 6 0 0 50140 4630 0 564 0 4.66 2.39 1.39 1 3 10 0 1 0 0 0 0 0 0 1150 210 1360 12400 181720 194120 1920 46010 47930
20230511 09:29:02.101 2 0 4 14 0 0 0 80 6 0 0 23170 5640 0 564 1 4.66 2.39 1.39 1 3 30 10 2 1 0 0 0 0 0 1610 160 1770 20560 84520 105080 3540 21500 25040
20230511 09:29:02.201 2 0 3 15 0 1 0 79 6 0 0 23410 5080 0 564 2 4.66 2.39 1.39 2 2 30 0 2 0 0 0 0 0 0 1940 150 2090 23600 128640 152240 4020 31050 35070
20230511 09:29:02.301 3 0 8 14 0 0 0 74 11 0 0 20410 26230 0 564 1 4.66 2.39 1.39 2 2 10 0 1 0 0 0 0 0 0 1430 3690 5120 21680 109120 130800 2990 25300 28290
20230511 09:29:02.401 4 0 6 9 0 0 0 82 9 0 0 15920 7200 0 564 1 4.66 2.39 1.39 1 2 40 0 2 0 0 0 0 0 0 3820 50 3870 50280 38560 88840 5370 6400 11770
20230511 09:29:02.501 2 0 3 11 0 0 0 84 6 0 0 3540 7090 0 564 0 4.66 2.39 1.39 0 2 0 0 0 0 0 0 0 0 0 2790 0 2790 45680 0 45680 5980 0 5980
20230511 09:29:02.601 4 0 11 9 0 0 0 77 14 0 0 6570 14760 0 564 2 4.66 2.39 1.39 3 1 30 0 2 0 0 0 0 0 0 3690 0 3690 63360 0 63360 6010 0 6010
20230511 09:29:02.701 9 0 7 7 0 1 0 76 17 0 0 11550 31010 0 564 10 4.66 2.39 1.39 10 1 10 0 1 0 0 0 0 0 0 9590 0 9590 190080 0 190080 23460 0 23460
20230511 09:29:02.801 6 0 5 6 0 0 0 82 11 0 0 10980 25650 0 564 2 4.66 2.39 1.39 1 0 10 0 1 0 0 0 0 0 0 6970 880 7850 136160 263160 399319 15880 2260 18140
20230511 09:29:02.901 8 0 6 5 0 0 0 82 13 0 0 10530 26330 0 564 0 4.66 2.39 1.39 0 1 40 0 2 0 0 10 0 0 0 9090 0 9090 161880 0 161880 20180 0 20180
20230511 09:29:03.001 4 0 5 5 0 0 0 86 9 0 0 5750 16760 0 564 1 4.66 2.39 1.39 0 2 0 0 0 0 0 0 0 0 0 3870 710 4580 86000 169680 255680 12020 420 12440
20230511 09:29:03.101 7 0 5 5 0 0 0 83 12 0 0 8370 22000 0 564 2 4.66 2.39 1.39 5 0 50 0 3 0 0 0 0 0 0 6250 820 7070 125040 134440 259480 14110 170 14280
20230511 09:29:03.201 15 0 5 4 0 0 0 76 20 0 0 8570 18590 0 564 4 4.66 2.39 1.39 2 1 30 0 2 0 0 0 0 0 0 6060 680 6740 138600 112640 251240 15280 60 15340
20230511 09:29:03.301 12 0 19 6 0 0 0 63 30 0 0 88270 27210 300 564 1 4.66 2.39 1.39 1 4 10 0 1 0 0 0 0 0 0 3690 1340 5030 76160 254400 330560 13520 43680 57200
20230511 09:29:03.401 9 0 6 8 0 0 0 77 16 0 0 25280 28370 0 564 0 4.66 2.39 1.39 4 1 10 0 1 0 0 0 0 0 0 5700 3460 9160 133040 227800 360840 19630 6550 26180
20230511 09:29:03.501 11 0 8 7 0 0 0 74 19 0 0 143420 11160 0 564 4 4.66 2.39 1.39 4 0 10 0 1 0 0 0 0 0 0 4470 410 4880 98280 277520 375800 15780 67730 83510
20230511 09:29:03.601 20 0 11 4 0 0 0 65 31 0 0 9190 22160 300 564 4 4.66 2.39 1.39 2 2 60 0 4 0 0 0 0 0 0 5130 370 5500 97600 96920 194520 19270 160 19430
20230511 09:29:03.701 18 0 8 3 0 0 0 71 26 0 0 31360 15890 0 564 5 4.66 2.39 1.39 8 1 40 0 2 0 0 20 0 0 0 3990 370 4360 76160 93840 170000 15120 11610 26730
20230511 09:29:03.801 14 0 5 6 0 0 0 75 19 0 0 76760 16180 0 564 4 4.66 2.39 1.39 3 1 40 0 2 0 0 0 0 0 0 6450 540 6990 109240 170240 279480 20790 28380 49170
20230511 09:29:03.901 8 0 2 14 0 0 0 76 9 0 0 7380 11800 0 564 2 4.66 2.39 1.39 3 1 180 10 12 1 0 10 0 0 0 4630 320 4950 87360 25280 112640 8750 50 8800
20230511 09:29:04.001 11 0 4 11 0 0 0 75 14 0 0 46930 7730 0 564 1 4.66 2.39 1.39 2 2 20 0 1 0 0 0 0 0 0 3230 290 3520 58720 86120 144840 5350 22640 27990
20230511 09:29:04.101 13 0 2 10 0 0 0 75 15 0 0 57750 4940 0 564 3 4.66 2.39 1.39 3 1 20 0 1 0 0 0 0 0 0 1430 100 1530 41440 110080 151520 4260 26150 30410
20230511 09:29:04.201 13 0 2 10 0 0 0 74 16 0 0 60420 2460 0 564 2 4.66 2.39 1.39 2 2 30 0 2 0 0 10 0 0 0 640 80 720 18360 94720 113080 1770 24870 26640
20230511 09:29:04.301 14 0 6 11 0 0 0 69 20 0 0 4540 13120 0 564 2 4.66 2.39 1.39 2 2 10 0 1 0 0 0 0 0 0 1270 0 1270 52560 0 52560 4770 0 4770
20230511 09:29:04.401 11 0 3 10 0 0 0 75 14 0 0 84820 6120 0 564 3 4.61 2.41 1.41 0 4 110 0 6 0 0 0 0 0 0 1870 160 2030 41320 167040 208360 5030 38410 43440
20230511 09:29:04.501 9 0 3 12 0 0 0 76 12 0 0 6200 13140 0 564 2 4.61 2.41 1.41 1 2 0 0 0 0 0 0 0 0 0 4810 0 4810 113040 0 113040 16070 0 16070
20230511 09:29:04.601 8 0 6 16 0 0 0 71 14 0 0 7840 20320 0 564 1 4.61 2.41 1.41 2 1 30 0 2 0 0 0 0 0 0 4230 590 4820 88080 113160 201240 13690 170 13860
20230511 09:29:04.701 9 0 6 11 0 0 0 74 15 0 0 4360 12910 0 564 1 4.61 2.41 1.41 5 1 100 0 6 0 0 30 0 0 0 2260 0 2260 57960 0 57960 7960 0 7960
20230511 09:29:04.801 6 0 4 10 0 1 0 80 10 0 0 4580 8500 0 564 3 4.61 2.41 1.41 1 3 0 0 0 0 0 0 0 0 0 2600 0 2600 65880 0 65880 8880 0 8880
20230511 09:29:04.901 12 0 3 6 0 0 0 79 14 0 0 9040 21780 0 563 2 4.61 2.41 1.41 2 2 30 0 2 0 0 10 0 0 0 6450 800 7250 161440 112400 273840 18060 160 18220
20230511 09:29:05.001 2 0 6 2 0 1 0 89 9 0 0 14890 10810 0 563 2 4.61 2.41 1.41 2 1 20 10 1 1 0 0 0 0 0 2450 820 3270 74640 216320 290960 4240 47540 51780
20230511 09:29:05.101 6 0 4 4 0 0 0 86 10 0 0 6230 16670 0 563 4 4.61 2.41 1.41 2 1 100 0 6 0 0 0 0 0 0 4690 210 4900 145800 64240 210040 15300 120 15420
20230511 09:29:05.201 2 0 4 4 0 0 0 89 7 0 0 6310 18560 0 563 1 4.61 2.41 1.41 1 0 120 0 7 0 0 10 0 0 0 4520 600 5120 97520 120800 218320 14250 4950 19200
20230511 09:29:05.301 5 0 14 4 0 0 0 77 19 0 0 8040 23140 0 563 1 4.61 2.41 1.41 0 1 10 0 1 0 0 0 0 0 0 3960 390 4350 106240 155840 262080 13610 17950 31560
20230511 09:29:05.401 2 0 9 1 0 1 0 87 12 0 0 53720 6480 0 563 2 4.61 2.41 1.41 2 0 10 0 1 0 0 10 0 0 0 1640 390 2030 49880 232120 282000 5560 50620 56180
20230511 09:29:05.501 4 0 6 4 0 0 0 86 10 0 0 26440 16000 0 563 2 4.61 2.41 1.41 3 0 20 0 1 0 0 0 0 0 0 4800 100 4900 127560 80880 208440 14690 19480 34170
20230511 09:29:05.601 9 0 12 4 0 0 0 74 21 0 0 8720 23290 0 563 3 4.61 2.41 1.41 3 1 40 0 2 0 0 0 0 0 0 4910 630 5540 149320 97920 247240 16370 100 16470
20230511 09:29:05.701 6 0 9 4 0 0 0 81 14 0 0 6610 20860 0 563 1 4.61 2.41 1.41 5 0 60 0 4 0 0 10 0 0 0 4010 820 4830 95960 189040 285000 13470 230 13700
20230511 09:29:05.801 5 0 7 4 0 1 0 84 12 0 0 6670 17170 0 563 1 4.61 2.41 1.41 1 1 120 0 7 0 0 0 0 0 0 3490 650 4140 82800 205280 288080 10730 19250 29980
20230511 09:29:05.901 6 0 6 4 0 0 0 84 12 0 0 10470 13720 0 563 3 4.61 2.41 1.41 2 1 50 0 3 0 0 0 0 0 0 3980 2280 6260 83040 154760 237800 9620 3330 12950
20230511 09:29:06.001 10 0 6 4 0 1 0 80 16 0 0 5720 9870 0 563 4 4.61 2.41 1.41 3 0 20 0 1 0 0 30 0 0 0 3040 1500 4540 103000 141040 244040 9510 120 9630
20230511 09:29:06.101 10 0 4 4 0 0 0 81 14 0 0 50270 7460 0 563 0 4.61 2.41 1.41 0 3 10 0 1 0 0 0 0 0 0 1680 770 2450 55120 202160 257280 5320 30290 35610
20230511 09:29:06.201 6 0 3 8 0 0 0 83 10 0 0 6760 15290 0 563 3 4.61 2.41 1.41 0 3 30 0 2 0 0 10 0 0 0 4550 450 5000 128360 131160 259520 16650 620 17270
20230511 09:29:06.301 7 0 21 6 0 0 0 66 28 0 0 32330 28900 0 563 3 4.61 2.41 1.41 2 1 10 0 1 0 0 0 0 0 0 4710 1030 5740 92400 217400 309800 12940 45170 58110
20230511 09:29:06.401 11 0 4 4 0 1 0 81 15 0 0 6910 14100 0 563 2 4.61 2.41 1.41 3 0 30 0 2 0 0 0 0 0 0 5050 260 5310 124960 66120 191080 14120 330 14450
20230511 09:29:06.501 12 0 4 4 0 0 0 80 16 0 0 15450 8420 0 563 1 4.61 2.41 1.41 0 3 0 10 0 1 0 20 0 0 0 2560 350 2910 45680 114800 160480 8870 6660 15530
20230511 09:29:06.601 5 0 6 22 0 0 0 67 11 0 0 2620 7100 0 563 0 4.61 2.41 1.41 0 4 150 10 10 1 0 0 0 0 0 20 20 40 240 720 960 70 160 230
20230511 09:29:06.701 5 0 4 19 0 0 0 71 9 0 0 1140 4500 0 563 4 4.61 2.41 1.41 6 3 80 0 5 0 0 0 0 0 0 30 0 30 400 0 400 40 0 40
20230511 09:29:06.801 7 0 3 6 0 0 0 84 10 0 0 10660 6650 0 562 0 4.61 2.41 1.41 1 1 0 0 0 0 0 0 0 0 0 1110 870 1980 24080 102520 126600 4950 6330 11280
20230511 09:29:06.901 6 0 1 6 0 0 0 86 7 0 0 2070 3010 0 562 2 4.61 2.41 1.41 0 2 20 0 1 0 0 0 0 0 0 1200 0 1200 18560 0 18560 880 0 880
20230511 09:29:07.001 8 0 3 3 0 0 0 87 11 0 0 3980 7550 0 562 2 4.61 2.41 1.41 2 0 10 0 1 0 0 0 0 0 0 2710 300 3010 106440 84600 191040 5310 1780 7090
20230511 09:29:07.101 6 0 7 1 0 0 0 86 12 0 0 44640 7560 0 562 2 4.61 2.41 1.41 3 0 130 50 10 6 0 0 0 0 0 1430 440 1870 45480 221280 266760 5600 52250 57850
20230511 09:29:07.201 5 0 4 4 0 0 0 87 9 0 0 27930 18040 0 562 2 4.61 2.41 1.41 2 0 70 20 6 2 0 0 0 0 0 5820 120 5940 146160 110760 256920 21180 25400 46580
20230511 09:29:07.301 6 0 16 5 0 0 0 73 22 0 0 8300 24110 0 562 2 4.61 2.41 1.41 1 1 60 20 5 2 0 0 0 0 0 4240 430 4670 130080 104880 234960 14570 80 14650
20230511 09:29:07.401 8 0 2 2 0 0 0 87 11 0 0 4570 11420 0 562 1 4.61 2.41 1.41 2 0 50 20 4 2 0 0 0 0 0 3090 170 3260 143440 49040 192480 11690 90 11780
20230511 09:29:07.501 8 0 3 3 0 0 0 87 11 0 0 4680 10590 0 562 0 4.61 2.41 1.41 2 1 90 20 7 2 0 0 0 0 0 3140 330 3470 120880 75840 196720 9480 90 9570
20230511 09:29:07.601 3 0 15 2 0 1 0 80 19 0 0 10030 12710 0 562 0 4.61 2.41 1.41 0 1 70 20 6 2 0 0 0 0 0 1710 830 2540 38720 324880 363599 5450 76140 81590
20230511 09:29:07.701 2 0 9 6 0 0 0 83 11 0 0 10580 29870 0 562 2 4.61 2.41 1.41 9 0 30 0 2 0 0 10 0 0 0 8710 230 8940 196680 103800 300480 30640 100 30740
20230511 09:29:07.801 9 0 5 2 0 0 0 84 14 0 0 5960 11680 0 562 2 4.61 2.41 1.41 1 1 130 0 8 0 0 0 0 0 0 3160 410 3570 65680 57480 123160 11110 10 11120
20230511 09:29:07.901 10 0 1 1 0 0 0 88 11 0 0 3400 6400 0 562 2 4.61 2.41 1.41 2 0 230 0 13 0 0 0 0 0 0 1790 230 2020 34480 38440 72920 6830 30 6860
20230511 09:29:08.001 7 0 1 1 0 0 0 91 8 0 0 2140 4110 0 561 1 4.61 2.41 1.41 1 0 20 0 1 0 0 10 0 0 0 1040 190 1230 23560 61320 84880 4850 9200 14050
20230511 09:29:08.101 6 0 1 1 0 0 0 93 6 0 0 1180 1920 0 561 0 4.61 2.41 1.41 2 0 10 0 1 0 0 0 0 0 0 590 0 590 9920 0 9920 1890 0 1890
20230511 09:29:08.201 4 0 2 1 0 1 0 92 7 0 0 2430 4400 0 561 0 4.61 2.41 1.41 0 1 10 0 1 0 0 10 0 0 0 1280 560 1840 22440 96440 118880 4330 5550 9880
20230511 09:29:08.301 6 0 9 1 0 0 0 84 15 0 0 5450 17790 0 561 0 4.61 2.41 1.41 2 0 20 0 1 0 0 0 0 0 0 1700 480 2180 43600 84800 128400 4400 4960 9360
20230511 09:29:08.401 0 0 1 6 0 0 0 92 1 0 0 2230 4410 0 561 0 4.61 2.41 1.41 0 1 30 0 2 0 0 0 0 0 0 1220 200 1420 45440 37600 83040 3360 20 3380
20230511 09:29:08.501 1 0 1 4 0 0 0 94 3 0 0 1550 3350 0 561 0 4.61 2.41 1.41 0 1 30 0 2 0 0 0 0 0 0 760 180 940 43120 29240 72360 2310 50 2360
20230511 09:29:08.601 2 0 10 3 0 0 0 84 12 0 0 3880 9880 0 561 1 4.61 2.41 1.41 2 0 110 10 7 1 0 0 0 0 0 730 290 1020 47440 56560 104000 1140 22010 23150
20230511 09:29:08.701 0 0 6 4 0 0 0 90 6 0 0 1330 5720 0 561 1 4.61 2.41 1.41 4 0 20 0 1 0 0 0 0 0 0 0 140 140 0 122840 122840 0 30370 30370
20230511 09:29:08.801 0 0 7 6 0 0 0 88 7 0 0 2180 1060 0 561 0 4.61 2.41 1.41 0 1 10 0 1 0 0 0 0 0 0 0 80 80 0 81920 81920 70 20160 20230
20230511 09:29:08.901 1 0 0 6 0 0 0 94 1 0 0 1120 2030 0 561 1 4.61 2.41 1.41 0 1 10 0 1 0 0 0 0 0 0 500 60 560 19680 53400 73080 1590 0 1590
20230511 09:29:09.001 0 0 1 4 0 0 0 95 1 0 0 2540 6310 0 561 1 4.61 2.41 1.41 2 0 10 0 1 0 0 0 0 0 0 1880 0 1880 53400 0 53400 6550 0 6550
20230511 09:29:09.101 2 0 3 3 0 0 0 92 5 0 0 3230 8570 0 561 2 4.61 2.41 1.41 1 0 20 0 1 0 0 0 0 0 0 2450 230 2680 81600 76080 157680 9200 130 9330
20230511 09:29:09.201 2 0 4 2 0 0 0 93 6 0 0 4060 10130 0 561 1 4.61 2.41 1.41 0 1 60 0 4 0 0 0 0 0 0 3070 290 3360 80360 76680 157040 4930 80 5010
20230511 09:29:09.301 2 0 14 2 0 0 0 82 16 0 0 6090 19180 0 561 1 4.61 2.41 1.41 1 0 20 0 1 0 0 0 0 0 0 2310 460 2770 87040 77080 164120 6770 30 6800
20230511 09:29:09.401 3 0 2 2 0 0 0 93 6 0 0 2390 6110 0 561 1 4.40 2.41 1.41 1 0 20 0 1 0 0 0 0 0 0 1530 370 1900 78320 62800 141120 4070 30 4100
20230511 09:29:09.501 3 0 2 1 0 0 0 93 6 0 0 2310 5340 0 561 1 4.40 2.41 1.41 1 0 40 0 2 0 0 0 0 0 0 1330 350 1680 78840 69800 148640 3190 2820 6010
20230511 09:29:09.601 4 0 19 1 0 0 0 76 23 0 0 4550 10590 0 561 1 4.40 2.41 1.41 1 0 20 0 1 0 0 0 0 0 0 810 220 1030 36040 30840 66880 1930 40 1970
20230511 09:29:09.701 6 0 6 0 0 0 0 88 12 0 0 1490 7260 0 561 1 4.40 2.41 1.41 6 0 10 0 1 0 0 20 0 0 0 350 0 350 2600 0 2600 300 0 300
20230511 09:29:09.801 6 0 6 0 0 0 0 88 12 0 0 2390 2190 0 561 1 4.40 2.41 1.41 1 0 30 10 2 1 0 0 0 0 0 170 280 450 2680 74680 77360 500 8600 9100
20230511 09:29:09.901 4 0 2 1 0 0 0 94 6 0 0 2570 3990 0 561 1 4.40 2.41 1.41 1 0 50 0 3 0 0 0 0 0 0 1530 300 1830 21440 215560 237000 3830 48270 52100
20230511 09:29:10.001 6 0 1 1 0 0 0 93 6 0 0 2700 5860 0 561 1 4.40 2.41 1.41 1 0 30 0 2 0 0 0 0 0 0 2130 0 2130 26120 0 26120 4400 0 4400
20230511 09:29:10.101 3 0 2 1 0 0 0 94 5 0 0 3080 6600 0 561 1 4.40 2.41 1.41 2 0 40 0 2 0 0 0 0 0 0 2460 0 2460 32720 0 32720 5720 0 5720
20230511 09:29:10.201 4 0 2 2 0 0 0 92 6 0 0 2090 4010 0 561 1 4.40 2.41 1.41 1 0 10 0 1 0 0 0 0 0 0 1220 350 1570 21960 130080 152040 4270 200 4470
20230511 09:29:10.301 3 0 15 3 0 0 0 79 18 0 0 7560 22120 0 561 1 4.40 2.41 1.41 2 0 10 0 1 0 0 0 0 0 0 3790 210 4000 63120 73440 136560 11990 50 12040
20230511 09:29:10.401 1 0 4 3 0 0 0 93 4 0 0 3400 7410 0 561 1 4.40 2.41 1.41 1 0 120 0 7 0 0 0 0 0 0 2230 350 2580 42840 188040 230880 8550 7540 16090
20230511 09:29:10.501 2 0 2 2 0 0 0 93 4 0 0 4070 7990 0 561 1 4.40 2.41 1.41 1 0 50 0 3 0 0 10 0 0 0 3200 150 3350 61160 52440 113600 11430 3300 14730
20230511 09:29:10.601 7 0 7 0 0 0 0 86 14 0 0 3050 7840 0 561 1 4.40 2.41 1.41 1 0 60 0 4 0 0 0 0 0 0 390 10 400 5920 40 5960 1090 0 1090
20230511 09:29:10.701 6 0 6 0 0 0 0 88 12 0 0 1200 6100 0 561 1 4.40 2.41 1.41 7 0 10 0 1 0 0 0 0 0 0 0 0 0 0 0 0 0 0 0
20230511 09:29:10.801 6 0 4 0 0 0 0 89 11 0 0 1990 3140 0 561 1 4.40 2.41 1.41 1 0 20 0 1 0 0 0 0 0 0 0 0 0 0 0 0 0 0 0
20230511 09:29:10.901 4 0 2 1 0 0 0 93 7 0 0 1530 2030 0 561 1 4.40 2.41 1.41 2 0 0 0 0 0 0 0 0 0 0 580 420 1000 8600 190520 199120 1570 46040 47610
20230511 09:29:11.001 3 0 2 1 0 0 0 94 5 0 0 1870 3460 0 561 1 4.40 2.41 1.41 1 0 20 0 1 0 0 30 0 0 0 960 110 1070 19320 102280 121600 3870 21950 25820
20230511 09:29:11.101 3 0 2 2 0 0 0 93 5 0 0 3880 9910 0 561 1 4.40 2.41 1.41 1 0 0 0 0 0 0 0 0 0 0 3340 0 3340 66440 0 66440 13270 0 13270
20230511 09:29:11.201 1 0 4 2 0 0 0 92 5 0 0 3420 9520 0 561 1 4.40 2.41 1.41 2 0 110 0 6 0 0 0 0 0 0 2460 220 2680 51040 165720 216760 10300 90 10390
20230511 09:29:11.301 6 0 19 1 0 0 0 74 25 0 0 5050 21100 0 561 0 4.40 2.41 1.41 1 1 40 0 2 0 0 0 0 0 0 2090 30 2120 31880 22920 54800 4810 140 4950
20230511 09:29:11.401 1 0 3 3 0 0 0 94 4 0 0 3910 8600 0 561 1 4.40 2.41 1.41 1 0 70 0 4 0 0 0 0 0 0 3140 230 3370 104480 101280 205760 8830 30 8860
20230511 09:29:11.501 2 0 2 3 0 0 0 92 4 0 0 3190 8140 0 561 0 4.40 2.41 1.41 0 2 50 20 3 2 0 10 0 0 0 2210 130 2340 72160 89120 161280 7840 440 8280
20230511 09:29:11.601 2 0 12 19 0 0 0 67 13 0 0 3100 7240 0 561 0 4.40 2.41 1.41 0 1 40 0 2 0 0 0 0 0 0 390 430 820 20240 18280 38520 570 290 860
20230511 09:29:11.701 1 0 9 2 0 0 0 88 10 0 0 3990 13510 0 561 0 4.40 2.41 1.41 5 1 0 0 0 0 0 10 0 0 0 2360 360 2720 95440 253200 348640 7870 56030 63900
20230511 09:29:11.801 4 0 4 3 0 0 0 89 8 0 0 5220 11280 0 561 0 4.40 2.41 1.41 1 0 10 0 1 0 0 0 0 0 0 3180 110 3290 144360 75640 220000 10580 80 10660
20230511 09:29:11.901 2 0 1 3 0 0 0 94 3 0 0 3650 9370 0 561 1 4.40 2.41 1.41 1 0 40 0 2 0 0 0 0 0 0 2760 90 2850 107720 46720 154440 9600 50 9650
20230511 09:29:12.001 3 0 3 2 0 0 0 92 6 0 0 3140 7810 0 561 1 4.40 2.41 1.41 1 1 30 0 2 0 0 10 0 0 0 2420 60 2480 88800 36480 125280 5650 10 5660
20230511 09:29:12.101 3 0 2 1 0 0 0 93 6 0 0 2800 6280 0 561 1 4.40 2.41 1.41 1 0 30 10 2 1 0 0 0 0 0 1990 50 2040 45200 33360 78560 5900 30 5930
20230511 09:29:12.201 4 0 1 1 0 0 0 94 5 0 0 1570 3250 0 561 1 4.40 2.41 1.41 1 0 0 0 0 0 0 0 0 0 0 920 0 920 18720 0 18720 3760 0 3760
20230511 09:29:12.301 4 0 17 2 0 0 0 78 20 0 0 4140 14360 0 561 1 4.40 2.41 1.41 0 1 40 0 2 0 0 0 0 0 0 380 90 470 8480 47200 55680 1810 2590 4400
20230511 09:29:12.401 2 0 1 3 0 0 0 94 3 0 0 1250 1610 0 561 0 4.40 2.41 1.41 2 0 40 0 2 0 0 0 0 0 0 260 140 400 4200 72720 76920 790 11260 12050
20230511 09:29:12.501 2 0 1 4 0 0 0 93 3 0 0 1270 2480 0 561 1 4.40 2.41 1.41 2 0 60 10 4 1 0 10 0 0 0 720 0 720 11640 0 11640 2120 0 2120
20230511 09:29:12.601 4 0 11 2 0 0 0 83 15 0 0 3660 8630 0 561 0 4.40 2.41 1.41 1 0 120 10 7 1 0 0 0 0 0 740 0 740 14320 0 14320 2840 0 2840
20230511 09:29:12.701 3 0 8 3 0 0 0 87 10 0 0 1860 7020 0 561 0 4.40 2.41 1.41 9 1 20 0 1 0 0 0 0 0 0 550 180 730 12000 54720 66720 2480 2020 4500
20230511 09:29:12.801 5 0 6 1 0 0 0 87 12 0 0 2600 2730 0 561 1 4.40 2.41 1.41 2 0 20 0 1 0 0 10 0 0 0 200 140 340 5600 46640 52240 1170 3260 4430
20230511 09:29:12.901 6 0 0 0 0 0 0 94 6 0 0 610 410 0 561 1 4.40 2.41 1.41 1 0 30 0 2 0 0 0 0 0 0 10 0 10 40 0 40 0 0 0
20230511 09:29:13.001 6 0 1 0 0 0 0 93 7 0 0 630 770 0 561 1 4.40 2.41 1.41 1 0 20 0 1 0 0 0 0 0 0 20 0 20 160 0 160 20 0 20
20230511 09:29:13.101 3 0 2 2 0 0 0 94 4 0 0 2280 5360 0 561 1 4.40 2.41 1.41 2 0 0 0 0 0 0 0 0 0 0 1630 170 1800 34600 117480 152080 6640 17130 23770
20230511 09:29:13.201 4 0 2 1 0 0 0 93 6 0 0 2710 7650 0 561 0 4.40 2.41 1.41 1 0 130 0 8 0 0 0 0 0 0 1980 130 2110 38880 85800 124680 7790 5200 12990
20230511 09:29:13.301 3 0 15 1 0 0 0 81 18 0 0 5430 19070 0 561 1 4.40 2.41 1.41 1 0 50 0 3 0 0 0 0 0 0 1710 260 1970 33080 132120 165200 6510 21790 28300
20230511 09:29:13.401 4 0 2 2 0 0 0 92 6 0 0 4120 9630 0 560 1 4.40 2.41 1.41 1 1 20 20 1 5 0 0 0 0 0 3030 200 3230 66400 82120 148520 10470 580 11050
20230511 09:29:13.501 4 0 2 2 0 0 0 93 6 0 0 2780 7480 0 560 0 4.40 2.41 1.41 1 0 70 30 5 3 0 0 0 0 0 1960 20 1980 147440 11080 158520 3900 150 4050
20230511 09:29:13.601 2 0 15 2 0 0 0 80 18 0 0 5290 13900 0 560 1 4.40 2.41 1.41 1 1 80 0 5 0 0 0 0 0 0 2030 240 2270 97400 97320 194720 6580 22760 29340
20230511 09:29:13.701 2 0 9 2 0 0 0 87 11 0 0 4040 13600 0 560 1 4.40 2.41 1.41 7 1 0 0 0 0 0 0 0 0 0 2330 450 2780 72680 100600 173280 8640 70 8710
20230511 09:29:13.801 2 0 9 2 0 0 0 87 10 0 0 5640 11740 0 560 1 4.40 2.41 1.41 0 1 10 0 1 0 0 20 0 0 0 3070 470 3540 99480 134040 233520 10950 8570 19520
20230511 09:29:13.901 2 0 3 2 0 0 0 94 4 0 0 3140 6770 0 560 1 4.40 2.41 1.41 1 0 40 0 2 0 0 0 0 0 0 2200 240 2440 96160 202880 299040 8270 49390 57660
20230511 09:29:14.001 2 0 2 2 0 0 0 93 5 0 0 3410 8340 0 560 1 4.40 2.41 1.41 1 0 10 0 1 0 0 10 0 0 0 2530 200 2730 108760 50120 158880 10480 250 10730
20230511 09:29:14.101 4 0 2 1 0 0 0 93 6 0 0 1550 3180 0 560 1 4.40 2.41 1.41 2 0 10 0 1 0 0 0 0 0 0 680 340 1020 32000 51120 83120 2980 380 3360
20230511 09:29:14.201 0 0 7 1 0 0 0 92 7 0 0 2960 5110 0 560 1 4.40 2.41 1.41 2 0 0 0 0 0 0 0 0 0 0 80 2060 2140 1440 410200 411640 280 2670 2950
20230511 09:29:14.301 1 0 13 3 0 0 0 84 13 0 0 6090 16760 0 560 1 4.40 2.41 1.41 1 1 0 0 0 0 0 0 0 0 0 2250 730 2980 44000 303040 347040 8750 35040 43790
20230511 09:29:14.401 2 0 7 4 0 0 0 86 9 0 0 6200 10970 120 563 1 4.21 2.40 1.41 1 0 30 0 2 0 0 0 0 0 0 2810 1060 3870 53200 296160 349360 10560 1470 12030
20230511 09:29:14.501 0 0 3 4 0 0 0 93 3 0 0 5920 12390 0 563 0 4.21 2.40 1.41 1 0 40 0 2 0 0 0 0 0 0 3650 820 4470 77440 249480 326920 15640 3670 19310
20230511 09:29:14.601 1 0 11 6 0 0 0 81 12 0 0 4020 10600 0 563 1 4.21 2.40 1.41 1 1 50 0 3 0 0 0 0 0 0 710 660 1370 18440 120720 139160 3900 1550 5450
20230511 09:29:14.701 1 0 7 1 0 0 0 91 8 0 0 1620 5590 0 563 0 4.21 2.40 1.41 6 0 20 50 1 7 0 0 0 0 0 20 140 160 240 41200 41440 30 50 80
