Date Time [CPU]User% [CPU]Nice% [CPU]Sys% [CPU]Wait% [CPU]Irq% [CPU]Soft% [CPU]Steal% [CPU]Idle% [CPU]Totl% [CPU]Guest% [CPU]GuestN% [CPU]Intrpt/sec [CPU]Ctx/sec [CPU]Proc/sec [CPU]ProcQue [CPU]ProcRun [CPU]L-Avg1 [CPU]L-Avg5 [CPU]L-Avg15 [CPU]RunTot [CPU]BlkTot [NET]RxPktTot [NET]TxPktTot [NET]RxKBTot [NET]TxKBTot [NET]RxCmpTot [NET]RxMltTot [NET]TxCmpTot [NET]RxErrsTot [NET]TxErrsTot [DSK]ReadTot [DSK]WriteTot [DSK]OpsTot [DSK]ReadKBTot [DSK]WriteKBTot [DSK]KbTot [DSK]ReadMrgTot [DSK]WriteMrgTot [DSK]MrgTot
20230511 16:27:06.101 29 0 2 0 0 0 0 68 32 0 0 1850 780 0 375 5 2.21 1.88 2.02 5 0 20 0 1 0 0 0 0 0 0 0 0 0 0 0 0 0 0 0
20230511 16:27:06.201 29 0 3 0 0 0 0 69 31 0 0 1850 3290 0 375 5 2.21 1.88 2.02 5 0 70 10 5 1 0 70 0 0 0 0 0 0 0 0 0 0 0 0
20230511 16:27:06.301 33 0 3 0 0 0 0 65 35 0 0 2950 2140 90 378 5 2.21 1.88 2.02 5 0 30 0 2 0 0 0 0 0 0 0 0 0 0 0 0 0 0 0
20230511 16:27:06.401 29 0 3 0 0 1 0 68 32 0 0 2210 2810 0 378 5 2.21 1.88 2.02 5 0 20 0 1 0 0 0 0 0 0 0 0 0 0 0 0 0 0 0
20230511 16:27:06.501 30 0 5 0 0 0 0 65 35 0 0 2530 2160 0 378 5 2.21 1.88 2.02 5 0 100 0 6 0 0 0 0 0 0 0 0 0 0 0 0 0 0 0
20230511 16:27:06.601 29 0 3 0 0 0 0 69 31 0 0 2230 980 0 378 5 2.21 1.88 2.02 5 0 0 0 0 0 0 0 0 0 0 0 0 0 0 0 0 0 0 0
20230511 16:27:06.701 29 0 2 0 0 0 0 68 32 0 0 1760 640 0 378 5 2.21 1.88 2.02 5 0 40 0 2 0 0 10 0 0 0 0 0 0 0 0 0 0 0 0
20230511 16:27:06.801 28 0 4 0 0 0 0 67 33 0 0 2800 1270 0 378 5 2.21 1.88 2.02 5 0 40 0 2 0 0 0 0 0 0 0 0 0 0 0 0 0 0 0
20230511 16:27:06.901 29 0 3 0 0 0 0 69 31 0 0 2140 2060 0 378 5 2.21 1.88 2.02 5 0 90 0 5 0 0 10 0 0 0 0 0 0 0 0 0 0 0 0
20230511 16:27:07.001 28 0 3 0 0 1 0 68 32 0 0 2180 710 0 378 5 2.21 1.88 2.02 5 0 40 0 2 0 0 0 0 0 0 0 0 0 0 0 0 0 0 0
20230511 16:27:07.101 29 0 3 0 0 0 0 69 31 0 0 1760 400 0 378 5 2.21 1.88 2.02 5 0 20 0 1 0 0 0 0 0 0 0 0 0 0 0 0 0 0 0
20230511 16:27:07.201 28 0 3 0 0 0 0 69 31 0 0 1760 1100 0 378 5 2.21 1.88 2.02 5 0 0 0 0 0 0 0 0 0 0 0 0 0 0 0 0 0 0 0
20230511 16:27:07.301 29 0 4 0 0 0 0 68 32 0 0 1980 1010 30 375 5 2.21 1.88 2.02 5 0 20 0 1 0 0 0 0 0 0 0 0 0 0 0 0 0 0 0
20230511 16:27:07.401 28 0 3 0 0 0 0 69 31 0 0 2540 1120 0 375 5 2.21 1.88 2.02 5 0 20 0 1 0 0 20 0 0 0 0 0 0 0 0 0 0 0 0
20230511 16:27:07.501 30 0 4 0 0 0 0 66 34 0 0 2430 3310 0 375 5 2.21 1.88 2.02 5 0 10 0 1 0 0 0 0 0 0 0 0 0 0 0 0 0 0 0
20230511 16:27:07.601 29 0 2 0 0 1 0 68 32 0 0 2100 1060 0 375 5 2.21 1.88 2.02 5 0 20 0 1 0 0 0 0 0 0 0 0 0 0 0 0 0 0 0
20230511 16:27:07.701 30 0 1 0 0 0 0 69 31 0 0 1830 820 0 375 5 2.21 1.88 2.02 5 0 30 10 2 1 0 0 0 0 0 0 0 0 0 0 0 0 0 0
20230511 16:27:07.801 29 0 4 0 0 0 0 67 33 0 0 2510 1860 0 375 5 2.21 1.88 2.02 5 0 0 0 0 0 0 0 0 0 0 0 0 0 0 0 0 0 0 0
20230511 16:27:07.901 30 0 2 0 0 0 0 69 31 0 0 2000 1340 0 375 5 2.21 1.88 2.02 5 0 110 0 6 0 0 0 0 0 0 0 0 0 0 0 0 0 0 0
20230511 16:27:08.001 30 0 2 1 0 1 0 67 32 0 0 2090 1630 0 375 5 2.21 1.88 2.02 5 0 10 0 1 0 0 0 0 0 0 0 50 50 0 3040 3040 0 710 710
20230511 16:27:08.101 30 0 1 0 0 0 0 69 31 0 0 1750 560 0 375 5 2.21 1.88 2.02 5 0 10 0 1 0 0 0 0 0 0 0 0 0 0 0 0 0 0 0
20230511 16:27:08.201 30 0 1 0 0 0 0 69 31 0 0 1840 360 0 375 5 2.21 1.88 2.02 5 0 50 0 3 0 0 60 0 0 0 0 0 0 0 0 0 0 0 0
20230511 16:27:08.301 31 0 0 0 0 0 0 69 31 0 0 1740 280 0 375 5 2.21 1.88 2.02 5 0 10 0 1 0 0 0 0 0 0 0 0 0 0 0 0 0 0 0
20230511 16:27:08.401 31 0 1 0 0 0 0 68 32 0 0 1920 3310 0 375 5 2.21 1.88 2.02 5 0 40 0 2 0 0 0 0 0 0 0 0 0 0 0 0 0 0 0
20230511 16:27:08.501 30 0 4 0 0 0 0 66 34 0 0 2390 3150 0 375 5 2.21 1.88 2.02 5 0 20 0 1 0 0 0 0 0 0 0 0 0 0 0 0 0 0 0
20230511 16:27:08.601 31 0 1 0 0 0 0 69 31 0 0 2150 800 0 375 5 2.21 1.88 2.02 5 0 20 10 1 1 0 0 0 0 0 0 0 0 0 0 0 0 0 0
20230511 16:27:08.701 31 0 1 0 0 1 0 68 32 0 0 1770 800 0 375 5 2.21 1.88 2.02 5 0 30 0 2 0 0 10 0 0 0 0 0 0 0 0 0 0 0 0
20230511 16:27:08.801 32 0 1 0 0 0 0 67 33 0 0 2800 1300 0 375 5 2.21 1.88 2.02 5 0 110 10 7 1 0 0 0 0 0 0 20 20 0 1160 1160 0 270 270
20230511 16:27:08.901 31 0 1 0 0 0 0 69 31 0 0 2040 760 0 375 5 2.21 1.88 2.02 5 0 70 0 4 0 0 0 0 0 0 0 0 0 0 0 0 0 0 0
20230511 16:27:09.001 30 0 1 0 0 0 0 68 32 0 0 2190 760 0 375 5 2.21 1.88 2.02 5 0 170 0 10 0 0 0 0 0 0 0 0 0 0 0 0 0 0 0
20230511 16:27:09.101 31 0 1 0 0 0 0 69 31 0 0 1870 650 0 375 5 2.21 1.88 2.02 5 0 20 0 1 0 0 0 0 0 0 0 0 0 0 0 0 0 0 0
20230511 16:27:09.201 31 0 1 0 0 0 0 68 32 0 0 1750 800 0 375 5 2.21 1.88 2.02 5 0 0 0 0 0 0 0 0 0 0 0 0 0 0 0 0 0 0 0
20230511 16:27:09.301 30 0 1 0 0 1 0 68 32 0 0 1800 1200 0 375 5 2.21 1.88 2.02 5 0 70 0 4 0 0 0 0 0 0 0 0 0 0 0 0 0 0 0
20230511 16:27:09.401 30 0 1 0 0 0 0 69 31 0 0 1860 3090 0 375 5 2.51 1.94 2.04 5 0 20 0 1 0 0 0 0 0 0 0 0 0 0 0 0 0 0 0
20230511 16:27:09.501 30 0 4 0 0 0 0 66 34 0 0 2370 2450 0 375 5 2.51 1.94 2.04 5 0 20 0 1 0 0 0 0 0 0 0 0 0 0 0 0 0 0 0
20230511 16:27:09.601 31 0 1 0 0 0 0 68 32 0 0 2120 980 0 375 5 2.51 1.94 2.04 5 0 10 0 1 0 0 0 0 0 0 0 0 0 0 0 0 0 0 0
20230511 16:27:09.701 31 0 1 0 0 0 0 69 31 0 0 1780 1020 0 375 5 2.51 1.94 2.04 5 0 40 0 2 0 0 20 0 0 0 0 0 0 0 0 0 0 0 0
20230511 16:27:09.801 31 0 2 0 0 0 0 67 33 0 0 2780 1200 0 375 5 2.51 1.94 2.04 5 0 10 0 1 0 0 0 0 0 0 0 0 0 0 0 0 0 0 0
20230511 16:27:09.901 31 0 1 0 0 0 0 68 32 0 0 2010 1030 0 375 5 2.51 1.94 2.04 5 0 30 20 2 2 0 0 0 0 0 0 0 0 0 0 0 0 0 0
20230511 16:27:10.001 29 0 2 0 0 0 0 69 31 0 0 2080 1300 0 375 5 2.51 1.94 2.04 5 0 120 0 7 0 0 0 0 0 0 0 0 0 0 0 0 0 0 0
20230511 16:27:10.101 26 0 5 0 0 1 0 68 32 0 0 1870 910 0 375 5 2.51 1.94 2.04 5 0 10 0 1 0 0 0 0 0 0 0 0 0 0 0 0 0 0 0
20230511 16:27:10.201 29 0 3 0 0 0 0 68 32 0 0 1820 900 0 375 5 2.51 1.94 2.04 5 0 40 0 2 0 0 60 0 0 0 0 0 0 0 0 0 0 0 0
20230511 16:27:10.301 28 0 3 0 0 1 0 69 31 0 0 1810 420 0 375 5 2.51 1.94 2.04 5 0 30 0 2 0 0 0 0 0 0 0 0 0 0 0 0 0 0 0
20230511 16:27:10.401 27 0 4 0 0 0 0 68 32 0 0 1920 2200 0 375 4 2.51 1.94 2.04 5 0 40 10 2 1 0 0 0 0 0 0 0 0 0 0 0 0 0 0
20230511 16:27:10.501 31 0 4 0 0 0 0 64 36 0 0 2400 3920 160 377 6 2.51 1.94 2.04 6 0 10 0 1 0 0 0 0 0 0 0 0 0 0 0 0 0 0 0
20230511 16:27:10.601 29 0 3 0 0 0 0 68 32 0 0 3500 2420 140 375 5 2.51 1.94 2.04 5 0 50 10 3 1 0 0 0 0 0 0 0 0 0 0 0 0 0 0
20230511 16:27:10.701 31 0 0 0 0 0 0 69 31 0 0 1840 600 0 375 5 2.51 1.94 2.04 5 0 20 0 1 0 0 10 0 0 0 0 0 0 0 0 0 0 0 0
20230511 16:27:10.801 32 0 4 0 0 0 0 64 36 0 0 3590 3190 300 375 5 2.51 1.94 2.04 5 0 70 10 5 1 0 0 0 0 0 0 0 0 0 0 0 0 0 0
20230511 16:27:10.901 26 0 5 0 0 0 0 69 31 0 0 3010 910 0 375 5 2.51 1.94 2.04 5 0 20 0 1 0 0 0 0 0 0 0 0 0 0 0 0 0 0 0
20230511 16:27:11.001 30 0 2 0 0 0 0 69 31 0 0 2410 1240 0 375 5 2.51 1.94 2.04 5 0 160 0 9 0 0 0 0 0 0 0 0 0 0 0 0 0 0 0
20230511 16:27:11.101 30 0 2 0 0 1 0 68 32 0 0 1930 1170 0 375 5 2.51 1.94 2.04 5 0 10 0 1 0 0 0 0 0 0 0 0 0 0 0 0 0 0 0
20230511 16:27:11.201 29 0 2 0 0 0 0 68 32 0 0 1830 1540 0 375 5 2.51 1.94 2.04 5 0 0 0 0 0 0 0 0 0 0 0 0 0 0 0 0 0 0 0
20230511 16:27:11.301 31 0 4 0 0 1 0 64 36 0 0 2800 1060 90 378 5 2.51 1.94 2.04 5 0 70 0 4 0 0 0 0 0 0 0 0 0 0 0 0 0 0 0
20230511 16:27:11.401 30 0 1 0 0 0 0 69 31 0 0 2190 400 0 378 5 2.51 1.94 2.04 5 0 10 0 1 0 0 0 0 0 0 0 0 0 0 0 0 0 0 0
20230511 16:27:11.501 23 0 10 0 0 1 0 65 35 0 0 2480 2410 0 378 5 2.51 1.94 2.04 5 0 30 0 2 0 0 0 0 0 0 0 0 0 0 0 0 0 0 0
20230511 16:27:11.601 30 0 2 0 0 0 0 68 32 0 0 2330 560 0 378 5 2.51 1.94 2.04 5 0 40 0 2 0 0 0 0 0 0 0 0 0 0 0 0 0 0 0
20230511 16:27:11.701 30 0 1 0 0 1 0 68 32 0 0 1840 1120 0 378 5 2.51 1.94 2.04 5 0 50 0 3 0 0 0 0 0 0 0 0 0 0 0 0 0 0 0
20230511 16:27:11.801 30 0 3 0 0 0 0 67 33 0 0 2520 1420 0 378 5 2.51 1.94 2.04 5 0 20 0 1 0 0 0 0 0 0 0 0 0 0 0 0 0 0 0
20230511 16:27:11.901 30 0 2 0 0 1 0 66 34 0 0 2100 1990 0 378 5 2.51 1.94 2.04 5 0 20 0 1 0 0 0 0 0 0 0 0 0 0 0 0 0 0 0
20230511 16:27:12.001 25 0 6 0 0 0 0 68 32 0 0 2260 680 0 378 5 2.51 1.94 2.04 5 0 50 0 3 0 0 10 0 0 0 0 0 0 0 0 0 0 0 0
20230511 16:27:12.101 21 0 9 1 0 0 0 69 31 0 0 3080 2100 0 378 4 2.51 1.94 2.04 5 1 0 0 0 0 0 0 0 0 0 0 1370 1370 0 141560 141560 0 1180 1180
20230511 16:27:12.201 17 0 12 4 0 0 0 66 29 0 0 3350 6540 0 378 4 2.51 1.94 2.04 4 2 130 0 8 0 0 60 0 0 0 10 1450 1460 1280 802561 803841 0 50 50
20230511 16:27:12.301 21 0 10 7 0 0 0 62 31 0 0 4100 6580 30 375 5 2.51 1.94 2.04 4 2 10 0 1 0 0 0 0 0 0 260 1580 1840 33280 755119 788399 0 50 50
20230511 16:27:12.401 25 0 8 3 0 1 0 63 34 0 0 7330 9380 0 375 6 2.51 1.94 2.04 4 2 20 0 1 0 0 0 0 0 0 310 4370 4680 36880 1062321 1099201 0 70 70
20230511 16:27:12.501 27 0 9 3 0 0 0 60 36 0 0 9890 8890 0 375 5 2.51 1.94 2.04 5 1 10 0 1 0 0 0 0 0 0 270 7110 7380 31520 1089281 1120801 0 20 20
20230511 16:27:12.601 22 0 8 6 0 0 0 65 29 0 0 7610 5140 0 375 3 2.51 1.94 2.04 4 2 30 0 2 0 0 0 0 0 0 410 5060 5470 34240 912439 946679 0 30 30
20230511 16:27:12.701 22 0 8 8 0 0 0 63 29 0 0 7810 8910 0 375 4 2.51 1.94 2.04 5 1 20 0 1 0 0 10 0 0 0 900 4930 5830 97880 1027361 1125241 0 30 30
20230511 16:27:12.801 22 0 9 7 0 0 0 62 31 0 0 7140 11610 0 375 5 2.51 1.94 2.04 6 1 10 0 1 0 0 0 0 0 0 550 3770 4320 70400 847679 918079 0 70 70
20230511 16:27:12.901 22 0 8 4 0 0 0 66 29 0 0 4470 8680 0 375 3 2.51 1.94 2.04 5 0 30 0 2 0 0 0 0 0 0 410 1880 2290 52480 1081601 1134081 0 110 110
20230511 16:27:13.001 20 0 6 14 0 1 0 59 26 0 0 3460 3660 0 375 3 2.51 1.94 2.04 3 4 130 0 8 0 0 0 0 0 0 210 1290 1500 26880 645921 672801 0 200 200
20230511 16:27:13.101 20 0 3 15 0 0 0 62 23 0 0 2270 2450 0 375 4 2.51 1.94 2.04 5 1 10 0 1 0 0 0 0 0 0 250 630 880 32000 208480 240480 0 0 0
20230511 16:27:13.201 22 0 8 7 0 1 0 62 31 0 0 4950 5800 0 375 4 2.51 1.94 2.04 4 2 10 0 1 0 0 0 0 0 0 420 2780 3200 53760 874081 927841 0 70 70
20230511 16:27:13.301 22 0 6 10 0 0 0 62 28 0 0 4290 2490 0 375 3 2.51 1.94 2.04 4 2 110 0 6 0 0 0 0 0 0 340 2090 2430 43520 1096958 1140478 0 110 110
20230511 16:27:13.401 21 0 7 3 0 0 0 69 28 0 0 3180 4360 0 375 4 2.51 1.94 2.04 5 0 0 0 0 0 0 0 0 0 0 610 820 1430 78080 231040 309120 0 10 10
20230511 16:27:13.501 22 0 12 1 0 1 0 65 35 0 0 3460 6590 0 375 5 2.51 1.94 2.04 5 0 20 0 1 0 0 0 0 0 0 750 0 750 94720 0 94720 0 0 0
20230511 16:27:13.601 27 0 2 1 0 1 0 68 30 0 0 3450 4790 0 375 5 2.51 1.94 2.04 5 0 10 0 1 0 0 0 0 0 0 1190 0 1190 152320 0 152320 0 0 0
20230511 16:27:13.701 23 0 8 1 0 0 0 68 31 0 0 3610 5990 0 375 5 2.51 1.94 2.04 5 0 90 0 5 0 0 20 0 0 0 1340 0 1340 171120 0 171120 0 0 0
20230511 16:27:13.801 19 0 3 14 0 2 0 62 24 0 0 3010 3820 0 375 3 2.51 1.94 2.04 3 3 20 0 1 0 0 0 0 0 0 600 10 610 76800 2040 78840 0 500 500
20230511 16:27:13.901 22 0 4 7 0 0 0 67 26 0 0 2800 4000 0 375 3 2.51 1.94 2.04 3 2 80 0 5 0 0 0 0 0 0 740 10 750 94720 40 94760 0 0 0
20230511 16:27:14.001 16 0 11 2 0 0 0 70 28 0 0 3380 7080 0 375 5 2.51 1.94 2.04 5 0 100 0 6 0 0 10 0 0 0 1030 0 1030 131840 0 131840 0 0 0
20230511 16:27:14.101 21 0 8 2 0 1 0 69 29 0 0 4160 7650 0 375 5 2.51 1.94 2.04 5 0 0 0 0 0 0 0 0 0 0 1740 0 1740 214920 0 214920 0 0 0
20230511 16:27:14.201 24 0 6 1 0 1 0 69 30 0 0 3690 6600 0 375 5 2.51 1.94 2.04 5 0 40 0 2 0 0 40 0 0 0 1490 0 1490 187760 0 187760 0 0 0
20230511 16:27:14.301 27 0 4 1 0 0 0 68 31 0 0 2500 3050 0 375 5 2.51 1.94 2.04 5 0 20 0 1 0 0 0 0 0 0 560 0 560 68000 0 68000 0 0 0
20230511 16:27:14.401 29 0 3 0 0 1 0 68 32 0 0 1870 5770 0 375 5 2.71 2.00 2.06 5 0 10 0 1 0 0 0 0 0 0 10 0 10 40 0 40 0 0 0
20230511 16:27:14.501 29 0 5 0 0 1 0 66 34 0 0 2500 3760 0 375 5 2.71 2.00 2.06 5 0 20 0 1 0 0 0 0 0 0 0 0 0 0 0 0 0 0 0
20230511 16:27:14.601 27 0 5 0 0 1 0 68 32 0 0 2160 900 0 375 5 2.71 2.00 2.06 5 0 30 0 2 0 0 0 0 0 0 0 0 0 0 0 0 0 0 0
20230511 16:27:14.701 28 0 3 0 0 0 0 69 31 0 0 1840 1170 0 375 5 2.71 2.00 2.06 5 0 60 0 4 0 0 0 0 0 0 0 0 0 0 0 0 0 0 0
20230511 16:27:14.801 29 0 3 0 0 2 0 66 34 0 0 2680 2130 0 375 5 2.71 2.00 2.06 5 0 30 0 2 0 0 30 0 0 0 10 0 10 40 0 40 0 0 0
20230511 16:27:14.901 29 0 2 0 0 0 0 68 32 0 0 2030 1380 0 375 5 2.71 2.00 2.06 5 0 30 10 2 1 0 0 0 0 0 0 0 0 0 0 0 0 0 0
20230511 16:27:15.001 29 0 3 0 0 0 0 69 31 0 0 2180 1310 0 375 5 2.71 2.00 2.06 5 0 160 0 9 0 0 0 0 0 0 0 0 0 0 0 0 0 0 0
20230511 16:27:15.101 29 0 3 1 0 1 0 67 33 0 0 2320 2270 0 375 5 2.71 2.00 2.06 5 1 10 0 1 0 0 0 0 0 0 0 580 580 0 84640 84640 0 30 30
20230511 16:27:15.201 29 0 3 5 0 0 0 63 32 0 0 2470 1580 0 375 5 2.71 2.00 2.06 5 1 20 0 1 0 0 0 0 0 0 0 640 640 0 464720 464720 0 70 70
20230511 16:27:15.301 28 0 3 6 0 0 0 63 31 0 0 2070 1180 0 375 5 2.71 2.00 2.06 5 1 60 0 4 0 0 0 0 0 0 0 250 250 0 120320 120320 0 20 20
20230511 16:27:15.401 28 0 4 6 0 1 0 62 32 0 0 2030 1600 0 375 5 2.71 2.00 2.06 5 1 120 0 7 0 0 0 0 0 0 0 200 200 0 85760 85760 0 10 10
20230511 16:27:15.501 29 0 5 6 0 1 0 59 35 0 0 2730 2970 0 375 5 2.71 2.00 2.06 5 1 10 0 1 0 0 20 0 0 0 0 240 240 0 119040 119040 0 20 20
20230511 16:27:15.601 29 0 2 6 0 1 0 62 32 0 0 2380 760 0 375 5 2.71 2.00 2.06 5 1 20 10 1 1 0 0 0 0 0 0 180 180 0 77480 77480 0 0 0
20230511 16:27:15.701 28 0 4 6 0 0 0 62 32 0 0 2200 1480 0 375 5 2.71 2.00 2.06 5 1 100 10 7 1 0 0 0 0 0 0 280 280 0 84480 84480 0 20 20
20230511 16:27:15.801 28 0 3 6 0 2 0 60 34 0 0 2980 1460 0 375 5 2.71 2.00 2.06 5 1 10 0 1 0 0 0 0 0 0 0 330 330 0 120320 120320 0 0 0
20230511 16:27:15.901 29 0 4 4 0 1 0 62 33 0 0 4400 3300 0 375 5 2.71 2.00 2.06 5 1 70 0 4 0 0 0 0 0 0 0 2310 2310 0 649441 649441 0 50 50
20230511 16:27:16.001 29 0 5 3 0 2 0 61 36 0 0 4400 2330 0 375 6 2.71 2.00 2.06 6 0 50 0 3 0 0 10 0 0 0 0 2320 2320 0 929961 929961 0 90 90
20230511 16:27:16.101 29 0 6 3 0 0 0 63 35 0 0 4550 2790 0 375 6 2.71 2.00 2.06 6 0 10 0 1 0 0 0 0 0 0 0 2720 2720 0 902639 902639 0 60 60
20230511 16:27:16.201 27 0 9 1 0 1 0 62 37 0 0 7130 5100 0 375 5 2.71 2.00 2.06 5 1 20 0 1 0 0 0 0 0 0 0 5420 5420 0 1246001 1246001 0 180 180
20230511 16:27:16.301 29 0 3 5 0 0 0 62 32 0 0 5850 2660 0 375 5 2.71 2.00 2.06 6 0 60 0 4 0 0 30 0 0 0 0 3950 3950 0 989839 989839 0 70 70
20230511 16:27:16.401 30 0 5 2 0 0 0 62 35 0 0 8080 4450 0 375 6 2.71 2.00 2.06 6 0 10 0 1 0 0 0 0 0 0 0 5980 5980 0 1242441 1242441 0 60 60
20230511 16:27:16.501 30 0 9 1 0 0 0 60 38 0 0 6050 5620 0 375 5 2.71 2.00 2.06 5 1 70 0 4 0 0 0 0 0 0 0 3530 3530 0 1081161 1081161 0 90 90
20230511 16:27:16.601 29 0 3 6 0 1 0 62 32 0 0 2660 780 0 375 5 2.71 2.00 2.06 5 1 120 0 7 0 0 0 0 0 0 0 370 370 0 154880 154880 0 0 0
20230511 16:27:16.701 29 0 3 3 0 0 0 66 31 0 0 1970 1140 0 375 5 2.71 2.00 2.06 5 0 30 0 2 0 0 0 0 0 0 0 160 160 0 37560 37560 0 0 0
20230511 16:27:16.801 25 0 2 5 0 1 0 67 28 0 0 2570 1290 0 375 4 2.71 2.00 2.06 4 1 90 0 5 0 0 30 0 0 0 0 0 0 0 0 0 0 0 0
20230511 16:27:16.901 0 0 0 100 0 0 0 0 0 0 0 3280 5860 0 375 4 2.71 2.00 2.06 5 0 30 0 2 0 0 0 0 0 0 1090 0 1090 108840 0 108840 0 0 0
20230511 16:27:17.001 22 0 4 3 0 0 0 71 26 0 0 3560 5760 0 375 5 2.71 2.00 2.06 3 2 10 0 1 0 0 0 0 0 0 1280 0 1280 165120 0 165120 0 0 0
20230511 16:27:17.101 19 0 7 2 0 1 0 71 26 0 0 3010 4820 0 375 5 2.71 2.00 2.06 5 0 20 0 1 0 0 0 0 0 0 1030 0 1030 130560 0 130560 0 0 0
20230511 16:27:17.201 22 0 5 2 0 1 0 70 28 0 0 3110 4610 0 375 5 2.71 2.00 2.06 5 0 50 0 3 0 0 0 0 0 0 1090 0 1090 139520 0 139520 0 0 0
20230511 16:27:17.301 25 0 5 1 0 0 0 70 30 0 0 4030 6720 0 375 4 2.71 2.00 2.06 5 0 40 0 2 0 0 0 0 0 0 1630 0 1630 208640 0 208640 0 0 0
20230511 16:27:17.401 25 0 5 1 0 0 0 70 30 0 0 3570 5900 0 375 5 2.71 2.00 2.06 4 1 30 0 2 0 0 0 0 0 0 1410 0 1410 180480 0 180480 0 0 0
20230511 16:27:17.501 28 0 6 1 0 0 0 65 34 0 0 3730 6660 0 375 5 2.71 2.00 2.06 5 0 20 0 1 0 0 0 0 0 0 980 0 980 125400 0 125400 0 0 0
20230511 16:27:17.601 24 0 7 0 0 1 0 69 31 0 0 2660 3010 0 375 5 2.71 2.00 2.06 5 0 30 0 2 0 0 0 0 0 0 490 0 490 62720 0 62720 0 0 0
20230511 16:27:17.701 28 0 3 1 0 0 0 68 31 0 0 2200 2350 0 375 5 2.71 2.00 2.06 5 0 20 0 1 0 0 0 0 0 0 460 0 460 57840 0 57840 0 0 0
20230511 16:27:17.801 30 0 2 0 0 2 0 66 34 0 0 2670 4000 0 375 5 2.71 2.00 2.06 5 0 50 0 3 0 0 10 0 0 0 0 0 0 0 0 0 0 0 0
20230511 16:27:17.901 27 0 4 0 0 1 0 68 32 0 0 2080 1920 0 375 5 2.71 2.00 2.06 5 0 50 0 3 0 0 0 0 0 0 0 0 0 0 0 0 0 0 0
20230511 16:27:18.001 27 0 4 3 0 2 0 64 33 0 0 2230 2120 0 375 5 2.71 2.00 2.06 5 1 120 0 7 0 0 0 0 0 0 0 40 40 0 640 640 0 120 120
20230511 16:27:18.101 28 0 4 2 0 0 0 66 32 0 0 1780 1100 0 375 5 2.71 2.00 2.06 5 0 10 0 1 0 0 0 0 0 0 0 10 10 0 40 40 0 0 0
20230511 16:27:18.201 30 0 1 0 0 0 0 69 31 0 0 1880 1000 0 375 5 2.71 2.00 2.06 5 0 150 0 9 0 0 0 0 0 0 0 0 0 0 0 0 0 0 0
20230511 16:27:18.301 29 0 2 0 0 0 0 69 31 0 0 1820 1710 0 375 5 2.71 2.00 2.06 5 0 40 0 2 0 0 90 0 0 0 0 0 0 0 0 0 0 0 0
20230511 16:27:18.401 27 0 5 0 0 1 0 68 32 0 0 1800 2980 0 375 5 2.71 2.00 2.06 5 0 0 0 0 0 0 0 0 0 0 0 0 0 0 0 0 0 0 0
20230511 16:27:18.501 27 0 7 0 0 0 0 66 34 0 0 2550 3400 0 375 5 2.71 2.00 2.06 5 0 10 0 1 0 0 10 0 0 0 0 0 0 0 0 0 0 0 0
20230511 16:27:18.601 28 0 4 0 0 1 0 68 32 0 0 2180 750 0 375 5 2.71 2.00 2.06 5 0 130 0 8 0 0 0 0 0 0 0 0 0 0 0 0 0 0 0
20230511 16:27:18.701 29 0 3 1 0 0 0 68 31 0 0 2320 1260 0 375 5 2.71 2.00 2.06 5 1 30 0 2 0 0 0 0 0 0 0 510 510 0 194640 194640 0 10 10
20230511 16:27:18.801 29 0 4 6 0 0 0 61 33 0 0 5280 3270 0 375 5 2.71 2.00 2.06 5 1 70 0 4 0 0 20 0 0 0 0 2760 2760 0 753879 753879 0 610 610
20230511 16:27:18.901 27 0 6 3 0 1 0 62 34 0 0 5840 6800 0 375 6 2.71 2.00 2.06 6 0 10 0 1 0 0 0 0 0 0 0 3990 3990 0 718281 718281 0 40 40
20230511 16:27:19.001 26 0 8 2 0 1 0 63 35 0 0 6270 6590 0 375 5 2.71 2.00 2.06 5 1 20 0 1 0 0 0 0 0 0 0 4090 4090 0 789521 789521 0 40 40
20230511 16:27:19.101 25 0 5 4 0 1 0 65 31 0 0 7260 3440 0 375 5 2.71 2.00 2.06 5 1 10 0 1 0 0 0 0 0 0 270 5180 5450 17080 1040919 1057998 0 70 70
20230511 16:27:19.201 19 0 9 8 0 0 0 64 28 0 0 7530 12150 0 375 4 2.71 2.00 2.06 5 1 170 0 10 0 0 0 0 0 0 900 4650 5550 102640 1009481 1112121 0 70 70
20230511 16:27:19.301 22 0 3 12 0 1 0 63 25 0 0 4660 7790 0 375 4 2.71 2.00 2.06 3 3 10 0 1 0 0 0 0 0 0 790 2090 2880 101120 376719 477839 0 20 20
20230511 16:27:19.401 21 0 6 10 0 0 0 63 27 0 0 3290 7860 0 375 5 2.97 2.06 2.08 4 2 40 0 2 0 0 0 0 0 0 740 660 1400 94720 121600 216320 0 0 0
20230511 16:27:19.501 24 0 7 8 0 0 0 61 31 0 0 3400 6150 0 375 3 2.97 2.06 2.08 3 3 30 10 2 1 0 10 0 0 0 610 210 820 78080 79440 157520 0 0 0
20230511 16:27:19.601 19 0 2 14 0 0 0 64 22 0 0 1920 1470 0 375 3 2.97 2.06 2.08 3 3 10 0 1 0 0 0 0 0 0 120 240 360 15360 120000 135360 0 20 20
20230511 16:27:19.701 20 0 3 13 0 1 0 63 24 0 0 2470 2620 0 375 5 2.97 2.06 2.08 5 1 10 0 1 0 0 0 0 0 0 460 460 920 58880 142080 200960 0 20 20
20230511 16:27:19.801 24 0 4 10 0 2 0 60 30 0 0 3820 4250 0 375 4 2.97 2.06 2.08 5 1 20 0 1 0 0 0 0 0 0 730 500 1230 93440 99240 192680 0 0 0
20230511 16:27:19.901 20 0 1 15 0 1 0 63 22 0 0 2140 1740 0 375 3 2.97 2.06 2.08 3 3 130 20 8 2 0 0 0 0 0 120 280 400 15360 82560 97920 0 10 10
20230511 16:27:20.001 16 0 6 14 0 1 0 62 24 0 0 4120 3950 0 375 4 2.97 2.06 2.08 3 3 10 0 1 0 0 0 0 0 0 230 2320 2550 29440 465080 494520 0 20 20
20230511 16:27:20.101 20 0 4 12 0 0 0 63 25 0 0 5260 4980 0 375 5 2.97 2.06 2.08 5 1 20 0 1 0 0 0 0 0 0 300 3360 3660 38400 794039 832439 0 40 40
20230511 16:27:20.201 19 0 6 12 0 1 0 62 26 0 0 4640 5440 0 375 3 2.97 2.06 2.08 3 3 20 10 1 1 0 0 0 0 0 420 2570 2990 53760 591801 645561 0 20 20
20230511 16:27:20.301 23 0 3 11 0 0 0 63 26 0 0 3560 5230 0 375 5 2.97 2.06 2.08 4 2 60 0 4 0 0 20 0 0 0 840 910 1750 107520 157440 264960 0 0 0
20230511 16:27:20.401 24 0 4 10 0 1 0 61 29 0 0 3180 5440 0 375 4 2.97 2.06 2.08 4 2 10 0 1 0 0 0 0 0 0 860 410 1270 110080 79360 189440 0 0 0
20230511 16:27:20.501 19 0 3 16 0 0 0 62 22 0 0 2540 2590 0 375 3 2.97 2.06 2.08 3 3 10 0 1 0 0 0 0 0 0 120 360 480 15360 78080 93440 0 10 10
20230511 16:27:20.601 20 0 3 14 0 0 0 62 23 0 0 2870 2520 0 375 3 2.97 2.06 2.08 5 1 40 10 2 1 0 0 0 0 0 510 450 960 65280 119040 184320 0 10 10
20230511 16:27:20.701 17 0 2 18 0 1 0 62 20 0 0 3270 4970 0 375 3 2.97 2.06 2.08 6 1 170 10 11 1 0 0 0 0 0 1330 310 1640 95400 80640 176040 0 0 0
20230511 16:27:20.801 14 0 4 20 0 1 0 61 19 0 0 5120 9170 0 375 1 2.97 2.06 2.08 2 4 110 0 6 0 0 20 0 0 0 2640 330 2970 207520 78080 285600 0 0 0
20230511 16:27:20.901 15 0 2 19 0 0 0 64 17 0 0 4340 10420 0 375 1 2.97 2.06 2.08 3 3 30 0 2 0 0 0 0 0 0 2240 580 2820 233720 117880 351600 0 0 0
20230511 16:27:21.001 10 0 6 17 0 0 0 66 17 0 0 5500 17610 0 375 0 2.97 2.06 2.08 3 2 20 0 1 0 0 0 0 0 0 1940 2210 4150 229840 428080 657921 0 0 0
20230511 16:27:21.101 6 0 12 12 0 1 0 70 18 0 0 6910 31660 0 375 4 2.97 2.06 2.08 3 1 40 0 2 0 0 0 0 0 0 940 4460 5400 120320 701799 822119 0 0 0
20230511 16:27:21.201 6 0 10 17 0 0 0 67 16 0 0 5960 23040 0 375 3 2.97 2.06 2.08 4 1 40 0 2 0 0 0 0 0 0 2110 2510 4620 263320 539441 802761 0 50 50
20230511 16:27:21.301 13 0 9 14 0 0 0 65 21 0 0 5400 16810 0 375 4 2.97 2.06 2.08 5 0 10 0 1 0 0 0 0 0 0 1980 1730 3710 253440 296160 549599 0 30 30
20230511 16:27:21.401 19 0 10 2 0 0 0 68 29 0 0 3980 8720 0 375 5 2.97 2.06 2.08 5 0 70 0 4 0 0 0 0 0 0 1990 0 1990 252000 0 252000 0 0 0
20230511 16:27:21.501 23 0 11 3 0 0 0 63 34 0 0 6000 12820 0 375 4 2.97 2.06 2.08 5 0 10 0 1 0 0 0 0 0 0 3200 0 3200 336680 0 336680 0 0 0
20230511 16:27:21.601 16 0 11 4 0 0 0 70 26 0 0 4720 12880 0 375 4 2.97 2.06 2.08 2 0 30 0 2 0 0 10 0 0 0 2490 0 2490 318720 0 318720 0 0 0
20230511 16:27:21.701 8 0 15 4 0 0 0 73 23 0 0 3780 15370 0 375 5 2.97 2.06 2.08 5 0 0 0 0 0 0 0 0 0 0 1940 0 1940 248320 0 248320 0 0 0
20230511 16:27:21.801 12 0 17 2 0 1 0 67 30 0 0 4970 13310 0 375 4 2.97 2.06 2.08 5 0 40 0 2 0 0 0 0 0 0 2270 0 2270 290560 0 290560 0 0 0
20230511 16:27:21.901 13 0 13 3 0 0 0 71 26 0 0 4660 14600 0 375 5 2.97 2.06 2.08 3 3 170 0 10 0 0 0 0 0 0 2300 0 2300 294400 0 294400 0 0 0
20230511 16:27:22.001 15 0 12 3 0 0 0 70 27 0 0 4820 12320 0 375 5 2.97 2.06 2.08 5 0 10 0 1 0 0 0 0 0 0 2630 0 2630 336640 0 336640 0 0 0
20230511 16:27:22.101 19 0 9 4 0 0 0 68 28 0 0 4510 11580 0 375 5 2.97 2.06 2.08 4 1 20 0 1 0 0 0 0 0 0 2730 0 2730 349440 0 349440 0 0 0
20230511 16:27:22.201 17 0 8 8 0 0 0 67 25 0 0 6520 23590 0 375 3 2.97 2.06 2.08 5 1 10 0 1 0 0 0 0 0 0 1720 3140 4860 220160 560481 780641 0 40 40
20230511 16:27:22.301 13 0 10 11 0 0 0 67 22 0 0 4910 16760 0 375 2 2.97 2.06 2.08 3 3 60 0 4 0 0 60 0 0 0 1550 1660 3210 196240 738239 934479 0 40 40
20230511 16:27:22.401 7 0 11 9 0 0 0 72 18 0 0 3820 18760 0 375 4 2.97 2.06 2.08 5 1 20 10 1 1 0 0 0 0 0 1140 1330 2470 139800 745321 885121 0 40 40
20230511 16:27:22.501 11 0 12 15 0 0 0 62 23 0 0 4340 13150 0 375 2 2.97 2.06 2.08 1 5 110 0 6 0 0 0 0 0 0 1520 680 2200 187280 355840 543121 0 20 20
20230511 16:27:22.601 17 0 4 16 0 0 0 63 21 0 0 3840 7500 0 375 6 2.97 2.06 2.08 2 4 20 0 1 0 0 0 0 0 0 1690 210 1900 210080 97280 307360 0 0 0
20230511 16:27:22.701 21 0 5 6 0 0 0 68 26 0 0 3130 5530 0 375 5 2.97 2.06 2.08 4 2 110 0 6 0 0 0 0 0 0 1080 220 1300 134880 108920 243800 0 10 10
20230511 16:27:22.801 26 0 4 6 0 1 0 62 31 0 0 3290 3910 0 375 5 2.97 2.06 2.08 5 1 110 0 6 0 0 20 0 0 0 590 140 730 72040 78080 150120 0 10 10
20230511 16:27:22.901 25 0 4 4 0 0 0 67 29 0 0 2620 4530 0 375 4 2.97 2.06 2.08 6 0 30 0 2 0 0 0 0 0 0 470 280 750 60160 98120 158280 0 20 20
20230511 16:27:23.001 25 0 2 11 0 0 0 62 28 0 0 2610 3170 0 375 4 2.97 2.06 2.08 4 3 30 0 2 0 0 0 0 0 0 300 330 630 38240 75600 113840 0 100 100
20230511 16:27:23.101 23 0 2 19 0 0 0 56 26 0 0 1590 650 0 375 4 2.97 2.06 2.08 4 3 20 0 1 0 0 20 0 0 0 10 30 40 1280 7720 9000 0 0 0
20230511 16:27:23.201 23 0 2 19 0 0 0 56 25 0 0 1620 580 0 375 4 2.97 2.06 2.08 4 3 120 0 7 0 0 0 0 0 0 0 0 0 0 0 0 0 0 0
20230511 16:27:23.301 25 0 4 1 0 0 0 70 28 0 0 3160 6890 0 375 4 2.97 2.06 2.08 4 2 0 0 0 0 0 20 0 0 0 360 1070 1430 40240 270040 310280 0 0 0
20230511 16:27:23.401 25 0 5 2 0 0 0 67 30 0 0 3200 6700 0 375 5 2.97 2.06 2.08 4 2 50 0 3 0 0 0 0 0 0 390 940 1330 47000 298240 345240 0 20 20
20230511 16:27:23.501 26 0 7 6 0 0 0 62 33 0 0 3940 9170 0 375 5 2.97 2.06 2.08 6 0 10 0 1 0 0 0 0 0 0 380 1180 1560 47400 282160 329560 0 30 30
20230511 16:27:23.601 25 0 5 8 0 0 0 63 30 0 0 5690 12320 0 375 6 2.97 2.06 2.08 4 2 30 0 2 0 0 0 0 0 0 1300 2190 3490 35160 432079 467239 0 170 170
20230511 16:27:23.701 19 0 5 11 0 0 0 64 24 0 0 7920 19310 0 375 3 2.97 2.06 2.08 2 4 0 0 0 0 0 0 0 0 0 3880 2540 6420 225840 616361 842201 0 30 30
20230511 16:27:23.801 2 0 2 35 0 0 0 61 4 0 0 1740 3440 0 375 0 2.97 2.06 2.08 0 7 20 0 1 0 0 0 0 0 0 590 80 670 42280 41960 84240 0 730 730
20230511 16:27:23.901 1 0 0 37 0 0 0 62 1 0 0 540 770 0 375 0 2.97 2.06 2.08 0 7 110 0 6 0 0 0 0 0 0 90 0 90 4160 0 4160 0 0 0
20230511 16:27:24.001 0 0 0 38 0 0 0 62 0 0 0 480 630 0 375 0 2.97 2.06 2.08 0 7 110 0 6 0 0 0 0 0 0 0 0 0 0 0 0 0 0 0
20230511 16:27:24.101 2 0 1 28 0 0 0 69 3 0 0 1190 2970 0 375 5 2.97 2.06 2.08 3 3 20 0 1 0 0 0 0 0 0 630 180 810 40720 37760 78480 0 10 10
20230511 16:27:24.201 9 0 9 13 0 0 0 69 18 0 0 3720 10100 0 375 4 2.97 2.06 2.08 2 4 10 0 1 0 0 0 0 0 0 2020 460 2480 212320 88840 301160 0 0 0
20230511 16:27:24.301 10 0 6 16 0 0 0 67 16 0 0 3720 9410 0 375 0 2.97 2.06 2.08 3 3 130 0 8 0 0 90 0 0 0 1800 470 2270 224200 87040 311240 0 10 10
20230511 16:27:24.401 4 0 2 31 0 0 0 62 6 0 0 1470 7130 0 375 1 3.22 2.13 2.10 2 5 10 0 1 0 0 0 0 0 0 450 110 560 58880 87480 146360 10 10 20
20230511 16:27:24.501 5 0 6 31 0 0 0 58 11 0 0 2440 5150 120 376 4 3.22 2.13 2.10 2 5 180 0 11 0 0 0 0 0 0 500 130 630 65280 117840 183120 10 0 10
20230511 16:27:24.601 9 0 7 18 0 0 0 66 16 0 0 5920 11160 160 375 2 3.22 2.13 2.10 2 4 20 0 1 0 0 0 0 0 0 1960 250 2210 250880 203440 454319 0 0 0
20230511 16:27:24.701 12 0 6 19 0 0 0 63 18 0 0 4200 9010 0 375 5 3.22 2.13 2.10 1 5 50 0 3 0 0 0 0 0 0 2140 250 2390 242160 250880 493040 0 20 20
20230511 16:27:24.801 8 0 16 17 0 1 0 58 25 0 0 5400 9980 280 375 3 3.22 2.13 2.10 0 6 30 0 2 0 0 10 0 0 0 1480 280 1760 186600 286720 473319 0 0 0
20230511 16:27:24.901 11 0 11 16 0 1 0 62 22 0 0 5010 10430 0 375 3 3.22 2.13 2.10 6 0 20 10 1 1 0 0 0 0 0 1820 370 2190 232960 365440 598401 0 20 20
20230511 16:27:25.001 11 0 13 13 0 0 0 64 24 0 0 5060 11450 0 375 3 3.22 2.13 2.10 5 1 20 0 1 0 0 0 0 0 0 1970 500 2470 252160 498680 750841 0 10 10
20230511 16:27:25.101 7 0 11 20 0 0 0 61 19 0 0 3830 8660 0 375 4 3.22 2.13 2.10 3 3 20 0 1 0 0 0 0 0 0 1670 300 1970 213760 269120 482879 0 0 0
20230511 16:27:25.201 9 0 10 17 0 0 0 64 19 0 0 3350 8160 0 375 3 3.22 2.13 2.10 3 3 20 0 1 0 0 0 0 0 0 1700 110 1810 217600 90800 308400 0 0 0
20230511 16:27:25.301 11 0 10 18 0 0 0 61 20 0 0 3900 8540 0 375 4 3.22 2.13 2.10 5 2 0 0 0 0 0 0 0 0 0 1870 120 1990 238120 84520 322640 10 0 10
20230511 16:27:25.401 13 0 8 16 0 0 0 64 21 0 0 3330 7520 0 375 1 3.22 2.13 2.10 4 2 60 0 4 0 0 0 0 0 0 1680 80 1760 212200 81920 294120 0 0 0
20230511 16:27:25.501 14 0 9 18 0 0 0 58 23 0 0 4120 9220 0 375 1 3.22 2.13 2.10 2 4 10 0 1 0 0 0 0 0 0 1560 80 1640 199680 81920 281600 0 0 0
20230511 16:27:25.601 16 0 4 16 0 0 0 64 20 0 0 4120 8140 0 375 4 3.22 2.13 2.10 3 4 30 10 2 1 0 0 0 0 0 1870 70 1940 239360 69120 308480 0 0 0
20230511 16:27:25.701 13 0 6 18 0 0 0 62 19 0 0 3580 8080 0 375 3 3.22 2.13 2.10 3 3 60 20 7 2 0 0 0 0 0 1720 100 1820 220160 98560 318720 0 0 0
20230511 16:27:25.801 16 0 6 18 0 1 0 59 23 0 0 4620 8340 0 375 5 3.22 2.13 2.10 4 2 50 0 3 0 0 0 0 0 0 1820 110 1930 232920 104960 337880 0 0 0
20230511 16:27:25.901 14 0 8 15 0 0 0 63 22 0 0 4320 10400 0 375 1 3.22 2.13 2.10 1 5 10 0 1 0 0 20 0 0 0 1780 480 2260 227840 490240 718081 0 10 10
20230511 16:27:26.001 14 0 6 16 0 1 0 63 22 0 0 4410 9550 0 375 6 3.22 2.13 2.10 1 5 130 0 8 0 0 0 0 0 0 1820 490 2310 232960 504320 737281 0 0 0
20230511 16:27:26.101 13 0 8 13 0 0 0 65 22 0 0 3810 9330 0 375 3 3.22 2.13 2.10 3 3 30 0 2 0 0 10 0 0 0 1540 470 2010 197120 478479 675599 0 0 0
20230511 16:27:26.201 10 0 8 17 0 0 0 65 19 0 0 3120 8470 0 375 1 3.22 2.13 2.10 1 5 10 0 1 0 0 0 0 0 0 1290 370 1660 162560 380160 542721 0 20 20
20230511 16:27:26.301 8 0 14 13 0 0 0 65 22 0 0 3230 7890 0 375 3 3.22 2.13 2.10 2 4 180 0 11 0 0 0 0 0 0 1070 120 1190 136960 114200 251160 0 10 10
20230511 16:27:26.401 9 0 5 19 0 0 0 68 14 0 0 2540 7060 0 375 4 3.22 2.13 2.10 3 3 20 0 1 0 0 10 0 0 0 1230 90 1320 157440 87120 244560 0 0 0
20230511 16:27:26.501 11 0 11 17 0 0 0 61 22 0 0 3540 7500 0 375 1 3.22 2.13 2.10 1 5 40 0 2 0 0 0 0 0 0 1110 80 1190 142080 85800 227880 0 10 10
20230511 16:27:26.601 10 0 4 23 0 0 0 63 14 0 0 2710 5040 0 375 1 3.22 2.13 2.10 5 1 10 0 1 0 0 10 0 0 0 1030 80 1110 128840 79360 208200 0 0 0
20230511 16:27:26.701 8 0 9 15 0 0 0 67 18 0 0 3460 8910 0 375 2 3.22 2.13 2.10 2 2 40 0 2 0 0 0 0 0 0 1390 140 1530 170160 111360 281520 0 0 0
20230511 16:27:26.801 6 0 6 28 0 0 0 61 11 0 0 1940 2560 0 375 1 3.22 2.13 2.10 1 5 20 0 1 0 0 0 0 0 0 240 90 330 29400 88320 117720 0 10 10
20230511 16:27:26.901 8 0 7 22 0 0 0 64 15 0 0 2510 7360 0 375 4 3.22 2.13 2.10 4 2 10 0 1 0 0 10 0 0 0 670 100 770 83920 75520 159440 0 0 0
20230511 16:27:27.001 10 0 5 21 0 1 0 62 16 0 0 2970 6800 0 375 4 3.22 2.13 2.10 5 1 10 0 1 0 0 0 0 0 0 990 260 1250 124400 207360 331760 0 0 0
20230511 16:27:27.101 12 0 5 20 0 0 0 63 17 0 0 2990 6270 0 375 1 3.22 2.13 2.10 1 5 80 0 5 0 0 0 0 0 0 1110 110 1220 139560 80640 220200 0 10 10
20230511 16:27:27.201 12 0 9 16 0 0 0 63 21 0 0 2870 6740 0 375 3 3.22 2.13 2.10 5 1 20 0 1 0 0 0 0 0 0 1400 130 1530 162960 113920 276880 0 10 10
20230511 16:27:27.301 23 0 5 10 0 0 0 62 28 0 0 2430 3520 0 375 5 3.22 2.13 2.10 5 1 0 0 0 0 0 0 0 0 0 720 100 820 85640 85760 171400 0 10 10
20230511 16:27:27.401 26 0 1 9 0 0 0 64 28 0 0 2160 3140 0 375 4 3.22 2.13 2.10 4 2 20 0 1 0 0 10 0 0 0 340 150 490 41040 78080 119120 0 10 10
20230511 16:27:27.501 28 0 7 6 0 0 0 58 36 0 0 2910 4050 0 375 5 3.22 2.13 2.10 5 1 120 0 7 0 0 0 0 0 0 30 210 240 1360 125440 126800 0 20 20
20230511 16:27:27.601 30 0 2 4 0 0 0 65 31 0 0 2410 1720 0 375 5 3.22 2.13 2.10 5 1 40 0 2 0 0 10 0 0 0 0 140 140 0 74400 74400 0 0 0
20230511 16:27:27.701 31 0 3 3 0 0 0 64 34 0 0 3050 1770 0 375 5 3.22 2.13 2.10 5 1 10 0 1 0 0 0 0 0 0 0 1260 1260 0 732801 732801 0 70 70
20230511 16:27:27.801 29 0 5 4 0 0 0 62 34 0 0 5040 2830 0 375 5 3.22 2.13 2.10 5 1 20 0 1 0 0 0 0 0 0 0 2430 2430 0 754399 754399 0 20 20
20230511 16:27:27.901 28 0 8 2 0 0 0 62 36 0 0 6490 4480 0 375 5 3.22 2.13 2.10 5 1 30 0 2 0 0 0 0 0 0 0 4260 4260 0 1239041 1239041 0 70 70
20230511 16:27:28.001 27 0 6 4 0 0 0 62 33 0 0 3160 2050 0 375 5 3.22 2.13 2.10 5 2 50 0 3 0 0 0 0 0 0 0 1020 1020 0 998961 998961 0 110 110
20230511 16:27:28.101 25 0 3 7 0 0 0 66 27 0 0 2590 1450 0 375 4 3.22 2.13 2.10 4 2 10 0 1 0 0 20 0 0 0 350 620 970 1400 622119 623519 0 0 0
20230511 16:27:28.201 24 0 4 9 0 0 0 62 28 0 0 2740 2750 0 375 5 3.22 2.13 2.10 4 2 10 0 1 0 0 0 0 0 0 830 410 1240 40280 422400 462680 0 0 0
20230511 16:27:28.301 22 0 3 12 0 0 0 63 25 0 0 3660 5430 0 375 5 3.22 2.13 2.10 2 4 150 0 9 0 0 0 0 0 0 1610 350 1960 100480 346120 446599 0 10 10
20230511 16:27:28.401 16 0 5 15 0 0 0 64 21 0 0 2610 6490 0 375 2 3.22 2.13 2.10 2 4 20 0 1 0 0 20 0 0 0 740 360 1100 93040 358400 451440 10 20 30
20230511 16:27:28.501 16 0 9 16 0 1 0 59 25 0 0 3400 5540 0 375 2 3.22 2.13 2.10 2 4 20 0 1 0 0 0 0 0 0 600 660 1260 70080 529681 599761 0 50 50
20230511 16:27:28.601 12 0 4 20 0 1 0 62 18 0 0 2950 4160 0 375 5 3.22 2.13 2.10 5 1 20 0 1 0 0 10 0 0 0 410 800 1210 52480 111760 164240 0 10 10
20230511 16:27:28.701 20 0 4 11 0 1 0 64 25 0 0 4470 7560 0 375 5 3.22 2.13 2.10 3 3 20 0 1 0 0 0 0 0 0 1150 870 2020 145880 79200 225080 0 0 0
20230511 16:27:28.801 16 0 2 25 0 1 0 57 19 0 0 2830 3480 0 375 2 3.22 2.13 2.10 2 5 20 0 1 0 0 0 0 0 0 280 470 750 35840 76560 112400 0 680 680
20230511 16:27:28.901 12 0 1 25 0 1 0 61 14 0 0 1300 1280 0 375 2 3.22 2.13 2.10 2 5 20 0 1 0 0 10 0 0 0 30 0 30 3840 0 3840 0 0 0
20230511 16:27:29.001 12 0 1 30 0 2 0 55 15 0 0 1150 710 0 375 2 3.22 2.13 2.10 2 5 0 0 0 0 0 0 0 0 0 0 0 0 0 0 0 0 0 0
20230511 16:27:29.101 12 0 1 31 0 1 0 56 14 0 0 1100 300 0 375 2 3.22 2.13 2.10 2 5 110 0 6 0 0 10 0 0 0 0 0 0 0 0 0 0 0 0
20230511 16:27:29.201 0 0 0 100 0 0 0 0 0 0 0 2380 4030 0 375 2 3.22 2.13 2.10 3 3 70 0 4 0 0 0 0 0 0 740 150 890 94720 107560 202280 0 0 0
20230511 16:27:29.301 13 0 7 14 0 0 0 67 19 0 0 2650 4910 0 375 4 3.22 2.13 2.10 3 3 0 0 0 0 0 0 0 0 0 790 220 1010 97520 175360 272880 10 0 10
20230511 16:27:29.401 20 0 6 13 0 0 0 62 25 0 0 3910 11040 0 375 5 3.44 2.19 2.12 4 2 30 0 2 0 0 0 0 0 0 1490 520 2010 190720 284160 474880 0 20 20
20230511 16:27:29.501 21 0 6 13 0 0 0 60 27 0 0 4410 10530 0 375 3 3.44 2.19 2.12 2 4 60 0 4 0 0 0 0 0 0 1520 550 2070 189280 295680 484960 0 40 40
20230511 16:27:29.601 19 0 4 15 0 0 0 62 23 0 0 3750 6910 0 375 2 3.44 2.19 2.12 2 4 10 0 1 0 0 10 0 0 0 1310 340 1650 166840 227280 394119 0 20 20
20230511 16:27:29.701 20 0 5 11 0 0 0 64 25 0 0 4200 10340 0 375 4 3.44 2.19 2.12 5 1 30 0 2 0 0 0 0 0 0 1400 1170 2570 174280 498600 672881 0 20 20
20230511 16:27:29.801 25 0 6 3 0 0 0 66 31 0 0 6390 12510 0 375 5 3.44 2.19 2.12 5 0 20 0 1 0 0 0 0 0 0 2130 1250 3380 271400 270600 541999 0 530 530
20230511 16:27:29.901 26 0 4 1 0 0 0 69 29 0 0 4880 10480 0 375 4 3.44 2.19 2.12 4 1 30 10 2 1 0 10 0 0 0 2270 0 2270 290560 0 290560 0 0 0
20230511 16:27:30.001 23 0 4 4 0 1 0 69 28 0 0 7560 16280 0 375 4 3.44 2.19 2.12 3 2 120 0 7 0 0 0 0 0 0 5180 0 5180 474120 0 474120 0 0 0
20230511 16:27:30.101 15 0 8 8 0 0 0 69 23 0 0 7430 21660 0 375 4 3.44 2.19 2.12 3 2 20 0 1 0 0 10 0 0 0 5470 0 5470 694799 0 694799 0 0 0
20230511 16:27:30.201 13 0 12 6 0 0 0 69 25 0 0 6400 18530 0 375 3 3.44 2.19 2.12 4 1 10 0 1 0 0 0 0 0 0 4300 0 4300 549041 0 549041 0 0 0
20230511 16:27:30.301 10 0 17 3 0 0 0 70 27 0 0 4940 14280 0 375 3 3.44 2.19 2.12 5 0 120 0 7 0 0 0 0 0 0 2630 0 2630 332920 0 332920 0 0 0
20230511 16:27:30.401 9 0 15 4 0 0 0 71 25 0 0 5300 18440 0 375 5 3.44 2.19 2.12 5 0 150 0 9 0 0 20 0 0 0 3080 0 3080 389600 0 389600 0 0 0
20230511 16:27:30.501 17 0 14 4 0 0 0 64 31 0 0 5990 16660 0 375 4 3.44 2.19 2.12 2 3 10 0 1 0 0 0 0 0 0 3280 0 3280 413440 0 413440 0 0 0
20230511 16:27:30.601 7 0 14 3 0 0 0 75 21 0 0 4440 16140 0 375 2 3.44 2.19 2.12 3 1 50 10 3 1 0 0 0 0 0 1690 460 2150 214760 151680 366439 0 0 0
20230511 16:27:30.701 8 0 10 15 0 0 0 67 17 0 0 4810 17670 0 375 4 3.44 2.19 2.12 4 1 40 0 2 0 0 0 0 0 0 1520 1490 3010 193800 761801 955601 0 30 30
20230511 16:27:30.801 10 0 13 11 0 1 0 65 24 0 0 6600 21770 0 375 4 3.44 2.19 2.12 3 3 40 10 3 1 0 10 0 0 0 1720 2080 3800 220160 751759 971919 0 60 60
20230511 16:27:30.901 11 0 9 11 0 1 0 67 21 0 0 7020 25880 0 375 4 3.44 2.19 2.12 3 1 10 0 1 0 0 20 0 0 0 1720 3320 5040 220160 700001 920161 0 20 20
20230511 16:27:31.001 7 0 13 10 0 0 0 70 20 0 0 5150 18220 0 375 3 3.44 2.19 2.12 4 2 10 0 1 0 0 0 0 0 0 1190 1790 2980 151200 694601 845801 0 30 30
20230511 16:27:31.101 14 0 10 12 0 0 0 63 24 0 0 6290 19150 0 375 4 3.44 2.19 2.12 2 4 90 0 5 0 0 0 0 0 0 1720 2340 4060 207880 842479 1050358 0 50 50
20230511 16:27:31.201 17 0 7 12 0 0 0 64 24 0 0 6020 18750 0 375 6 3.44 2.19 2.12 5 1 0 0 0 0 0 0 0 0 0 1440 2560 4000 183000 828441 1011441 0 60 60
20230511 16:27:31.301 12 0 8 12 0 0 0 68 21 0 0 4470 10660 0 375 5 3.44 2.19 2.12 2 4 100 0 6 0 0 0 0 0 0 910 1880 2790 117000 616959 733959 10 50 60
20230511 16:27:31.401 21 0 8 10 0 0 0 61 29 0 0 3100 6070 0 375 5 3.44 2.19 2.12 5 1 20 0 1 0 0 0 0 0 0 940 270 1210 113680 119760 233440 0 0 0
20230511 16:27:31.501 28 0 6 6 0 1 0 60 34 0 0 3180 5240 0 375 5 3.44 2.19 2.12 5 1 30 0 2 0 0 0 0 0 0 290 330 620 30960 77960 108920 0 10 10
20230511 16:27:31.601 29 0 3 5 0 1 0 62 33 0 0 2460 2040 0 375 5 3.44 2.19 2.12 5 1 20 0 1 0 0 0 0 0 0 0 400 400 0 119160 119160 0 0 0
20230511 16:27:31.701 30 0 1 4 0 0 0 64 31 0 0 2190 2800 0 375 5 3.44 2.19 2.12 5 1 80 0 5 0 0 0 0 0 0 0 300 300 0 83200 83200 0 20 20
20230511 16:27:31.801 30 0 2 6 0 0 0 62 32 0 0 2920 2190 0 375 5 3.44 2.19 2.12 5 1 100 0 6 0 0 0 0 0 0 0 330 330 0 80640 80640 0 10 10
20230511 16:27:31.901 29 0 2 6 0 1 0 62 32 0 0 2520 3380 0 375 5 3.44 2.19 2.12 5 1 10 0 1 0 0 0 0 0 0 0 510 510 0 121600 121600 0 0 0
20230511 16:27:32.001 30 0 4 4 0 1 0 62 34 0 0 3340 1880 0 375 6 3.44 2.19 2.12 6 0 40 0 2 0 0 0 0 0 0 0 1410 1410 0 290000 290000 0 20 20
20230511 16:27:32.101 28 0 3 6 0 0 0 63 32 0 0 3100 1640 0 375 4 3.44 2.19 2.12 4 2 20 0 1 0 0 0 0 0 0 0 1280 1280 0 760239 760239 0 40 40
20230511 16:27:32.201 29 0 2 1 0 0 0 68 31 0 0 2030 1230 0 375 5 3.44 2.19 2.12 5 0 0 0 0 0 0 0 0 0 0 10 520 530 840 42560 43400 0 0 0
20230511 16:27:32.301 30 0 1 0 0 0 0 69 31 0 0 1830 1160 0 375 5 3.44 2.19 2.12 5 0 50 0 3 0 0 0 0 0 0 0 0 0 0 0 0 0 0 0
20230511 16:27:32.401 29 0 2 0 0 0 0 68 32 0 0 2140 2830 0 375 4 3.44 2.19 2.12 4 1 120 0 7 0 0 50 0 0 0 270 0 270 1080 0 1080 0 0 0
20230511 16:27:32.501 22 0 9 4 0 1 0 65 31 0 0 5840 14030 0 375 4 3.44 2.19 2.12 4 1 20 0 1 0 0 0 0 0 0 3150 0 3150 331040 0 331040 0 0 0
20230511 16:27:32.601 24 0 4 3 0 1 0 68 29 0 0 5310 11020 0 375 5 3.44 2.19 2.12 4 1 120 0 7 0 0 0 0 0 0 2820 0 2820 358319 0 358319 0 0 0
20230511 16:27:32.701 22 0 7 4 0 0 0 67 29 0 0 4800 10930 0 375 5 3.44 2.19 2.12 4 0 40 0 2 0 0 20 0 0 0 2740 0 2740 348080 0 348080 0 0 0
20230511 16:27:32.801 22 0 5 4 0 0 0 69 28 0 0 5100 10170 0 375 5 3.44 2.19 2.12 5 0 0 0 0 0 0 0 0 0 0 2230 0 2230 269800 0 269800 0 0 0
20230511 16:27:32.901 26 0 5 1 0 0 0 68 31 0 0 2850 4210 0 375 5 3.44 2.19 2.12 5 0 40 0 2 0 0 0 0 0 0 720 0 720 86080 0 86080 0 0 0
20230511 16:27:33.001 28 0 3 3 0 0 0 66 31 0 0 2120 1970 0 375 4 3.44 2.19 2.12 4 2 10 0 1 0 0 0 0 0 0 0 50 50 0 680 680 0 120 120
20230511 16:27:33.101 26 0 2 3 0 0 0 69 28 0 0 1830 1090 0 375 5 3.44 2.19 2.12 5 0 120 0 7 0 0 0 0 0 0 10 10 20 400 40 440 0 0 0
20230511 16:27:33.201 30 0 2 0 0 0 0 68 32 0 0 1760 1500 0 375 5 3.44 2.19 2.12 5 0 0 0 0 0 0 10 0 0 0 0 0 0 0 0 0 0 0 0
20230511 16:27:33.301 29 0 3 0 0 0 0 69 31 0 0 1910 1590 0 375 5 3.44 2.19 2.12 5 0 90 0 5 0 0 0 0 0 0 0 0 0 0 0 0 0 0 0
20230511 16:27:33.401 28 0 3 0 0 0 0 69 31 0 0 1730 1440 0 375 5 3.44 2.19 2.12 5 0 20 0 1 0 0 10 0 0 0 0 0 0 0 0 0 0 0 0
20230511 16:27:33.501 29 0 6 0 0 0 0 65 35 0 0 2540 2980 0 375 5 3.44 2.19 2.12 5 0 20 0 1 0 0 0 0 0 0 0 0 0 0 0 0 0 0 0
20230511 16:27:33.601 29 0 2 0 0 1 0 68 32 0 0 2360 1420 0 375 5 3.44 2.19 2.12 5 0 80 0 5 0 0 0 0 0 0 0 0 0 0 0 0 0 0 0
20230511 16:27:33.701 28 0 3 0 0 0 0 69 31 0 0 1890 960 0 375 5 3.44 2.19 2.12 5 0 20 0 1 0 0 0 0 0 0 0 0 0 0 0 0 0 0 0
20230511 16:27:33.801 28 0 4 0 0 1 0 67 33 0 0 2970 2080 0 375 5 3.44 2.19 2.12 5 0 20 0 1 0 0 0 0 0 0 0 20 20 0 2160 2160 0 520 520
20230511 16:27:33.901 30 0 2 2 0 1 0 65 33 0 0 2770 2160 0 375 6 3.44 2.19 2.12 6 0 50 0 3 0 0 0 0 0 0 0 620 620 0 465720 465720 0 10 10
20230511 16:27:34.001 27 0 5 4 0 2 0 61 34 0 0 3130 1950 0 375 6 3.44 2.19 2.12 6 0 90 0 5 0 0 0 0 0 0 0 1000 1000 0 1022761 1022761 0 0 0
20230511 16:27:34.101 30 0 4 3 0 0 0 63 34 0 0 3190 1620 0 375 5 3.44 2.19 2.12 6 0 40 0 2 0 0 0 0 0 0 0 1250 1250 0 1232798 1232798 0 30 30
20230511 16:27:34.201 30 0 3 4 0 0 0 63 33 0 0 2350 1330 0 375 5 3.44 2.19 2.12 5 1 20 0 1 0 0 20 0 0 0 0 400 400 0 400640 400640 0 170 170
20230511 16:27:34.301 27 0 2 8 0 0 0 62 29 0 0 1960 970 0 375 4 3.44 2.19 2.12 4 2 40 0 2 0 0 0 0 0 0 0 80 80 0 81920 81920 0 0 0
20230511 16:27:34.401 25 0 1 12 0 0 0 62 26 0 0 1710 3200 0 375 5 3.44 2.19 2.12 4 2 150 0 9 0 0 30 0 0 0 0 60 60 0 61440 61440 0 0 0
20230511 16:27:34.501 27 0 5 9 0 0 0 60 31 0 0 2540 5720 0 375 5 3.64 2.26 2.15 5 1 90 0 5 0 0 0 0 0 0 10 420 430 400 91560 91960 0 0 0
20230511 16:27:34.601 29 0 2 6 0 0 0 62 32 0 0 2320 1710 0 375 4 3.64 2.26 2.15 4 2 60 10 4 1 0 0 0 0 0 0 80 80 0 81920 81920 0 10 10
20230511 16:27:34.701 23 0 1 13 0 0 0 63 24 0 0 2430 2900 0 375 4 3.64 2.26 2.15 1 5 120 0 7 0 0 10 0 0 0 710 70 780 67440 76840 144280 0 0 0
20230511 16:27:34.801 16 0 1 22 0 0 0 61 17 0 0 2740 2940 0 375 2 3.64 2.26 2.15 2 4 60 0 4 0 0 0 0 0 0 410 130 540 52480 126720 179200 0 0 0
20230511 16:27:34.901 20 0 1 17 0 0 0 61 22 0 0 2360 3360 0 375 3 3.64 2.26 2.15 4 2 60 10 4 1 0 10 0 0 0 520 150 670 66560 156160 222720 0 0 0
20230511 16:27:35.001 22 0 4 11 0 0 0 63 26 0 0 2870 4550 0 375 5 3.64 2.26 2.15 5 1 20 0 1 0 0 0 0 0 0 840 160 1000 107520 163840 271360 0 0 0
20230511 16:27:35.101 21 0 7 10 0 0 0 62 28 0 0 2590 4480 0 375 5 3.64 2.26 2.15 2 4 120 0 7 0 0 0 0 0 0 710 80 790 90880 81920 172800 0 0 0
20230511 16:27:35.201 13 0 3 21 0 0 0 63 16 0 0 1400 1340 0 375 2 3.64 2.26 2.15 2 4 10 0 1 0 0 0 0 0 0 110 80 190 14080 81920 96000 0 0 0
20230511 16:27:35.301 14 0 2 23 0 0 0 62 15 0 0 1470 1330 0 375 3 3.64 2.26 2.15 5 1 30 0 2 0 0 0 0 0 0 210 140 350 26080 117000 143080 0 0 0
20230511 16:27:35.401 18 0 4 16 0 0 0 62 22 0 0 2090 3140 0 375 2 3.64 2.26 2.15 2 4 40 0 2 0 0 20 0 0 0 490 80 570 62720 81920 144640 0 10 10
20230511 16:27:35.501 12 0 6 22 0 0 0 59 18 0 0 2070 3370 0 375 2 3.64 2.26 2.15 2 4 100 0 6 0 0 0 0 0 0 80 110 190 10240 77840 88080 0 0 0
20230511 16:27:35.601 18 0 5 15 0 1 0 61 24 0 0 3150 4890 0 375 5 3.64 2.26 2.15 5 1 20 10 1 1 0 0 0 0 0 620 460 1080 74560 384319 458879 0 40 40
20230511 16:27:35.701 29 0 4 5 0 0 0 62 33 0 0 4040 4430 0 375 5 3.64 2.26 2.15 5 1 40 10 3 1 0 10 0 0 0 330 1790 2120 38600 700601 739201 0 170 170
20230511 16:27:35.801 30 0 4 3 0 0 0 62 35 0 0 4320 5520 0 375 5 3.64 2.26 2.15 5 1 20 0 1 0 0 0 0 0 0 0 1700 1700 0 1003559 1003559 0 480 480
20230511 16:27:35.901 30 0 6 1 0 0 0 63 36 0 0 5620 2830 0 375 5 3.64 2.26 2.15 5 0 20 10 1 1 0 0 0 0 0 0 3200 3200 0 830721 830721 0 110 110
20230511 16:27:36.001 30 0 2 0 0 0 0 68 32 0 0 2070 1700 0 375 5 3.64 2.26 2.15 5 0 90 0 5 0 0 0 0 0 0 0 0 0 0 0 0 0 0 0
20230511 16:27:36.101 29 0 2 1 0 0 0 69 31 0 0 1930 1520 0 375 5 3.64 2.26 2.15 5 0 110 0 6 0 0 0 0 0 0 10 0 10 1240 0 1240 0 0 0
20230511 16:27:36.201 29 0 2 1 0 0 0 68 31 0 0 2410 2610 0 375 5 3.64 2.26 2.15 4 1 130 0 8 0 0 10 0 0 0 590 0 590 72520 0 72520 0 0 0
20230511 16:27:36.301 29 0 2 1 0 0 0 68 31 0 0 2850 4090 0 375 4 3.64 2.26 2.15 5 0 40 0 2 0 0 0 0 0 0 1030 0 1030 126760 0 126760 0 0 0
20230511 16:27:36.401 25 0 6 0 0 0 0 69 31 0 0 2060 4020 0 375 5 3.64 2.26 2.15 5 0 20 0 1 0 0 30 0 0 0 40 0 40 4720 0 4720 0 0 0
20230511 16:27:36.501 27 0 7 0 0 0 0 65 35 0 0 2610 3740 0 375 5 3.64 2.26 2.15 5 0 80 0 5 0 0 0 0 0 0 0 0 0 0 0 0 0 0 0
20230511 16:27:36.601 29 0 2 0 0 0 0 68 32 0 0 2330 1270 0 375 5 3.64 2.26 2.15 5 0 60 0 4 0 0 0 0 0 0 20 0 20 760 0 760 0 0 0
20230511 16:27:36.701 29 0 3 0 0 0 0 68 32 0 0 1870 1800 0 375 6 3.64 2.26 2.15 4 1 80 0 5 0 0 10 0 0 0 100 0 100 1160 0 1160 0 0 0
20230511 16:27:36.801 28 0 3 1 0 0 0 68 32 0 0 3520 4060 0 375 5 3.64 2.26 2.15 5 0 40 10 2 1 0 0 0 0 0 750 0 750 84320 0 84320 0 0 0
20230511 16:27:36.901 29 0 2 1 0 0 0 68 31 0 0 3420 6990 0 375 5 3.64 2.26 2.15 5 0 170 0 10 0 0 0 0 0 0 1150 0 1150 147200 0 147200 0 0 0
20230511 16:27:37.001 28 0 3 1 0 0 0 68 31 0 0 2840 3950 0 375 5 3.64 2.26 2.15 5 0 0 0 0 0 0 0 0 0 0 850 0 850 104200 0 104200 0 0 0
20230511 16:27:37.101 31 0 1 0 0 0 0 69 31 0 0 1910 820 0 375 5 3.64 2.26 2.15 5 0 40 0 2 0 0 0 0 0 0 0 0 0 0 0 0 0 0 0
20230511 16:27:37.201 31 0 1 0 0 0 0 68 32 0 0 1700 1380 0 375 5 3.64 2.26 2.15 5 0 20 0 1 0 0 0 0 0 0 0 0 0 0 0 0 0 0 0
20230511 16:27:37.301 30 0 2 0 0 0 0 68 32 0 0 1790 1160 0 375 5 3.64 2.26 2.15 5 0 20 0 1 0 0 0 0 0 0 0 0 0 0 0 0 0 0 0
20230511 16:27:37.401 22 0 8 1 0 0 0 69 30 0 0 2600 4640 0 375 5 3.64 2.26 2.15 4 0 40 0 2 0 0 0 0 0 0 710 0 710 37720 0 37720 0 0 0
20230511 16:27:37.501 19 0 12 2 0 0 0 66 32 0 0 4930 14050 0 375 5 3.64 2.26 2.15 4 1 100 0 6 0 0 0 0 0 0 2340 0 2340 298720 0 298720 0 0 0
20230511 16:27:37.601 24 0 5 4 0 0 0 68 29 0 0 5120 11030 0 375 3 3.64 2.26 2.15 3 2 110 0 6 0 0 0 0 0 0 2500 0 2500 320000 0 320000 0 0 0
20230511 16:27:37.701 22 0 5 6 0 0 0 67 27 0 0 5970 10480 0 375 3 3.64 2.26 2.15 5 1 20 0 1 0 0 0 0 0 0 1950 2030 3980 248680 331480 580161 0 100 100
20230511 16:27:37.801 20 0 6 13 0 0 0 62 25 0 0 4910 4740 0 375 3 3.64 2.26 2.15 4 2 10 0 1 0 0 0 0 0 0 700 1860 2560 89600 858879 948479 0 130 130
20230511 16:27:37.901 20 0 8 9 0 0 0 63 28 0 0 5850 5060 0 375 6 3.64 2.26 2.15 3 3 20 0 1 0 0 0 0 0 0 690 3230 3920 87600 1021681 1109281 0 110 110
20230511 16:27:38.001 22 0 4 14 0 0 0 60 26 0 0 3910 3570 0 375 4 3.64 2.26 2.15 3 4 160 0 9 0 0 0 0 0 0 550 1340 1890 70400 673801 744201 0 440 440
20230511 16:27:38.101 24 0 5 8 0 0 0 62 30 0 0 4270 4520 0 375 4 3.64 2.26 2.15 5 1 120 0 7 0 0 0 0 0 0 770 1570 2340 98120 903759 1001879 0 1890 1890
20230511 16:27:38.201 21 0 8 8 0 1 0 64 29 0 0 6440 7980 0 375 3 3.64 2.26 2.15 6 0 130 0 8 0 0 10 0 0 0 760 3890 4650 95800 995961 1091761 0 660 660
20230511 16:27:38.301 18 0 9 9 0 0 0 64 27 0 0 4970 8210 0 375 4 3.64 2.26 2.15 5 1 30 0 2 0 0 0 0 0 0 490 2750 3240 62720 716279 778999 0 310 310
20230511 16:27:38.401 18 0 3 15 0 0 0 63 22 0 0 2710 6420 0 375 2 3.64 2.26 2.15 2 4 10 0 1 0 0 0 0 0 0 830 220 1050 86240 119040 205280 0 10 10
20230511 16:27:38.501 11 0 9 19 0 0 0 61 19 0 0 4570 10260 0 375 2 3.64 2.26 2.15 2 4 20 0 1 0 0 0 0 0 0 2210 150 2360 228280 79360 307640 0 40 40
20230511 16:27:38.601 9 0 4 24 0 0 0 63 13 0 0 3570 9080 0 375 0 3.64 2.26 2.15 0 6 30 0 2 0 0 0 0 0 0 2120 150 2270 265600 79360 344960 0 130 130
20230511 16:27:38.701 7 0 8 21 0 0 0 64 14 0 0 2860 7540 0 375 2 3.64 2.26 2.15 2 4 90 0 5 0 0 10 0 0 0 1580 190 1770 199600 107520 307120 0 180 180
20230511 16:27:38.801 11 0 4 29 0 0 0 56 16 0 0 3120 4950 0 375 0 3.64 2.26 2.15 0 7 150 0 9 0 0 0 0 0 0 940 70 1010 116640 31120 147760 0 730 730
20230511 16:27:38.901 0 0 1 44 0 0 0 56 1 0 0 520 900 0 375 0 3.64 2.26 2.15 0 7 50 0 3 0 0 0 0 0 0 50 0 50 5160 0 5160 0 0 0
20230511 16:27:39.001 0 0 0 44 0 0 0 56 0 0 0 300 510 0 375 0 3.64 2.26 2.15 0 7 20 0 1 0 0 0 0 0 0 0 0 0 0 0 0 0 0 0
20230511 16:27:39.101 7 0 5 26 0 0 0 61 12 0 0 2010 5190 0 375 1 3.64 2.26 2.15 5 1 40 0 2 0 0 0 0 0 0 870 290 1160 104240 143400 247640 0 80 80
20230511 16:27:39.201 11 0 11 13 0 0 0 65 22 0 0 3160 9250 0 375 4 3.64 2.26 2.15 2 4 0 0 0 0 0 0 0 0 0 1230 530 1760 157440 266040 423480 0 360 360
20230511 16:27:39.301 8 0 11 15 0 1 0 65 20 0 0 4310 11090 0 375 2 3.64 2.26 2.15 1 5 0 0 0 0 0 0 0 0 0 1390 1370 2760 177920 326040 503959 0 190 190
20230511 16:27:39.401 8 0 10 17 0 0 0 65 18 0 0 4460 11410 0 375 1 3.64 2.26 2.15 2 4 20 0 1 0 0 0 0 0 0 1320 1650 2970 168960 321760 490720 0 240 240
20230511 16:27:39.501 9 0 10 21 0 0 0 60 19 0 0 4450 9620 120 376 4 3.83 2.32 2.17 3 5 20 0 1 0 0 10 0 0 0 1130 1310 2440 144640 559361 704001 0 740 740
20230511 16:27:39.601 10 0 8 19 0 0 0 62 18 0 0 6190 13250 180 375 3 3.83 2.32 2.17 2 4 210 0 12 0 0 0 0 0 0 1890 1090 2980 240120 473559 713679 0 270 270
20230511 16:27:39.701 15 0 1 22 0 0 0 63 16 0 0 3640 8910 0 375 5 3.83 2.32 2.17 3 3 0 0 0 0 0 0 0 0 0 2050 200 2250 261480 81960 343440 0 0 0
20230511 16:27:39.801 14 0 8 15 0 0 0 63 22 0 0 5150 11200 300 375 1 3.83 2.32 2.17 4 2 20 0 1 0 0 0 0 0 0 1920 120 2040 246360 72440 318800 10 20 30
20230511 16:27:39.901 14 0 5 18 0 1 0 62 20 0 0 5000 10490 0 375 3 3.83 2.32 2.17 4 2 20 10 1 1 0 0 0 0 0 1930 540 2470 247040 129440 376480 0 30 30
20230511 16:27:40.001 15 0 7 17 0 0 0 61 21 0 0 4150 9490 0 375 3 3.83 2.32 2.17 3 2 100 0 6 0 0 20 0 0 0 1840 400 2240 232480 74160 306640 0 60 60
20230511 16:27:40.101 8 0 13 13 0 1 0 67 21 0 0 3590 11240 0 375 4 3.83 2.32 2.17 4 1 60 0 4 0 0 0 0 0 0 1240 540 1780 158720 124960 283680 0 30 30
20230511 16:27:40.201 12 0 8 17 0 1 0 62 21 0 0 3920 9850 0 375 2 3.83 2.32 2.17 5 2 170 0 10 0 0 0 0 0 0 1710 450 2160 218880 82800 301680 0 0 0
20230511 16:27:40.301 10 0 9 16 0 2 0 63 21 0 0 4340 11150 0 375 3 3.83 2.32 2.17 4 2 100 0 6 0 0 0 0 0 0 1670 820 2490 212120 120520 332640 0 20 20
20230511 16:27:40.401 10 0 9 15 0 1 0 64 21 0 0 4460 14890 0 375 4 3.83 2.32 2.17 5 1 0 0 0 0 0 0 0 0 0 1350 1400 2750 172600 399200 571801 0 480 480
20230511 16:27:40.501 14 0 12 13 0 1 0 60 27 0 0 4920 15380 0 375 3 3.83 2.32 2.17 1 5 40 0 2 0 0 10 0 0 0 1640 940 2580 208000 542721 750721 0 880 880
20230511 16:27:40.601 13 0 9 15 0 0 0 63 22 0 0 5320 13910 0 375 2 3.83 2.32 2.17 4 1 10 10 1 1 0 0 0 0 0 2180 850 3030 272920 506959 779879 0 830 830
20230511 16:27:40.701 20 0 6 11 0 1 0 63 27 0 0 4170 9540 0 375 5 3.83 2.32 2.17 4 2 160 0 9 0 0 10 0 0 0 890 1370 2260 112680 500120 612801 0 540 540
20230511 16:27:40.801 23 0 7 6 0 2 0 62 32 0 0 5940 13180 0 375 5 3.83 2.32 2.17 4 2 80 20 6 1 0 0 0 0 0 890 2290 3180 108120 735359 843479 0 770 770
20230511 16:27:40.901 29 0 4 2 0 1 0 63 34 0 0 5600 14130 0 375 5 3.83 2.32 2.17 5 0 30 0 2 0 0 0 0 0 0 110 3330 3440 10640 534681 545321 0 580 580
20230511 16:27:41.001 28 0 4 0 0 0 0 69 31 0 0 2070 2720 0 375 5 3.83 2.32 2.17 5 0 160 0 9 0 0 10 0 0 0 0 0 0 0 0 0 0 0 0
20230511 16:27:41.101 29 0 2 0 0 0 0 68 32 0 0 2020 2060 0 375 5 3.83 2.32 2.17 5 0 100 0 6 0 0 0 0 0 0 10 0 10 840 0 840 0 0 0
20230511 16:27:41.201 30 0 2 0 0 0 0 68 32 0 0 1950 1020 0 375 5 3.83 2.32 2.17 5 0 40 10 2 1 0 10 0 0 0 0 0 0 0 0 0 0 0 0
20230511 16:27:41.301 30 0 1 0 0 1 0 68 32 0 0 1820 1080 0 375 5 3.83 2.32 2.17 5 0 0 0 0 0 0 0 0 0 0 0 0 0 0 0 0 0 0 0
20230511 16:27:41.401 29 0 2 0 0 0 0 68 32 0 0 1870 1010 0 375 5 3.83 2.32 2.17 5 0 30 0 2 0 0 0 0 0 0 10 0 10 400 0 400 0 0 0
20230511 16:27:41.501 30 0 4 0 0 0 0 66 34 0 0 2520 3040 0 375 5 3.83 2.32 2.17 5 0 30 0 2 0 0 10 0 0 0 0 0 0 0 0 0 0 0 0
20230511 16:27:41.601 25 0 4 4 0 0 0 67 29 0 0 6930 12020 0 375 5 3.83 2.32 2.17 4 1 80 0 5 0 0 0 0 0 0 4690 0 4690 314320 0 314320 0 0 0
20230511 16:27:41.701 21 0 6 4 0 0 0 69 27 0 0 5770 14240 0 375 5 3.83 2.32 2.17 5 0 130 0 8 0 0 10 0 0 0 3380 0 3380 437240 0 437240 100 0 100
20230511 16:27:41.801 17 0 11 4 0 0 0 68 28 0 0 5740 12710 0 375 5 3.83 2.32 2.17 3 2 10 0 1 0 0 0 0 0 0 2740 0 2740 328480 0 328480 0 0 0
20230511 16:27:41.901 21 0 8 2 0 1 0 69 30 0 0 4370 10890 0 375 5 3.83 2.32 2.17 5 0 10 0 1 0 0 0 0 0 0 2010 0 2010 249120 0 249120 0 0 0
20230511 16:27:42.001 24 0 6 2 0 1 0 67 31 0 0 3850 7600 0 375 5 3.83 2.32 2.17 5 0 100 0 6 0 0 0 0 0 0 1710 0 1710 218880 0 218880 0 0 0
20230511 16:27:42.101 23 0 6 2 0 0 0 69 29 0 0 3700 7450 0 375 4 3.83 2.32 2.17 5 0 30 0 2 0 0 0 0 0 0 1600 0 1600 204800 0 204800 0 0 0
20230511 16:27:42.201 19 0 6 9 0 0 0 65 26 0 0 5710 7740 0 375 5 3.83 2.32 2.17 4 2 230 0 13 0 0 0 0 0 0 850 2830 3680 107920 874721 982641 0 900 900
20230511 16:27:42.301 19 0 6 14 0 0 0 62 24 0 0 2630 2960 0 375 4 3.83 2.32 2.17 3 3 150 0 9 0 0 0 0 0 0 420 320 740 53320 321280 374599 0 320 320
20230511 16:27:42.401 19 0 3 11 0 0 0 67 22 0 0 1940 3970 0 375 3 3.83 2.32 2.17 3 3 10 0 1 0 0 0 0 0 0 420 80 500 52720 71680 124400 0 110 110
20230511 16:27:42.501 21 0 5 11 0 1 0 62 27 0 0 3230 6640 0 375 5 3.83 2.32 2.17 5 1 10 0 1 0 0 10 0 0 0 920 90 1010 111760 85000 196760 0 120 120
20230511 16:27:42.601 20 0 2 14 0 0 0 64 22 0 0 2480 2500 0 375 5 3.83 2.32 2.17 4 2 20 0 1 0 0 0 0 0 0 390 180 570 48960 120560 169520 0 180 180
20230511 16:27:42.701 21 0 3 10 0 0 0 66 24 0 0 2710 4940 0 375 5 3.83 2.32 2.17 3 3 40 0 2 0 0 10 0 0 0 970 80 1050 121360 81920 203280 0 160 160
20230511 16:27:42.801 21 0 4 13 0 1 0 60 26 0 0 3280 4120 0 375 5 3.83 2.32 2.17 3 3 80 0 5 0 0 0 0 0 0 680 70 750 85800 76800 162600 0 170 170
20230511 16:27:42.901 19 0 4 10 0 0 0 68 22 0 0 2710 4710 0 375 4 3.83 2.32 2.17 3 3 130 0 8 0 0 0 0 0 0 650 110 760 83200 117760 200960 0 270 270
20230511 16:27:43.001 24 0 3 9 0 0 0 65 26 0 0 2900 4880 0 375 4 3.83 2.32 2.17 4 3 120 0 7 0 0 10 0 0 0 670 190 860 83480 170920 254400 0 440 440
20230511 16:27:43.101 23 0 4 6 0 0 0 67 27 0 0 2060 2880 0 375 5 3.83 2.32 2.17 4 2 40 0 2 0 0 0 0 0 0 260 110 370 29200 111400 140600 0 200 200
20230511 16:27:43.201 30 0 3 5 0 0 0 62 33 0 0 2330 2570 0 375 5 3.83 2.32 2.17 5 1 10 0 1 0 0 0 0 0 0 20 310 330 80 300800 300880 0 380 380
20230511 16:27:43.301 30 0 2 5 0 0 0 64 31 0 0 2540 2330 0 375 5 3.83 2.32 2.17 5 1 10 0 1 0 0 0 0 0 0 0 320 320 0 320000 320000 0 270 270
20230511 16:27:43.401 27 0 4 4 0 0 0 65 31 0 0 2540 1960 0 375 5 3.83 2.32 2.17 5 1 10 0 1 0 0 0 0 0 0 10 630 640 400 554561 554961 0 410 410
20230511 16:27:43.501 27 0 6 5 0 0 0 62 32 0 0 4110 6840 0 375 4 3.83 2.32 2.17 5 1 40 0 2 0 0 10 0 0 0 750 670 1420 5480 631241 636721 0 840 840
20230511 16:27:43.601 21 0 5 8 0 0 0 67 26 0 0 5650 10510 0 375 3 3.83 2.32 2.17 6 0 20 0 1 0 0 0 0 0 0 1750 1570 3320 106640 922919 1029559 0 1230 1230
20230511 16:27:43.701 19 0 4 11 0 0 0 66 23 0 0 6610 15500 0 375 3 3.83 2.32 2.17 3 3 120 0 7 0 0 0 0 0 0 1770 2300 4070 209520 857241 1066761 30 890 920
20230511 16:27:43.801 20 0 4 13 0 1 0 62 25 0 0 5070 11260 0 375 5 3.83 2.32 2.17 3 4 30 0 2 0 0 10 0 0 0 1340 1280 2620 151960 661999 813959 0 1180 1180
20230511 16:27:43.901 13 0 1 30 0 0 0 56 14 0 0 1350 1430 0 375 2 3.83 2.32 2.17 2 5 10 0 1 0 0 0 0 0 0 50 40 90 6400 19600 26000 0 0 0
20230511 16:27:44.001 13 0 0 30 0 0 0 57 13 0 0 1240 970 0 375 2 3.83 2.32 2.17 2 5 30 0 2 0 0 10 0 0 0 30 10 40 3840 1280 5120 0 0 0
20230511 16:27:44.101 9 0 0 35 0 0 0 56 9 0 0 700 320 0 375 1 3.83 2.32 2.17 1 6 10 0 1 0 0 0 0 0 0 0 0 0 0 0 0 0 0 0
20230511 16:27:44.201 6 0 1 37 0 0 0 56 7 0 0 480 220 0 375 2 3.83 2.32 2.17 3 4 60 0 4 0 0 0 0 0 0 50 40 90 5960 10280 16240 0 0 0
20230511 16:27:44.301 18 0 4 4 0 0 0 74 22 0 0 3330 7350 0 375 5 3.83 2.32 2.17 4 2 120 0 7 0 0 0 0 0 0 1290 430 1720 159840 140760 300600 0 10 10
20230511 16:27:44.401 21 0 3 13 0 0 0 63 23 0 0 3280 9410 0 375 3 3.83 2.32 2.17 3 3 10 0 1 0 0 0 0 0 0 1290 240 1530 163480 67440 230920 30 0 30
20230511 16:27:44.501 19 0 9 12 0 0 0 60 28 0 0 4240 9300 0 375 5 4.01 2.38 2.19 4 2 10 0 1 0 0 30 0 0 0 1200 400 1600 147160 89680 236840 10 50 60
20230511 16:27:44.601 22 0 3 12 0 1 0 62 25 0 0 3760 7250 0 375 4 4.01 2.38 2.19 4 2 10 0 1 0 0 0 0 0 0 1070 650 1720 135720 91480 227200 0 110 110
20230511 16:27:44.701 22 0 3 12 0 0 0 63 25 0 0 2830 5610 0 375 5 4.01 2.38 2.19 5 1 10 0 1 0 0 0 0 0 0 740 540 1280 94720 90320 185040 0 80 80
20230511 16:27:44.801 20 0 7 11 0 0 0 61 27 0 0 4280 8030 0 375 4 4.01 2.38 2.19 3 2 170 0 10 0 0 10 0 0 0 980 710 1690 103160 99280 202440 0 70 70
20230511 16:27:44.901 17 0 6 13 0 0 0 64 23 0 0 4300 8430 0 375 2 4.01 2.38 2.19 4 2 130 10 8 1 0 0 0 0 0 1970 230 2200 169560 65640 235200 0 10 10
20230511 16:27:45.001 13 0 6 20 0 0 0 61 19 0 0 3690 7730 0 375 2 4.01 2.38 2.19 1 5 70 0 4 0 0 10 0 0 0 1650 140 1790 209600 83200 292800 10 0 10
20230511 16:27:45.101 8 0 3 26 0 0 0 63 11 0 0 1960 3610 0 375 1 4.01 2.38 2.19 1 5 30 0 2 0 0 0 0 0 0 570 160 730 72960 101120 174080 0 50 50
20230511 16:27:45.201 12 0 6 21 0 0 0 61 17 0 0 3180 7110 0 375 1 4.01 2.38 2.19 1 5 30 0 2 0 0 0 0 0 0 1450 170 1620 185600 87040 272640 0 160 160
20230511 16:27:45.301 12 0 5 21 0 0 0 62 17 0 0 2790 6160 0 375 1 4.01 2.38 2.19 3 3 10 0 1 0 0 0 0 0 0 1310 180 1490 167680 88320 256000 0 90 90
20230511 16:27:45.401 11 0 3 23 0 0 0 63 14 0 0 2440 5660 0 375 5 4.01 2.38 2.19 5 1 0 0 0 0 0 0 0 0 0 1170 170 1340 149760 90880 240640 0 160 160
20230511 16:27:45.501 9 0 15 12 0 1 0 63 25 0 0 3560 10990 0 375 3 4.01 2.38 2.19 4 2 40 0 2 0 0 0 0 0 0 1020 130 1150 130560 85760 216320 0 160 160
20230511 16:27:45.601 11 0 11 13 0 1 0 65 23 0 0 4890 14170 0 375 4 4.01 2.38 2.19 5 1 10 10 1 1 0 0 0 0 0 1790 840 2630 228240 477439 705679 0 970 970
20230511 16:27:45.701 11 0 11 12 0 1 0 64 23 0 0 5350 17420 0 375 1 4.01 2.38 2.19 1 5 130 20 9 1 0 0 0 0 0 1830 1540 3370 232080 513200 745281 0 280 280
20230511 16:27:45.801 12 0 9 16 0 1 0 62 22 0 0 7670 22730 0 375 3 4.01 2.38 2.19 1 5 30 0 2 0 0 0 0 0 0 2140 3090 5230 266360 670359 936719 0 500 500
20230511 16:27:45.901 16 0 10 12 0 1 0 60 27 0 0 7120 20310 0 375 3 4.01 2.38 2.19 5 1 20 0 1 0 0 0 0 0 0 2070 2680 4750 264960 640681 905641 0 640 640
20230511 16:27:46.001 16 0 6 13 0 0 0 65 22 0 0 4280 12020 0 375 4 4.01 2.38 2.19 4 2 0 0 0 0 0 0 0 0 0 1910 780 2690 242520 634721 877241 0 1450 1450
20230511 16:27:46.101 21 0 4 11 0 0 0 63 25 0 0 5270 13290 0 375 3 4.01 2.38 2.19 5 1 10 0 1 0 0 0 0 0 0 1550 1880 3430 195680 627479 823159 0 510 510
20230511 16:27:46.201 24 0 5 8 0 0 0 63 29 0 0 5980 15980 0 375 4 4.01 2.38 2.19 5 1 100 0 6 0 0 0 0 0 0 1060 3250 4310 133200 730441 863641 0 640 640
20230511 16:27:46.301 26 0 4 3 0 0 0 67 30 0 0 4490 10620 0 375 5 4.01 2.38 2.19 5 0 10 0 1 0 0 10 0 0 0 1750 900 2650 224000 32040 256040 0 40 40
20230511 16:27:46.401 24 0 5 2 0 0 0 69 29 0 0 3420 7840 0 375 5 4.01 2.38 2.19 5 0 30 0 2 0 0 0 0 0 0 1560 0 1560 198200 0 198200 0 0 0
20230511 16:27:46.501 23 0 10 1 0 0 0 66 33 0 0 3840 8710 0 375 4 4.01 2.38 2.19 4 1 0 0 0 0 0 30 0 0 0 1290 0 1290 164360 0 164360 0 0 0
20230511 16:27:46.601 20 0 9 2 0 0 0 69 29 0 0 3870 7660 0 375 4 4.01 2.38 2.19 5 0 10 0 1 0 0 0 0 0 0 1530 0 1530 195840 0 195840 0 0 0
20230511 16:27:46.701 21 0 4 6 0 0 0 69 26 0 0 6320 14680 0 375 5 4.01 2.38 2.19 4 1 50 0 3 0 0 0 0 0 0 4350 0 4350 422560 0 422560 0 0 0
20230511 16:27:46.801 22 0 8 3 0 0 0 66 30 0 0 5130 11300 0 375 5 4.01 2.38 2.19 5 0 40 0 2 0 0 10 0 0 0 2480 0 2480 314960 0 314960 0 0 0
20230511 16:27:46.901 21 0 8 3 0 0 0 68 29 0 0 4570 11710 0 375 4 4.01 2.38 2.19 5 0 140 0 8 0 0 0 0 0 0 2130 0 2130 272640 0 272640 0 0 0
20230511 16:27:47.001 23 0 6 3 0 0 0 68 29 0 0 4810 10480 0 375 5 4.01 2.38 2.19 5 0 120 0 7 0 0 0 0 0 0 2480 0 2480 310360 0 310360 0 0 0
20230511 16:27:47.101 23 0 6 2 0 0 0 69 29 0 0 3920 8300 0 375 5 4.01 2.38 2.19 4 0 60 0 4 0 0 0 0 0 0 1810 0 1810 230800 0 230800 0 0 0
20230511 16:27:47.201 21 0 7 7 0 0 0 65 29 0 0 6860 16520 0 375 4 4.01 2.38 2.19 5 1 20 0 1 0 0 0 0 0 0 1000 2930 3930 128000 742521 870521 0 890 890
20230511 16:27:47.301 19 0 9 8 0 0 0 64 28 0 0 6790 23320 0 375 4 4.01 2.38 2.19 5 1 100 0 6 0 0 10 0 0 0 800 4150 4950 102400 945959 1048359 0 220 220
20230511 16:27:47.401 21 0 7 8 0 0 0 64 28 0 0 6330 22020 0 375 5 4.01 2.38 2.19 4 2 0 0 0 0 0 0 0 0 0 870 3550 4420 111040 642721 753761 0 90 90
20230511 16:27:47.501 21 0 10 8 0 0 0 61 31 0 0 8390 23920 0 375 4 4.01 2.38 2.19 3 3 40 0 2 0 0 0 0 0 0 950 4020 4970 121600 874841 996441 0 110 110
20230511 16:27:47.601 22 0 4 11 0 0 0 62 27 0 0 4890 8020 0 375 4 4.01 2.38 2.19 4 2 20 0 1 0 0 0 0 0 0 1190 840 2030 149520 841679 991199 0 100 100
20230511 16:27:47.701 21 0 5 11 0 0 0 63 26 0 0 3530 6070 0 375 5 4.01 2.38 2.19 5 1 50 0 3 0 0 0 0 0 0 960 470 1430 118480 330840 449320 0 60 60
20230511 16:27:47.801 22 0 6 11 0 0 0 61 28 0 0 3930 5530 0 375 3 4.01 2.38 2.19 4 2 60 0 4 0 0 0 0 0 0 960 290 1250 122880 119040 241920 0 40 40
20230511 16:27:47.901 24 0 3 11 0 0 0 61 27 0 0 3430 5790 0 375 4 4.01 2.38 2.19 5 1 50 0 3 0 0 0 0 0 0 940 200 1140 118880 85760 204640 0 10 10
20230511 16:27:48.001 20 0 7 11 0 1 0 61 28 0 0 2580 4030 0 375 3 4.01 2.38 2.19 3 4 0 0 0 0 0 0 0 0 0 330 160 490 42000 62040 104040 0 120 120
20230511 16:27:48.101 18 0 2 19 0 0 0 61 19 0 0 1300 570 0 375 3 4.01 2.38 2.19 3 4 0 0 0 0 0 0 0 0 0 20 10 30 1320 3840 5160 0 0 0
20230511 16:27:48.201 17 0 2 25 0 0 0 56 19 0 0 1220 540 0 375 3 4.01 2.38 2.19 3 4 40 0 2 0 0 0 0 0 0 0 0 0 0 0 0 0 0 0
20230511 16:27:48.301 16 0 3 25 0 0 0 56 19 0 0 1360 660 0 375 3 4.01 2.38 2.19 3 4 30 0 2 0 0 0 0 0 0 0 0 0 0 0 0 0 0 0
20230511 16:27:48.401 18 0 2 1 0 0 0 79 20 0 0 3100 6510 0 374 3 4.01 2.38 2.19 2 3 130 0 8 0 0 0 0 0 0 1240 210 1450 44640 99880 144520 0 10 10
20230511 16:27:48.501 14 0 6 6 0 1 0 73 21 0 0 4910 9670 0 374 2 4.01 2.38 2.19 3 2 0 0 0 0 0 0 0 0 0 2100 490 2590 132160 241920 374080 0 80 80
20230511 16:27:48.601 11 0 4 15 0 1 0 69 16 0 0 4550 7410 0 374 3 4.01 2.38 2.19 1 4 20 0 1 0 0 30 0 0 0 2390 330 2720 174680 288080 462759 0 60 60
20230511 16:27:48.701 13 0 4 14 0 0 0 69 17 0 0 3190 6550 0 374 3 4.01 2.38 2.19 2 3 70 0 4 0 0 0 0 0 0 1370 260 1630 168880 284760 453640 0 390 390
20230511 16:27:48.801 12 0 7 16 0 1 0 63 20 0 0 4230 10650 0 374 2 4.01 2.38 2.19 4 3 70 0 4 0 0 20 0 0 0 1420 770 2190 175720 302240 477959 0 1300 1300
20230511 16:27:48.901 13 0 8 11 0 0 0 68 21 0 0 4290 12500 0 374 4 4.01 2.38 2.19 4 1 10 0 1 0 0 0 0 0 0 1370 1210 2580 176360 574441 750801 50 900 950
20230511 16:27:49.001 15 0 6 9 0 0 0 69 21 0 0 5830 15490 0 374 4 4.01 2.38 2.19 4 1 80 0 5 0 0 0 0 0 0 1610 2190 3800 193920 633601 827521 20 920 940
20230511 16:27:49.101 16 0 6 6 0 0 0 72 22 0 0 5060 13400 0 374 4 4.01 2.38 2.19 4 0 30 0 2 0 0 0 0 0 0 1850 1620 3470 233480 341960 575439 60 200 260
20230511 16:27:49.201 18 0 5 3 0 0 0 75 23 0 0 3570 8260 0 374 4 4.01 2.38 2.19 3 1 40 0 2 0 0 0 0 0 0 2160 0 2160 272240 0 272240 30 0 30
20230511 16:27:49.301 19 0 4 2 0 0 0 75 22 0 0 3270 6830 0 374 4 4.01 2.38 2.19 3 1 100 0 6 0 0 10 0 0 0 1730 0 1730 220200 0 220200 0 0 0
20230511 16:27:49.401 19 0 5 2 0 0 0 74 24 0 0 4690 10770 0 374 2 4.01 2.38 2.19 3 1 0 0 0 0 0 0 0 0 0 3020 0 3020 237520 0 237520 0 0 0
20230511 16:27:49.501 11 0 11 5 0 0 0 73 22 0 0 5500 15040 0 374 4 4.01 2.41 2.20 3 1 20 0 1 0 0 0 0 0 0 3210 0 3210 387480 0 387480 0 0 0
20230511 16:27:49.601 11 0 8 6 0 0 0 75 19 0 0 6270 16430 0 374 2 4.01 2.41 2.20 4 0 80 20 6 1 0 0 0 0 0 4100 0 4100 513999 0 513999 10 0 10
20230511 16:27:49.701 12 0 9 4 0 0 0 74 21 0 0 5440 14610 0 374 4 4.01 2.41 2.20 4 0 30 10 2 1 0 0 0 0 0 3520 0 3520 438240 0 438240 40 0 40
20230511 16:27:49.801 10 0 12 3 0 2 0 72 25 0 0 5230 11310 0 374 3 4.01 2.41 2.20 3 1 50 0 3 0 0 0 0 0 0 2420 0 2420 299360 0 299360 0 0 0
20230511 16:27:49.901 17 0 6 5 0 1 0 71 24 0 0 5730 14790 0 374 4 4.01 2.41 2.20 3 2 60 10 4 1 0 0 0 0 0 1680 1970 3650 199440 365880 565321 0 210 210
20230511 16:27:50.001 17 0 4 6 0 0 0 74 21 0 0 4150 10140 0 373 3 4.01 2.41 2.20 2 2 20 0 1 0 0 0 0 0 0 450 2010 2460 56360 856241 912601 0 390 390
20230511 16:27:50.101 15 0 6 7 0 0 0 72 21 0 0 3480 6650 20 375 5 4.01 2.41 2.20 3 2 20 40 3 5 0 0 0 0 0 400 840 1240 49880 554719 604599 0 440 440
20230511 16:27:50.201 17 0 3 7 0 0 0 73 20 0 0 2840 3890 10 373 3 4.01 2.41 2.20 3 1 120 70 13 10 0 0 0 0 0 270 270 540 29960 113920 143880 0 70 70
20230511 16:27:50.301 19 0 1 6 0 0 0 75 19 0 0 1770 1910 0 373 3 4.01 2.41 2.20 3 1 90 30 7 4 0 0 0 0 0 0 200 200 0 80640 80640 0 80 80
20230511 16:27:50.401 18 0 1 4 0 0 0 77 19 0 0 1620 2110 0 373 3 4.01 2.41 2.20 3 1 100 30 7 3 0 0 0 0 0 0 290 290 0 116480 116480 0 160 160
20230511 16:27:50.501 18 0 4 4 0 0 0 74 22 0 0 2450 3590 0 373 3 4.01 2.41 2.20 3 1 90 50 8 8 0 0 0 0 0 0 180 180 0 83840 83840 0 130 130
20230511 16:27:50.601 15 0 3 8 0 0 0 74 18 0 0 2270 1910 0 373 2 4.01 2.41 2.20 2 2 120 60 10 7 0 10 0 0 0 0 350 350 0 120320 120320 0 120 120
20230511 16:27:50.701 14 0 0 11 0 0 0 75 14 0 0 1430 530 0 373 3 4.01 2.41 2.20 3 1 130 0 8 0 0 0 0 0 0 10 250 260 400 83200 83600 0 40 40
20230511 16:27:50.801 18 0 2 5 0 2 0 72 23 0 0 4010 1610 0 373 3 4.01 2.41 2.20 3 1 20 0 1 0 0 20 0 0 0 10 1850 1860 200 385159 385359 0 500 500
20230511 16:27:50.901 18 0 5 3 0 0 0 75 23 0 0 5600 2710 0 373 3 4.01 2.41 2.20 3 1 10 0 1 0 0 0 0 0 0 10 4090 4100 400 841961 842361 0 650 650
20230511 16:27:51.001 18 0 3 2 0 0 0 77 21 0 0 4040 1350 0 373 3 4.01 2.41 2.20 3 0 120 0 7 0 0 0 0 0 0 10 2470 2480 160 477680 477840 0 190 190
20230511 16:27:51.101 18 0 2 0 0 1 0 80 20 0 0 1460 750 0 373 3 4.01 2.41 2.20 3 0 120 0 7 0 0 0 0 0 0 0 0 0 0 0 0 0 0 0
20230511 16:27:51.201 12 0 1 2 0 0 0 85 13 0 0 4110 6790 0 372 2 4.01 2.41 2.20 1 1 70 0 4 0 0 0 0 0 0 2860 0 2860 137880 0 137880 0 0 0
20230511 16:27:51.301 4 0 3 4 0 0 0 89 8 0 0 4220 11780 0 372 1 4.01 2.41 2.20 2 0 60 0 4 0 0 0 0 0 0 3310 0 3310 381279 0 381279 0 0 0
20230511 16:27:51.401 7 0 2 3 0 0 0 87 10 0 0 3360 9820 0 372 2 4.01 2.41 2.20 2 0 0 0 0 0 0 0 0 0 0 2530 0 2530 323840 0 323840 0 0 0
20230511 16:27:51.501 8 0 4 4 0 0 0 85 11 0 0 3450 9470 0 372 2 4.01 2.41 2.20 2 0 10 0 1 0 0 0 0 0 0 1890 0 1890 241480 0 241480 0 0 0
20230511 16:27:51.601 6 0 4 3 0 0 0 88 9 0 0 3070 7030 0 372 2 4.01 2.41 2.20 2 0 20 0 1 0 0 0 0 0 0 1780 0 1780 227840 0 227840 0 0 0
20230511 16:27:51.701 7 0 5 2 0 0 0 86 12 0 0 2560 6410 0 372 2 4.01 2.41 2.20 2 0 30 0 2 0 0 0 0 0 0 1520 0 1520 194560 0 194560 0 0 0
20230511 16:27:51.801 6 0 6 2 0 0 0 87 11 0 0 3060 6680 0 372 2 4.01 2.41 2.20 2 0 50 0 3 0 0 0 0 0 0 1530 0 1530 195840 0 195840 0 0 0
20230511 16:27:51.901 7 0 4 2 0 1 0 86 12 0 0 2780 8510 0 372 2 4.01 2.41 2.20 2 0 80 0 5 0 0 0 0 0 0 1530 0 1530 195840 0 195840 0 0 0
20230511 16:27:52.001 6 0 5 1 0 0 0 88 11 0 0 2550 6200 0 372 2 4.01 2.41 2.20 1 1 20 0 1 0 0 0 0 0 0 1440 0 1440 181760 0 181760 0 0 0
20230511 16:27:52.101 8 0 3 2 0 0 0 87 11 0 0 2420 6090 0 372 1 4.01 2.41 2.20 2 0 0 0 0 0 0 0 0 0 0 1450 0 1450 184760 0 184760 0 0 0
20230511 16:27:52.201 7 0 3 2 0 0 0 88 10 0 0 2310 5970 0 372 2 4.01 2.41 2.20 1 1 20 10 2 2 0 0 0 0 0 1500 0 1500 192000 0 192000 0 0 0
20230511 16:27:52.301 7 0 3 1 0 0 0 89 10 0 0 1980 4500 0 372 2 4.01 2.41 2.20 2 0 40 0 2 0 0 0 0 0 0 1050 0 1050 130280 0 130280 0 0 0
20230511 16:27:52.401 9 0 4 1 0 0 0 86 12 0 0 2490 6100 0 372 2 4.01 2.41 2.20 2 0 100 0 6 0 0 0 0 0 0 1380 0 1380 128800 0 128800 0 0 0
20230511 16:27:52.501 10 0 5 1 0 0 0 85 14 0 0 1880 3190 0 372 2 4.01 2.41 2.20 2 0 30 0 2 0 0 0 0 0 0 310 0 310 33520 0 33520 0 0 0
20230511 16:27:52.601 11 0 2 0 0 1 0 87 13 0 0 1680 1360 0 372 2 4.01 2.41 2.20 2 0 30 0 2 0 0 30 0 0 0 340 0 340 40280 0 40280 0 0 0
20230511 16:27:52.701 11 0 1 1 0 1 0 86 13 0 0 1450 1930 0 372 2 4.01 2.41 2.20 2 0 50 10 3 1 0 0 0 0 0 430 0 430 49760 0 49760 0 0 0
20230511 16:27:52.801 9 0 4 5 0 0 0 82 13 0 0 5060 3960 0 372 2 4.01 2.41 2.20 2 1 20 0 1 0 0 10 0 0 0 340 3250 3590 38240 542279 580519 0 250 250
20230511 16:27:52.901 9 0 5 6 0 1 0 80 15 0 0 7290 4460 0 372 2 4.01 2.41 2.20 1 2 0 0 0 0 0 0 0 0 0 300 5820 6120 36400 1101041 1137441 0 490 490
20230511 16:27:53.001 9 0 2 9 0 0 0 79 12 0 0 6360 4060 0 372 1 4.01 2.41 2.20 1 3 10 0 1 0 0 0 0 0 0 270 4680 4950 33000 819921 852921 0 210 210
20230511 16:27:53.101 7 0 3 7 0 0 0 83 11 0 0 1910 1410 0 372 1 4.01 2.41 2.20 1 2 80 0 5 0 0 10 0 0 0 130 810 940 10720 118080 128800 0 80 80
20230511 16:27:53.201 9 0 0 10 0 0 0 81 9 0 0 1580 1140 0 372 2 4.01 2.41 2.20 2 1 230 0 13 0 0 0 0 0 0 190 460 650 18080 78080 96160 0 80 80
20230511 16:27:53.301 12 0 2 6 0 1 0 80 15 0 0 1760 820 0 372 2 4.01 2.41 2.20 2 1 100 0 6 0 0 10 0 0 0 0 650 650 0 120320 120320 0 100 100
20230511 16:27:53.401 13 0 1 4 0 0 0 82 13 0 0 1240 290 0 372 2 4.01 2.41 2.20 2 1 0 0 0 0 0 0 0 0 0 0 380 380 0 78640 78640 0 20 20
20230511 16:27:53.501 8 0 3 2 0 0 0 88 10 0 0 1780 2410 100 373 2 4.01 2.41 2.20 2 1 0 0 0 0 0 0 0 0 0 0 440 440 0 117560 117560 0 10 10
20230511 16:27:53.601 5 0 1 8 0 0 0 86 6 0 0 2750 1930 180 371 0 4.01 2.41 2.20 0 2 20 0 1 0 0 0 0 0 0 0 460 460 0 80640 80640 0 50 50
20230511 16:27:53.701 2 0 1 9 0 0 0 88 3 0 0 890 570 0 371 1 4.01 2.41 2.20 1 1 10 0 1 0 0 0 0 0 0 30 530 560 1920 79400 81320 0 10 10
20230511 16:27:53.801 8 0 3 8 0 1 0 80 12 0 0 3370 3690 280 371 1 4.01 2.41 2.20 1 2 60 0 4 0 0 0 0 0 0 0 940 940 0 228720 228720 0 920 920
20230511 16:27:53.901 7 0 1 1 0 0 0 91 8 0 0 1420 840 0 371 1 4.01 2.41 2.20 1 0 40 0 2 0 0 0 0 0 0 0 230 230 0 15480 15480 0 0 0
20230511 16:27:54.001 6 0 0 0 0 0 0 94 6 0 0 830 620 0 371 1 4.01 2.41 2.20 1 0 80 0 5 0 0 0 0 0 0 0 0 0 0 0 0 0 0 0
20230511 16:27:54.101 6 0 0 0 0 0 0 94 6 0 0 480 280 0 371 1 4.01 2.41 2.20 1 0 0 0 0 0 0 0 0 0 0 0 0 0 0 0 0 0 0 0
20230511 16:27:54.201 6 0 0 0 0 0 0 94 6 0 0 370 160 0 371 1 4.01 2.41 2.20 1 0 10 0 1 0 0 0 0 0 0 0 0 0 0 0 0 0 0 0
20230511 16:27:54.301 6 0 1 0 0 0 0 93 7 0 0 550 460 0 371 1 4.01 2.41 2.20 1 0 50 0 3 0 0 20 0 0 0 0 0 0 0 0 0 0 0 0
20230511 16:27:54.401 6 0 0 0 0 0 0 94 6 0 0 490 4170 0 371 1 4.01 2.41 2.20 1 0 30 10 2 1 0 0 0 0 0 0 0 0 0 0 0 0 0 0
20230511 16:27:54.501 5 0 4 0 0 0 0 91 9 0 0 1240 2080 0 371 1 3.77 2.38 2.19 1 0 80 10 5 1 0 0 0 0 0 0 0 0 0 0 0 0 0 0
20230511 16:27:54.601 4 0 1 1 0 1 0 94 6 0 0 2460 4030 0 371 1 3.77 2.38 2.19 1 0 90 0 5 0 0 40 0 0 0 1780 0 1780 49640 0 49640 0 0 0
20230511 16:27:54.701 3 0 1 1 0 0 0 95 4 0 0 1430 2550 0 371 1 3.77 2.38 2.19 1 0 20 0 1 0 0 0 0 0 0 1070 0 1070 68840 0 68840 0 0 0
20230511 16:27:54.801 3 0 4 1 0 0 0 91 7 0 0 2190 3810 0 371 1 3.77 2.38 2.19 1 0 30 0 2 0 0 10 0 0 0 870 0 870 107560 0 107560 0 0 0
20230511 16:27:54.901 3 0 3 1 0 0 0 93 6 0 0 1940 5800 0 371 1 3.77 2.38 2.19 0 1 10 10 1 1 0 0 0 0 0 1250 0 1250 160000 0 160000 0 0 0
20230511 16:27:55.001 3 0 2 1 0 0 0 94 5 0 0 1840 4970 0 371 0 3.77 2.38 2.19 1 0 20 0 1 0 0 0 0 0 0 1160 0 1160 148480 0 148480 0 0 0
20230511 16:27:55.101 4 0 2 1 0 0 0 93 6 0 0 1490 4050 0 371 1 3.77 2.38 2.19 0 1 10 0 1 0 0 0 0 0 0 930 0 930 119040 0 119040 0 0 0
20230511 16:27:55.201 4 0 6 1 0 0 0 89 10 0 0 2680 4390 30 372 3 3.77 2.38 2.19 1 1 260 20 16 2 0 0 0 0 0 880 0 880 112640 0 112640 0 0 0
20230511 16:27:55.301 5 0 2 1 0 0 0 91 7 0 0 2290 5310 0 371 1 3.77 2.38 2.19 1 0 60 40 7 5 0 0 0 0 0 1050 0 1050 134400 0 134400 0 0 0
20230511 16:27:55.401 3 0 3 1 0 0 0 94 6 0 0 1320 3620 0 371 0 3.77 2.38 2.19 1 0 70 20 5 2 0 20 0 0 0 790 0 790 101120 0 101120 0 0 0
20230511 16:27:55.501 3 0 4 1 0 0 0 92 7 0 0 1980 5410 0 371 1 3.77 2.38 2.19 1 0 20 20 2 2 0 0 0 0 0 860 0 860 107560 0 107560 0 0 0
20230511 16:27:55.601 3 0 3 1 0 0 0 94 5 0 0 1890 3690 0 371 1 3.77 2.38 2.19 0 1 50 20 4 2 0 10 0 0 0 770 0 770 98560 0 98560 0 0 0
20230511 16:27:55.701 4 0 2 1 0 0 0 93 6 0 0 1390 3260 0 371 1 3.77 2.38 2.19 1 0 20 0 4 0 0 0 0 0 0 800 0 800 102360 0 102360 0 0 0
20230511 16:27:55.801 4 0 4 1 0 1 0 91 8 0 0 2220 3450 0 371 1 3.77 2.38 2.19 1 0 120 0 7 0 0 0 0 0 0 730 0 730 93200 0 93200 0 0 0
20230511 16:27:55.901 6 0 2 1 0 0 0 92 7 0 0 1080 1660 0 371 1 3.77 2.38 2.19 1 0 130 0 8 0 0 10 0 0 0 280 0 280 30200 0 30200 0 0 0
20230511 16:27:56.001 6 0 1 1 0 0 0 93 7 0 0 1290 2580 0 371 0 3.77 2.38 2.19 1 0 30 0 2 0 0 0 0 0 0 520 0 520 67360 0 67360 10 0 10
20230511 16:27:56.101 4 0 1 1 0 0 0 94 5 0 0 1340 3240 0 371 1 3.77 2.38 2.19 1 0 0 0 0 0 0 10 0 0 0 800 0 800 101920 0 101920 0 0 0
20230511 16:27:56.201 4 0 1 1 0 0 0 94 5 0 0 1280 3210 0 371 1 3.77 2.38 2.19 0 1 0 0 0 0 0 0 0 0 0 780 0 780 99840 0 99840 0 0 0
20230511 16:27:56.301 4 0 2 1 0 0 0 93 6 0 0 1560 3190 0 371 1 3.77 2.38 2.19 1 0 220 0 13 0 0 0 0 0 0 740 0 740 93480 0 93480 0 0 0
20230511 16:27:56.401 4 0 2 1 0 0 0 94 6 0 0 1490 5400 0 371 1 3.77 2.38 2.19 1 0 30 0 2 0 0 20 0 0 0 780 0 780 99840 0 99840 0 0 0
20230511 16:27:56.501 4 0 4 1 0 0 0 91 8 0 0 2020 4820 0 371 1 3.77 2.38 2.19 1 0 60 0 4 0 0 0 0 0 0 750 0 750 96000 0 96000 0 0 0
20230511 16:27:56.601 4 0 2 1 0 0 0 94 6 0 0 1900 3560 0 371 1 3.77 2.38 2.19 0 1 60 0 4 0 0 30 0 0 0 850 0 850 108800 0 108800 0 0 0
20230511 16:27:56.701 2 0 3 1 0 0 0 93 6 0 0 1420 3460 0 371 1 3.77 2.38 2.19 1 0 10 0 1 0 0 0 0 0 0 880 0 880 112640 0 112640 0 0 0
20230511 16:27:56.801 4 0 3 1 0 0 0 92 7 0 0 2230 3820 0 371 1 3.77 2.38 2.19 1 0 20 0 1 0 0 0 0 0 0 840 0 840 107520 0 107520 0 0 0
20230511 16:27:56.901 5 0 2 1 0 0 0 92 7 0 0 1710 6190 0 371 1 3.77 2.38 2.19 1 0 20 0 1 0 0 10 0 0 0 880 0 880 112640 0 112640 0 0 0
20230511 16:27:57.001 4 0 2 1 0 0 0 93 7 0 0 1370 3140 0 371 1 3.77 2.38 2.19 0 1 20 0 1 0 0 0 0 0 0 670 0 670 85760 0 85760 0 0 0
20230511 16:27:57.101 1 0 3 6 0 0 0 89 4 0 0 1980 2850 0 371 2 3.77 2.38 2.19 0 2 0 0 0 0 0 0 0 0 0 440 910 1350 53680 553119 606799 0 470 470
20230511 16:27:57.201 2 0 2 9 0 1 0 86 5 0 0 2000 1600 0 371 0 3.77 2.38 2.19 0 2 250 0 15 0 0 0 0 0 0 250 810 1060 29360 817921 847281 0 340 340
20230511 16:27:57.301 1 0 2 9 0 0 0 88 3 0 0 2030 2300 0 371 1 3.77 2.38 2.19 2 0 10 0 1 0 0 0 0 0 0 360 920 1280 44760 915639 960399 0 590 590
20230511 16:27:57.401 3 0 2 4 0 0 0 91 4 0 0 3840 5010 0 371 1 3.77 2.38 2.19 0 1 20 10 2 1 0 10 0 0 0 560 2600 3160 71600 746601 818201 0 900 900
20230511 16:27:57.501 4 0 4 1 0 0 0 90 9 0 0 1960 4800 0 371 1 3.77 2.38 2.19 1 0 20 0 1 0 0 0 0 0 0 740 0 740 90680 0 90680 0 0 0
20230511 16:27:57.601 5 0 1 0 0 0 0 94 6 0 0 1540 1620 0 371 1 3.77 2.38 2.19 1 0 40 0 2 0 0 0 0 0 0 630 0 630 38160 0 38160 0 0 0
20230511 16:27:57.701 4 0 1 1 0 0 0 94 6 0 0 940 2080 0 371 1 3.77 2.38 2.19 1 0 0 0 0 0 0 0 0 0 0 520 0 520 61520 0 61520 0 0 0
20230511 16:27:57.801 5 0 3 1 0 0 0 92 8 0 0 2030 3010 0 371 0 3.77 2.38 2.19 1 0 20 0 1 0 0 0 0 0 0 730 0 730 89480 0 89480 0 0 0
20230511 16:27:57.901 4 0 4 1 0 1 0 91 8 0 0 1240 2720 0 371 1 3.77 2.38 2.19 1 0 50 0 3 0 0 0 0 0 0 500 0 500 64000 0 64000 0 0 0
20230511 16:27:58.001 4 0 1 3 0 0 0 92 5 0 0 1300 2450 0 371 0 3.77 2.38 2.19 0 2 30 0 2 0 0 0 0 0 0 560 30 590 69000 680 69680 10 140 150
20230511 16:27:58.101 1 0 0 8 0 0 0 91 1 0 0 450 790 0 371 0 3.77 2.38 2.19 0 1 10 0 1 0 0 10 0 0 0 160 10 170 21760 40 21800 10 0 10
20230511 16:27:58.201 3 0 1 2 0 0 0 94 4 0 0 730 1430 0 371 1 3.77 2.38 2.19 1 0 0 0 0 0 0 0 0 0 0 460 0 460 54520 0 54520 0 0 0
20230511 16:27:58.301 6 0 1 1 0 0 0 93 7 0 0 980 1520 0 371 1 3.77 2.38 2.19 1 0 130 0 8 0 0 0 0 0 0 370 0 370 39600 0 39600 0 0 0
20230511 16:27:58.401 6 0 1 0 0 0 0 94 6 0 0 590 1690 0 371 1 3.77 2.38 2.19 1 0 30 0 2 0 0 0 0 0 0 120 0 120 14120 0 14120 0 0 0
20230511 16:27:58.501 7 0 2 0 0 0 0 91 9 0 0 1180 1990 0 371 1 3.77 2.38 2.19 1 0 20 0 1 0 0 0 0 0 0 10 0 10 40 0 40 0 0 0
20230511 16:27:58.601 6 0 0 0 0 0 0 94 6 0 0 780 240 0 371 1 3.77 2.38 2.19 1 0 40 0 2 0 0 40 0 0 0 0 0 0 0 0 0 0 0 0
20230511 16:27:58.701 6 0 0 0 0 0 0 94 6 0 0 450 240 0 371 1 3.77 2.38 2.19 1 0 30 0 2 0 0 0 0 0 0 0 0 0 0 0 0 0 0 0
20230511 16:27:58.801 6 0 2 0 0 0 0 92 8 0 0 1270 860 0 371 1 3.77 2.38 2.19 1 0 20 0 1 0 0 0 0 0 0 0 20 20 0 1680 1680 0 400 400
20230511 16:27:58.901 7 0 1 0 0 0 0 92 8 0 0 660 830 0 371 1 3.77 2.38 2.19 1 0 20 0 1 0 0 10 0 0 0 0 0 0 0 0 0 0 0 0
20230511 16:27:59.001 6 0 0 0 0 0 0 94 6 0 0 830 710 0 371 1 3.77 2.38 2.19 1 0 120 0 7 0 0 0 0 0 0 0 0 0 0 0 0 0 0 0
20230511 16:27:59.101 5 0 1 0 0 0 0 94 6 0 0 520 420 0 371 1 3.77 2.38 2.19 1 0 0 0 0 0 0 10 0 0 0 0 0 0 0 0 0 0 0 0
20230511 16:27:59.201 6 0 1 0 0 0 0 93 7 0 0 460 140 0 371 1 3.77 2.38 2.19 1 0 120 0 7 0 0 0 0 0 0 0 0 0 0 0 0 0 0 0
20230511 16:27:59.301 4 0 2 1 0 0 0 93 6 0 0 690 1360 0 370 1 3.77 2.38 2.19 1 0 30 10 2 2 0 0 0 0 0 80 0 80 320 0 320 0 0 0
20230511 16:27:59.401 1 0 6 0 0 0 0 93 7 0 0 590 3000 0 370 1 3.77 2.38 2.19 1 0 10 10 1 1 0 0 0 0 0 0 0 0 0 0 0 0 0 0
20230511 16:27:59.501 1 0 8 0 0 0 0 92 8 0 0 1320 3190 0 370 1 3.54 2.36 2.18 1 0 60 10 4 1 0 0 0 0 0 0 0 0 0 0 0 0 0 0
20230511 16:27:59.601 1 0 6 0 0 1 0 93 7 0 0 1000 1480 0 370 1 3.54 2.36 2.18 1 0 30 0 2 0 0 0 0 0 0 0 0 0 0 0 0 0 0 0
20230511 16:27:59.701 1 0 7 1 0 0 0 91 8 0 0 2450 2220 0 370 1 3.54 2.36 2.18 1 1 10 10 1 1 0 0 0 0 0 0 1880 1880 0 471520 471520 0 10 10
20230511 16:27:59.801 1 0 8 4 0 0 0 87 9 0 0 2910 3070 0 370 1 3.54 2.36 2.18 1 1 30 0 2 0 0 0 0 0 0 0 1260 1260 0 526759 526759 0 480 480
20230511 16:27:59.901 0 0 7 6 0 0 0 86 7 0 0 1100 2350 0 370 1 3.54 2.36 2.18 1 1 50 10 3 1 0 0 0 0 0 0 180 180 0 107520 107520 0 220 220
20230511 16:28:00.001 1 0 6 6 0 0 0 88 6 0 0 990 2160 0 370 1 3.54 2.36 2.18 1 1 20 0 1 0 0 0 0 0 0 0 300 300 0 120320 120320 0 200 200
20230511 16:28:00.101 1 0 2 10 0 0 0 88 2 0 0 660 610 0 370 0 3.54 2.36 2.18 0 2 10 0 1 0 0 0 0 0 0 0 270 270 0 80640 80640 0 0 0
20230511 16:28:00.201 0 0 2 8 0 0 0 91 2 0 0 560 720 0 370 1 3.54 2.36 2.18 1 1 10 0 1 0 0 0 0 0 0 0 220 220 0 120320 120320 0 270 270
20230511 16:28:00.301 1 0 4 13 0 0 0 82 5 0 0 1160 1110 40 372 0 3.54 2.36 2.18 0 3 20 0 1 0 0 0 0 0 0 0 110 110 0 79360 79360 0 0 0
20230511 16:28:00.401 0 0 1 18 0 0 0 81 1 0 0 650 2460 0 372 0 3.54 2.36 2.18 0 3 70 0 4 0 0 0 0 0 0 0 140 140 0 75520 75520 0 0 0
20230511 16:28:00.501 1 0 8 11 0 1 0 80 9 0 0 2040 5160 50 373 1 3.54 2.36 2.18 1 1 10 0 1 0 0 0 0 0 0 10 420 430 40 360960 361000 0 160 160
20230511 16:28:00.601 1 0 4 4 0 0 0 91 5 0 0 5020 5660 0 373 1 3.54 2.36 2.18 2 0 30 30 2 4 0 30 0 0 0 10 1680 1690 40 754559 754599 0 1190 1190
