Date Time [CPU]User% [CPU]Nice% [CPU]Sys% [CPU]Wait% [CPU]Irq% [CPU]Soft% [CPU]Steal% [CPU]Idle% [CPU]Totl% [CPU]Guest% [CPU]GuestN% [CPU]Intrpt/sec [CPU]Ctx/sec [CPU]Proc/sec [CPU]ProcQue [CPU]ProcRun [CPU]L-Avg1 [CPU]L-Avg5 [CPU]L-Avg15 [CPU]RunTot [CPU]BlkTot [NET]RxPktTot [NET]TxPktTot [NET]RxKBTot [NET]TxKBTot [NET]RxCmpTot [NET]RxMltTot [NET]TxCmpTot [NET]RxErrsTot [NET]TxErrsTot [DSK]ReadTot [DSK]WriteTot [DSK]OpsTot [DSK]ReadKBTot [DSK]WriteKBTot [DSK]KbTot [DSK]ReadMrgTot [DSK]WriteMrgTot [DSK]MrgTot
20230511 16:07:17.001 36 0 2 0 0 0 0 61 39 0 0 2390 3960 0 400 6 1.72 2.06 1.19 6 0 160 10 11 1 0 10 0 0 0 0 0 0 0 0 0 0 0 0
20230511 16:07:17.101 34 0 7 0 0 0 0 59 41 0 0 2470 3310 90 403 6 1.72 2.06 1.19 6 0 10 10 1 1 0 0 0 0 0 0 0 0 0 0 0 0 0 0
20230511 16:07:17.201 35 0 4 0 0 0 0 61 39 0 0 3000 6480 0 403 6 1.72 2.06 1.19 6 0 50 70 6 7 0 0 0 0 0 0 0 0 0 0 0 0 0 0
20230511 16:07:17.301 35 0 3 0 0 0 0 62 38 0 0 2190 3960 0 403 6 1.72 2.06 1.19 6 0 60 10 4 1 0 20 0 0 0 0 0 0 0 0 0 0 0 0
20230511 16:07:17.401 34 0 5 0 0 0 0 61 39 0 0 2210 2170 0 403 6 1.72 2.06 1.19 6 0 20 0 1 0 0 0 0 0 0 0 0 0 0 0 0 0 0 0
20230511 16:07:17.501 34 0 4 0 0 0 0 62 38 0 0 2920 810 0 403 6 1.72 2.06 1.19 6 0 120 0 7 0 0 0 0 0 0 0 0 0 0 0 0 0 0 0
20230511 16:07:17.601 34 0 4 0 0 0 0 62 38 0 0 2010 840 0 403 6 1.72 2.06 1.19 6 0 20 0 1 0 0 0 0 0 0 0 0 0 0 0 0 0 0 0
20230511 16:07:17.701 36 0 5 0 0 0 0 59 41 0 0 3360 5760 0 403 6 1.72 2.06 1.19 6 0 90 60 8 7 0 0 0 0 0 0 0 0 0 0 0 0 0 0
20230511 16:07:17.801 34 0 4 0 0 0 0 62 38 0 0 2400 4110 0 403 6 1.72 2.06 1.19 6 0 60 20 4 2 0 0 0 0 0 0 0 0 0 0 0 0 0 0
20230511 16:07:17.901 34 0 3 0 0 2 0 60 40 0 0 2470 5300 0 403 6 1.72 2.06 1.19 6 0 50 20 4 2 0 0 0 0 0 0 0 0 0 0 0 0 0 0
20230511 16:07:18.001 36 0 1 0 0 0 0 62 38 0 0 2380 4620 0 403 6 1.72 2.06 1.19 6 0 90 20 7 3 0 0 0 0 0 0 0 0 0 0 0 0 0 0
20230511 16:07:18.101 36 0 2 0 0 0 0 62 38 0 0 2010 4190 20 403 7 1.72 2.06 1.19 7 0 40 0 2 0 0 0 0 0 0 0 0 0 0 0 0 0 0 0
20230511 16:07:18.201 34 0 3 0 0 2 0 60 40 0 0 2810 3790 10 400 6 1.72 2.06 1.19 6 0 40 10 3 1 0 0 0 0 0 0 0 0 0 0 0 0 0 0
20230511 16:07:18.301 35 0 3 0 0 0 0 62 38 0 0 2120 2420 0 400 6 1.72 2.06 1.19 6 0 30 10 2 1 0 10 0 0 0 0 0 0 0 0 0 0 0 0
20230511 16:07:18.401 36 0 4 0 0 0 0 61 39 0 0 2250 5090 0 400 7 1.72 2.06 1.19 8 1 0 0 0 0 0 0 0 0 0 0 40 40 0 2560 2560 0 600 600
20230511 16:07:18.501 36 0 2 0 0 0 0 62 38 0 0 2870 3360 0 400 6 2.07 2.13 1.22 6 0 0 0 0 0 0 20 0 0 0 0 10 10 0 40 40 0 0 0
20230511 16:07:18.601 37 0 1 0 0 0 0 62 38 0 0 2120 600 0 400 6 2.07 2.13 1.22 6 0 0 0 0 0 0 0 0 0 0 0 0 0 0 0 0 0 0 0
20230511 16:07:18.701 37 0 3 0 0 0 0 60 40 0 0 3120 1110 0 400 6 2.07 2.13 1.22 6 0 20 0 1 0 0 0 0 0 0 0 0 0 0 0 0 0 0 0
20230511 16:07:18.801 37 0 1 0 0 0 0 62 38 0 0 2170 1730 0 400 6 2.07 2.13 1.22 6 0 20 0 1 0 0 0 0 0 0 0 0 0 0 0 0 0 0 0
20230511 16:07:18.901 35 0 2 0 0 2 0 61 39 0 0 2220 4670 0 400 6 2.07 2.13 1.22 6 0 10 0 1 0 0 0 0 0 0 0 0 0 0 0 0 0 0 0
20230511 16:07:19.001 37 0 1 0 0 0 0 62 38 0 0 2160 3450 0 400 6 2.07 2.13 1.22 6 0 120 0 7 0 0 10 0 0 0 0 0 0 0 0 0 0 0 0
20230511 16:07:19.101 37 0 1 0 0 0 0 62 38 0 0 1940 980 0 400 6 2.07 2.13 1.22 6 0 10 0 1 0 0 0 0 0 0 0 0 0 0 0 0 0 0 0
20230511 16:07:19.201 37 0 1 0 0 0 0 62 38 0 0 2130 1750 0 400 6 2.07 2.13 1.22 6 0 0 0 0 0 0 0 0 0 0 0 0 0 0 0 0 0 0 0
20230511 16:07:19.301 37 0 1 0 0 0 0 62 38 0 0 1990 640 0 400 6 2.07 2.13 1.22 6 0 10 0 1 0 0 0 0 0 0 0 0 0 0 0 0 0 0 0
20230511 16:07:19.401 37 0 2 1 0 0 0 60 39 0 0 2210 3780 0 400 6 2.07 2.13 1.22 8 1 20 0 1 0 0 0 0 0 0 0 20 20 0 800 800 0 180 180
20230511 16:07:19.501 34 0 4 0 0 0 0 62 38 0 0 2750 3480 0 400 6 2.07 2.13 1.22 6 0 20 0 1 0 0 0 0 0 0 0 0 0 0 0 0 0 0 0
20230511 16:07:19.601 35 0 3 0 0 0 0 62 38 0 0 1990 3600 0 400 6 2.07 2.13 1.22 6 0 60 0 4 0 0 0 0 0 0 0 0 0 0 0 0 0 0 0
20230511 16:07:19.701 36 0 4 0 0 1 0 60 40 0 0 3050 3970 0 400 6 2.07 2.13 1.22 6 0 20 0 1 0 0 0 0 0 0 0 0 0 0 0 0 0 0 0
20230511 16:07:19.801 38 0 0 0 0 0 0 62 38 0 0 2170 4210 0 400 6 2.07 2.13 1.22 6 0 50 10 3 1 0 10 0 0 0 0 0 0 0 0 0 0 0 0
20230511 16:07:19.901 35 0 2 0 0 1 0 62 38 0 0 2170 4260 0 400 6 2.07 2.13 1.22 6 0 10 0 1 0 0 0 0 0 0 0 0 0 0 0 0 0 0 0
20230511 16:07:20.001 37 0 1 0 0 0 0 62 38 0 0 2120 1390 0 400 6 2.07 2.13 1.22 6 0 30 0 2 0 0 0 0 0 0 0 0 0 0 0 0 0 0 0
20230511 16:07:20.101 36 0 2 0 0 0 0 62 38 0 0 1980 1900 0 400 6 2.07 2.13 1.22 6 0 20 0 1 0 0 0 0 0 0 0 0 0 0 0 0 0 0 0
20230511 16:07:20.201 36 0 1 0 0 0 0 63 37 0 0 2070 2960 0 400 6 2.07 2.13 1.22 6 0 20 10 1 1 0 0 0 0 0 0 0 0 0 0 0 0 0 0
20230511 16:07:20.301 37 0 1 0 0 0 0 61 39 0 0 1980 1140 0 400 6 2.07 2.13 1.22 6 0 10 0 1 0 0 0 0 0 0 0 0 0 0 0 0 0 0 0
20230511 16:07:20.401 34 0 5 0 0 0 0 61 39 0 0 2310 2910 0 400 6 2.07 2.13 1.22 7 0 20 0 1 0 0 0 0 0 0 0 0 0 0 0 0 0 0 0
20230511 16:07:20.501 36 0 2 0 0 0 0 62 38 0 0 2850 3390 0 400 6 2.07 2.13 1.22 6 0 0 10 0 1 0 0 0 0 0 0 0 0 0 0 0 0 0 0
20230511 16:07:20.601 37 0 1 0 0 0 0 62 38 0 0 2250 3080 0 400 6 2.07 2.13 1.22 6 0 20 10 2 1 0 0 0 0 0 0 0 0 0 0 0 0 0 0
20230511 16:07:20.701 36 0 4 0 0 1 0 60 40 0 0 4000 3150 0 400 6 2.07 2.13 1.22 6 0 40 0 2 0 0 0 0 0 0 0 630 630 0 7760 7760 0 1070 1070
20230511 16:07:20.801 32 0 6 0 0 0 0 62 38 0 0 2260 680 0 400 6 2.07 2.13 1.22 6 0 20 0 1 0 0 0 0 0 0 0 0 0 0 0 0 0 0 0
20230511 16:07:20.901 31 0 6 0 0 2 0 61 39 0 0 2370 1180 0 400 6 2.07 2.13 1.22 6 0 10 0 1 0 0 0 0 0 0 0 0 0 0 0 0 0 0 0
20230511 16:07:21.001 34 0 4 0 0 0 0 62 38 0 0 2220 830 0 400 6 2.07 2.13 1.22 6 0 110 0 6 0 0 0 0 0 0 0 0 0 0 0 0 0 0 0
20230511 16:07:21.101 36 0 2 0 0 1 0 62 38 0 0 2270 6400 0 400 6 2.07 2.13 1.22 6 0 20 0 1 0 0 20 0 0 0 0 0 0 0 0 0 0 0 0
20230511 16:07:21.201 37 0 1 0 0 0 0 62 38 0 0 2150 1860 0 400 6 2.07 2.13 1.22 6 0 50 0 3 0 0 0 0 0 0 0 0 0 0 0 0 0 0 0
20230511 16:07:21.301 35 0 3 0 0 0 0 62 38 0 0 2120 500 0 400 6 2.07 2.13 1.22 6 0 10 0 1 0 0 10 0 0 0 0 0 0 0 0 0 0 0 0
20230511 16:07:21.401 34 0 5 0 0 0 0 61 39 0 0 2270 1930 20 401 7 2.07 2.13 1.22 8 0 30 0 2 0 0 0 0 0 0 0 0 0 0 0 0 0 0 0
20230511 16:07:21.501 37 0 4 0 0 1 0 59 41 0 0 4130 3100 280 400 6 2.07 2.13 1.22 6 0 10 0 1 0 0 0 0 0 0 0 0 0 0 0 0 0 0 0
20230511 16:07:21.601 35 0 2 0 0 1 0 62 38 0 0 2660 4800 0 400 6 2.07 2.13 1.22 6 0 20 0 1 0 0 0 0 0 0 0 0 0 0 0 0 0 0 0
20230511 16:07:21.701 36 0 6 0 0 2 0 56 44 0 0 3520 7560 300 400 6 2.07 2.13 1.22 6 0 20 0 1 0 0 0 0 0 0 0 0 0 0 0 0 0 0 0
20230511 16:07:21.801 37 0 1 0 0 1 0 62 38 0 0 3480 1480 0 400 6 2.07 2.13 1.22 6 0 60 0 4 0 0 0 0 0 0 0 0 0 0 0 0 0 0 0
20230511 16:07:21.901 35 0 3 0 0 0 0 62 38 0 0 2200 840 0 400 6 2.07 2.13 1.22 6 0 10 0 1 0 0 0 0 0 0 0 0 0 0 0 0 0 0 0
20230511 16:07:22.001 31 0 7 0 0 0 0 62 38 0 0 2210 730 0 400 6 2.07 2.13 1.22 6 0 40 10 3 1 0 0 0 0 0 0 0 0 0 0 0 0 0 0
20230511 16:07:22.101 34 0 9 1 0 1 0 56 43 0 0 4770 4560 80 403 7 2.07 2.13 1.22 7 1 20 0 1 0 0 0 0 0 0 0 1410 1410 0 441799 441799 0 70 70
20230511 16:07:22.201 37 0 2 5 0 0 0 56 39 0 0 4560 4550 10 403 6 2.07 2.13 1.22 6 1 10 0 1 0 0 0 0 0 0 70 1610 1680 1320 670721 672041 0 70 70
20230511 16:07:22.301 31 0 7 6 0 0 0 56 38 0 0 5090 3760 0 403 5 2.07 2.13 1.22 6 1 10 0 1 0 0 0 0 0 0 390 2480 2870 40040 773119 813159 0 20 20
20230511 16:07:22.401 21 0 13 5 0 0 0 61 34 0 0 5400 15780 0 403 5 2.07 2.13 1.22 3 1 10 0 1 0 0 0 0 0 0 150 3310 3460 19200 775041 794241 0 40 40
20230511 16:07:22.501 24 0 12 3 0 0 0 61 36 0 0 10290 17450 0 403 6 2.07 2.13 1.22 6 1 0 0 0 0 0 0 0 0 0 260 7170 7430 33280 1100441 1133721 0 40 40
20230511 16:07:22.601 23 0 14 4 0 0 0 58 37 0 0 7560 13260 0 403 7 2.07 2.13 1.22 5 0 0 0 0 0 0 10 0 0 0 270 4970 5240 33280 1095278 1128558 0 70 70
20230511 16:07:22.701 22 0 10 13 0 0 0 55 32 0 0 3320 4950 0 403 4 2.07 2.13 1.22 4 3 20 0 1 0 0 0 0 0 0 150 450 600 19200 198400 217600 0 10 10
20230511 16:07:22.801 27 0 6 10 0 0 0 57 33 0 0 2530 3310 0 403 7 2.07 2.13 1.22 4 3 30 0 2 0 0 10 0 0 0 420 200 620 53760 81920 135680 0 0 0
20230511 16:07:22.901 28 0 5 11 0 1 0 56 33 0 0 2840 3650 0 403 4 2.07 2.13 1.22 4 3 10 0 1 0 0 0 0 0 0 560 330 890 71680 116480 188160 0 10 10
20230511 16:07:23.001 24 0 6 14 0 0 0 56 30 0 0 2260 2390 0 403 4 2.07 2.13 1.22 4 3 30 0 2 0 0 0 0 0 0 210 250 460 26880 80640 107520 0 10 10
20230511 16:07:23.101 23 0 8 10 0 0 0 59 31 0 0 2550 4110 0 403 6 2.07 2.13 1.22 6 1 70 0 4 0 0 30 0 0 0 550 290 840 69160 106240 175400 0 0 0
20230511 16:07:23.201 24 0 6 15 0 0 0 55 30 0 0 3090 4090 30 400 6 2.07 2.13 1.22 4 3 20 0 1 0 0 0 0 0 0 270 310 580 34560 96800 131360 0 0 0
20230511 16:07:23.301 28 0 5 11 0 0 0 57 33 0 0 3080 5360 0 400 5 2.07 2.13 1.22 5 2 0 0 0 0 0 10 0 0 0 810 380 1190 103680 80640 184320 0 20 20
20230511 16:07:23.401 26 0 12 7 0 0 0 56 37 0 0 5130 11750 0 400 5 2.07 2.13 1.22 8 4 20 0 1 0 0 0 0 0 0 650 1720 2370 83200 610241 693441 0 180 180
20230511 16:07:23.501 24 0 1 15 0 0 0 60 26 0 0 2400 2540 0 400 6 3.18 2.36 1.30 6 1 0 0 0 0 0 0 0 0 0 100 140 240 12800 46120 58920 0 0 0
20230511 16:07:23.601 24 0 8 8 0 0 0 60 32 0 0 4100 10170 0 400 6 3.18 2.36 1.30 4 3 20 0 1 0 0 10 0 0 0 920 880 1800 116520 294400 410919 0 10 10
20230511 16:07:23.701 26 0 8 9 0 0 0 58 34 0 0 5360 9750 0 400 6 3.18 2.36 1.30 6 1 110 0 6 0 0 0 0 0 0 1150 970 2120 143200 359240 502440 0 20 20
20230511 16:07:23.801 23 0 8 8 0 1 0 61 32 0 0 5390 18060 0 400 5 3.18 2.36 1.30 5 2 60 0 4 0 0 0 0 0 0 1070 2350 3420 134800 727359 862159 0 20 20
20230511 16:07:23.901 32 0 6 6 0 0 0 56 38 0 0 5310 16260 0 400 6 3.18 2.36 1.30 7 0 0 0 0 0 0 0 0 0 0 460 2500 2960 58880 894281 953161 0 60 60
20230511 16:07:24.001 30 0 6 6 0 1 0 58 37 0 0 4920 14390 0 400 5 3.18 2.36 1.30 7 0 10 0 1 0 0 0 0 0 0 510 2510 3020 65280 903001 968281 0 60 60
20230511 16:07:24.101 31 0 5 6 0 0 0 58 36 0 0 3950 11570 0 400 6 3.18 2.36 1.30 5 2 20 0 1 0 0 0 0 0 0 420 1580 2000 53760 401479 455239 0 10 10
20230511 16:07:24.201 30 0 6 5 0 0 0 59 36 0 0 2700 4450 0 400 6 3.18 2.36 1.30 5 1 0 0 0 0 0 0 0 0 0 500 150 650 64000 61600 125600 0 0 0
20230511 16:07:24.301 28 0 7 2 0 1 0 61 37 0 0 2510 2950 0 400 5 3.18 2.36 1.30 6 0 30 0 2 0 0 0 0 0 0 470 0 470 60160 0 60160 0 0 0
20230511 16:07:24.401 32 0 4 2 0 1 0 60 38 0 0 2930 5300 0 400 5 3.18 2.36 1.30 8 2 30 10 2 1 0 0 0 0 0 550 10 560 65240 1920 67160 0 470 470
20230511 16:07:24.501 30 0 2 16 0 0 0 53 32 0 0 2430 2140 10 401 5 3.18 2.36 1.30 5 3 0 0 0 0 0 0 0 0 0 10 0 10 1280 0 1280 0 0 0
20230511 16:07:24.601 28 0 4 19 0 0 0 50 31 0 0 1870 1220 0 401 5 3.18 2.36 1.30 5 3 10 0 1 0 0 20 0 0 0 0 0 0 0 0 0 0 0 0
20230511 16:07:24.701 30 0 5 17 0 1 0 47 35 0 0 2750 1450 0 401 5 3.18 2.36 1.30 5 3 50 0 3 0 0 0 0 0 0 0 0 0 0 0 0 0 0 0
20230511 16:07:24.801 30 0 1 16 0 0 0 52 31 0 0 1910 1990 0 401 5 3.18 2.36 1.30 5 3 30 10 2 1 0 10 0 0 0 0 10 10 0 0 0 0 0 0
20230511 16:07:24.901 29 0 2 13 0 1 0 54 32 0 0 2120 1680 0 401 5 3.18 2.36 1.30 5 2 10 0 1 0 0 0 0 0 0 20 40 60 2560 480 3040 0 80 80
20230511 16:07:25.001 30 0 3 5 0 0 0 63 32 0 0 2070 1890 0 400 6 3.18 2.36 1.30 6 0 40 0 2 0 0 0 0 0 0 150 10 160 19200 40 19240 0 0 0
20230511 16:07:25.101 34 0 4 1 0 0 0 61 37 0 0 3110 8510 0 400 7 3.18 2.36 1.30 6 1 20 0 1 0 0 20 0 0 0 80 660 740 8600 158320 166920 0 10 10
20230511 16:07:25.201 35 0 3 4 0 0 0 57 39 0 0 3770 8100 0 400 6 3.18 2.36 1.30 7 0 60 0 4 0 0 0 0 0 0 0 1230 1230 0 388680 388680 0 20 20
20230511 16:07:25.301 34 0 6 4 0 0 0 56 40 0 0 3760 5040 0 400 6 3.18 2.36 1.30 6 1 0 0 0 0 0 0 0 0 0 0 1640 1640 0 719359 719359 0 40 40
20230511 16:07:25.401 35 0 7 3 0 0 0 55 42 0 0 4820 5020 0 400 6 3.18 2.36 1.30 7 1 20 0 1 0 0 0 0 0 0 0 2570 2570 0 842521 842521 0 60 60
20230511 16:07:25.501 35 0 3 5 0 1 0 56 39 0 0 3440 2480 0 400 6 3.18 2.36 1.30 6 1 0 10 0 1 0 0 0 0 0 0 1040 1040 0 228920 228920 0 190 190
20230511 16:07:25.601 37 0 1 5 0 0 0 57 38 0 0 2550 2250 0 400 6 3.18 2.36 1.30 6 1 40 30 4 3 0 0 0 0 0 0 380 380 0 122880 122880 0 10 10
20230511 16:07:25.701 35 0 5 6 0 0 0 54 40 0 0 3240 3970 0 400 6 3.18 2.36 1.30 6 1 60 10 6 1 0 0 0 0 0 0 250 250 0 79360 79360 0 20 20
20230511 16:07:25.801 36 0 2 6 0 0 0 56 38 0 0 2360 2350 0 400 6 3.18 2.36 1.30 6 1 40 0 2 0 0 0 0 0 0 0 340 340 0 116480 116480 0 0 0
20230511 16:07:25.901 34 0 4 6 0 0 0 56 38 0 0 2610 3300 0 400 6 3.18 2.36 1.30 6 1 40 0 2 0 0 20 0 0 0 0 280 280 0 84480 84480 0 10 10
20230511 16:07:26.001 34 0 4 6 0 0 0 56 38 0 0 2300 3080 0 400 6 3.18 2.36 1.30 6 1 20 0 1 0 0 0 0 0 0 0 280 280 0 81880 81880 0 0 0
20230511 16:07:26.101 32 0 2 10 0 0 0 56 34 0 0 2470 3820 0 400 5 3.18 2.36 1.30 5 2 20 0 1 0 0 0 0 0 0 0 610 610 0 197080 197080 0 10 10
20230511 16:07:26.201 30 0 4 5 0 0 0 61 34 0 0 6050 7380 0 400 7 3.18 2.36 1.30 4 3 0 0 0 0 0 0 0 0 0 850 3320 4170 78240 729841 808081 0 10 10
20230511 16:07:26.301 28 0 5 11 0 0 0 56 33 0 0 6430 16080 0 400 4 3.18 2.36 1.30 5 2 20 0 1 0 0 0 0 0 0 810 3960 4770 103680 760759 864439 0 30 30
20230511 16:07:26.401 27 0 8 11 0 0 0 54 35 0 0 4770 12360 0 400 4 3.18 2.36 1.30 11 1 20 0 1 0 0 10 0 0 0 630 1750 2380 79400 285240 364640 0 0 0
20230511 16:07:26.501 27 0 7 10 0 2 0 55 36 0 0 4220 6730 0 400 5 3.18 2.36 1.30 6 1 10 0 1 0 0 0 0 0 0 830 520 1350 106240 80600 186840 0 10 10
20230511 16:07:26.601 28 0 5 11 0 0 0 56 33 0 0 3720 6420 0 400 5 3.18 2.36 1.30 5 2 20 0 1 0 0 10 0 0 0 910 560 1470 116480 80640 197120 0 0 0
20230511 16:07:26.701 29 0 6 11 0 0 0 55 35 0 0 4490 8260 0 400 6 3.18 2.36 1.30 4 3 100 0 6 0 0 0 0 0 0 940 650 1590 120320 101120 221440 0 0 0
20230511 16:07:26.801 29 0 6 10 0 0 0 56 34 0 0 3290 6600 0 400 5 3.18 2.36 1.30 5 2 30 0 2 0 0 0 0 0 0 690 530 1220 88320 98880 187200 0 0 0
20230511 16:07:26.901 29 0 5 9 0 0 0 57 34 0 0 3310 4820 0 400 5 3.18 2.36 1.30 6 1 10 0 1 0 0 20 0 0 0 700 350 1050 89600 80640 170240 0 10 10
20230511 16:07:27.001 31 0 4 10 0 0 0 55 35 0 0 3000 4660 0 400 5 3.18 2.36 1.30 6 1 60 0 4 0 0 0 0 0 0 680 340 1020 87040 80640 167680 0 20 20
20230511 16:07:27.101 27 0 8 9 0 0 0 57 35 0 0 4280 10910 0 400 6 3.18 2.36 1.30 4 3 10 0 1 0 0 20 0 0 0 580 1770 2350 74240 445039 519279 0 10 10
20230511 16:07:27.201 29 0 5 7 0 0 0 59 34 0 0 7780 14750 0 400 6 3.18 2.36 1.30 4 3 160 0 9 0 0 0 0 0 0 510 4410 4920 65280 843561 908841 0 50 50
20230511 16:07:27.301 27 0 6 9 0 0 0 58 32 0 0 5910 12490 0 400 4 3.18 2.36 1.30 5 2 50 0 3 0 0 0 0 0 0 440 3510 3950 56320 642119 698439 0 40 40
20230511 16:07:27.401 29 0 8 9 0 0 0 54 37 0 0 3400 6260 0 400 6 3.18 2.36 1.30 12 1 10 0 1 0 0 0 0 0 0 510 730 1240 65240 131840 197080 0 0 0
20230511 16:07:27.501 32 0 3 6 0 1 0 59 35 0 0 3570 4000 0 400 5 3.18 2.36 1.30 6 1 10 0 1 0 0 0 0 0 0 250 550 800 32000 109640 141640 0 10 10
20230511 16:07:27.601 32 0 5 2 0 0 0 60 37 0 0 2840 3460 0 400 6 3.18 2.36 1.30 6 1 0 0 0 0 0 10 0 0 0 160 490 650 19600 79200 98800 0 0 0
20230511 16:07:27.701 36 0 4 3 0 0 0 57 40 0 0 3710 5860 0 400 6 3.18 2.36 1.30 6 1 40 0 2 0 0 0 0 0 0 0 520 520 0 118800 118800 0 20 20
20230511 16:07:27.801 33 0 4 6 0 1 0 56 38 0 0 2470 2770 0 400 6 3.18 2.36 1.30 6 1 60 0 4 0 0 0 0 0 0 0 320 320 0 83200 83200 0 0 0
20230511 16:07:27.901 36 0 3 4 0 0 0 57 38 0 0 3040 2390 0 400 6 3.18 2.36 1.30 6 1 20 0 1 0 0 0 0 0 0 0 610 610 0 121520 121520 0 0 0
20230511 16:07:28.001 34 0 4 5 0 1 0 56 39 0 0 3240 5050 0 400 6 3.18 2.36 1.30 6 1 10 0 1 0 0 0 0 0 0 0 1280 1280 0 240600 240600 0 0 0
20230511 16:07:28.101 34 0 8 2 0 0 0 56 42 0 0 6780 7790 0 400 6 3.18 2.36 1.30 6 1 40 0 2 0 0 0 0 0 0 0 4440 4440 0 857319 857319 0 40 40
20230511 16:07:28.201 32 0 8 3 0 0 0 57 40 0 0 6190 8460 0 400 5 3.18 2.36 1.30 5 2 20 0 1 0 0 0 0 0 0 0 3990 3990 0 833401 833401 0 70 70
20230511 16:07:28.301 29 0 6 6 0 0 0 59 36 0 0 6110 3280 0 400 6 3.18 2.36 1.30 6 1 20 0 1 0 0 0 0 0 0 360 3860 4220 17160 879319 896479 0 20 20
20230511 16:07:28.401 27 0 11 4 0 0 0 58 38 0 0 6490 10980 0 400 6 3.18 2.36 1.30 7 0 20 0 1 0 0 0 0 0 0 1710 2470 4180 201000 392680 593681 0 20 20
20230511 16:07:28.501 27 0 7 3 0 0 0 63 34 0 0 4820 9070 0 400 6 3.49 2.44 1.33 5 1 20 0 1 0 0 0 0 0 0 2150 0 2150 275200 0 275200 0 0 0
20230511 16:07:28.601 29 0 7 2 0 1 0 62 36 0 0 3860 8390 0 400 6 3.49 2.44 1.33 5 1 20 0 1 0 0 0 0 0 0 1890 0 1890 241920 0 241920 0 0 0
20230511 16:07:28.701 29 0 8 2 0 0 0 60 37 0 0 4710 8480 0 400 6 3.49 2.44 1.33 5 1 100 0 6 0 0 0 0 0 0 1780 0 1780 227560 0 227560 0 0 0
20230511 16:07:28.801 30 0 5 2 0 1 0 62 35 0 0 4050 8330 0 400 5 3.49 2.44 1.33 6 0 30 0 2 0 0 0 0 0 0 2040 0 2040 261120 0 261120 0 0 0
20230511 16:07:28.901 30 0 6 2 0 0 0 62 36 0 0 3610 6850 0 400 5 3.49 2.44 1.33 5 1 20 0 1 0 0 10 0 0 0 1530 0 1530 194600 0 194600 0 0 0
20230511 16:07:29.001 30 0 6 2 0 1 0 61 37 0 0 3570 6740 0 400 6 3.49 2.44 1.33 6 0 30 0 2 0 0 0 0 0 0 1550 0 1550 196560 0 196560 0 0 0
20230511 16:07:29.101 31 0 4 4 0 0 0 61 35 0 0 5690 8290 0 400 6 3.49 2.44 1.33 5 2 110 0 6 0 0 20 0 0 0 1390 2270 3660 170760 357799 528559 0 0 0
20230511 16:07:29.201 30 0 5 8 0 0 0 58 35 0 0 5960 9100 0 400 6 3.49 2.44 1.33 6 1 170 0 10 0 0 0 0 0 0 550 2990 3540 68640 736041 804681 0 20 20
20230511 16:07:29.301 36 0 2 6 0 0 0 56 38 0 0 3070 7520 0 400 6 3.49 2.44 1.33 6 1 40 0 2 0 0 0 0 0 0 10 880 890 40 152320 152360 0 0 0
20230511 16:07:29.401 35 0 4 4 0 1 0 57 40 0 0 2860 8650 0 400 6 3.49 2.44 1.33 7 3 10 0 1 0 0 10 0 0 0 0 490 490 0 80200 80200 0 10 10
20230511 16:07:29.501 36 0 2 10 0 0 0 51 38 0 0 2680 10950 0 400 6 3.49 2.44 1.33 6 2 10 0 1 0 0 0 0 0 0 0 160 160 0 33680 33680 0 740 740
20230511 16:07:29.601 29 0 2 18 0 1 0 50 32 0 0 2160 2770 0 400 5 3.49 2.44 1.33 5 3 10 0 1 0 0 20 0 0 0 0 220 220 0 33280 33280 0 0 0
20230511 16:07:29.701 29 0 4 18 0 0 0 49 32 0 0 2600 2260 0 400 5 3.49 2.44 1.33 5 3 40 0 2 0 0 0 0 0 0 0 0 0 0 0 0 0 0 0
20230511 16:07:29.801 31 0 2 16 0 0 0 52 32 0 0 2330 3420 0 400 6 3.49 2.44 1.33 6 1 40 10 2 1 0 0 0 0 0 320 250 570 3760 77720 81480 0 10 10
20230511 16:07:29.901 32 0 3 9 0 0 0 57 35 0 0 3830 18460 0 400 5 3.49 2.44 1.33 4 2 130 0 8 0 0 0 0 0 0 630 270 900 24480 105560 130040 0 10 10
20230511 16:07:30.001 20 0 9 12 0 1 0 58 30 0 0 8690 88340 0 400 7 3.49 2.44 1.33 3 4 10 0 1 0 0 0 0 0 0 1690 950 2640 82720 232000 314720 0 20 20
20230511 16:07:30.101 17 0 10 13 0 1 0 60 28 0 0 5040 11120 0 400 2 3.49 2.44 1.33 2 5 140 0 8 0 0 0 0 0 0 1450 1630 3080 138480 353039 491519 0 10 10
20230511 16:07:30.201 15 0 5 14 0 0 0 66 20 0 0 5010 8500 0 400 6 3.49 2.44 1.33 4 3 30 0 2 0 0 0 0 0 0 1600 2130 3730 153840 333080 486920 0 10 10
20230511 16:07:30.301 21 0 3 11 0 0 0 65 24 0 0 5830 10640 0 400 5 3.49 2.44 1.33 3 4 10 0 1 0 0 0 0 0 0 1970 2410 4380 251400 391679 643079 0 10 10
20230511 16:07:30.401 20 0 9 10 0 0 0 61 29 0 0 5950 14630 0 400 4 3.49 2.44 1.33 11 4 10 0 1 0 0 10 0 0 0 1600 2050 3650 204800 340800 545601 0 0 0
20230511 16:07:30.501 12 0 1 37 0 1 0 50 13 0 0 1950 2000 0 400 2 3.49 2.44 1.33 2 6 60 10 4 1 0 0 0 0 0 40 60 100 5120 5560 10680 0 90 90
20230511 16:07:30.601 12 0 2 34 0 1 0 52 14 0 0 1270 1030 0 400 2 3.49 2.44 1.33 2 6 50 10 4 1 0 0 0 0 0 40 30 70 5120 7680 12800 0 0 0
20230511 16:07:30.701 12 0 2 37 0 0 0 49 14 0 0 2030 1160 0 400 2 3.49 2.44 1.33 2 6 0 0 0 0 0 0 0 0 0 0 0 0 0 0 0 0 0 0
20230511 16:07:30.801 13 0 2 24 0 0 0 60 15 0 0 2420 4860 0 400 2 3.49 2.44 1.33 2 5 40 10 2 1 0 0 0 0 0 760 440 1200 97280 64040 161320 0 0 0
20230511 16:07:30.901 19 0 10 14 0 1 0 56 30 0 0 5290 10540 20 402 4 3.49 2.44 1.33 5 2 130 20 8 2 0 10 0 0 0 1520 520 2040 194560 75520 270080 0 0 0
20230511 16:07:31.001 22 0 3 15 0 1 0 60 25 0 0 4060 8760 0 402 6 3.49 2.44 1.33 4 3 20 0 1 0 0 0 0 0 0 1650 630 2280 211200 92160 303360 0 0 0
20230511 16:07:31.101 17 0 3 20 0 1 0 58 21 0 0 4810 10800 0 402 4 3.49 2.44 1.33 4 3 50 20 9 12 0 10 0 0 0 2610 570 3180 240800 90880 331680 0 0 0
20230511 16:07:31.201 15 0 3 24 0 0 0 58 18 0 0 4420 10300 0 402 2 3.49 2.44 1.33 2 5 50 0 3 0 0 0 0 0 0 2750 360 3110 290480 52480 342960 0 0 0
20230511 16:07:31.301 10 0 12 19 0 0 0 60 22 0 0 6400 20790 0 402 0 3.49 2.44 1.33 1 6 90 20 8 10 0 0 0 0 0 2700 1780 4480 289960 274200 564159 0 10 10
20230511 16:07:31.401 9 0 14 18 0 1 0 59 23 0 0 5920 23970 0 402 3 3.49 2.44 1.33 6 2 40 0 3 0 0 10 0 0 0 2140 2080 4220 272640 289680 562321 0 0 0
20230511 16:07:31.501 12 0 11 17 0 0 0 59 24 0 0 5780 15420 0 402 5 3.49 2.44 1.33 2 5 10 10 1 1 0 0 0 0 0 1910 1310 3220 244480 275720 520200 0 10 10
20230511 16:07:31.601 8 0 11 19 0 0 0 62 19 0 0 6810 22860 0 402 5 3.49 2.44 1.33 1 6 20 20 2 2 0 0 0 0 0 2290 2830 5120 293120 517479 810599 0 0 0
20230511 16:07:31.701 10 0 12 14 0 0 0 64 22 0 0 8320 25520 0 402 3 3.49 2.44 1.33 3 1 40 0 2 0 0 0 0 0 0 1880 4000 5880 240640 772481 1013121 0 40 40
20230511 16:07:31.801 2 0 4 35 0 0 0 58 7 0 0 1710 5050 0 402 0 3.49 2.44 1.33 0 8 120 20 8 2 0 0 0 0 0 270 390 660 34560 147760 182320 0 120 120
20230511 16:07:31.901 1 0 1 43 0 0 0 56 1 0 0 690 1160 0 400 0 3.49 2.44 1.33 0 8 40 10 3 1 0 10 0 0 0 60 10 70 7680 7680 15360 0 0 0
20230511 16:07:32.001 0 0 0 44 0 0 0 56 0 0 0 900 400 0 400 0 3.49 2.44 1.33 0 8 10 0 1 0 0 0 0 0 0 0 0 0 0 0 0 0 0 0
20230511 16:07:32.101 0 0 1 39 0 0 0 60 1 0 0 500 2350 0 400 3 3.49 2.44 1.33 5 2 40 20 2 3 0 0 0 0 0 130 40 170 16640 19240 35880 0 0 0
20230511 16:07:32.201 8 0 11 19 0 0 0 62 19 0 0 3960 12040 0 400 5 3.49 2.44 1.33 4 3 120 0 7 0 0 0 0 0 0 2050 210 2260 262400 122200 384600 0 10 10
20230511 16:07:32.301 7 0 14 18 0 0 0 61 20 0 0 3220 10030 0 400 2 3.49 2.44 1.33 4 3 20 0 1 0 0 0 0 0 0 1700 130 1830 217600 76800 294400 0 10 10
20230511 16:07:32.401 11 0 12 19 0 0 0 58 23 0 0 3840 12430 0 400 2 3.49 2.44 1.33 9 2 20 0 1 0 0 0 0 0 0 1850 150 2000 236800 89600 326400 0 0 0
20230511 16:07:32.501 8 0 11 21 0 0 0 61 18 0 0 4440 12240 0 400 0 3.49 2.44 1.33 0 7 60 0 4 0 0 0 0 0 0 1920 250 2170 245760 99280 345040 0 120 120
20230511 16:07:32.601 6 0 5 27 0 0 0 63 11 0 0 2620 7510 0 400 1 3.49 2.44 1.33 2 5 20 0 1 0 0 0 0 0 0 1350 190 1540 172800 107600 280400 0 0 0
20230511 16:07:32.701 7 0 9 19 0 1 0 65 16 0 0 5430 15880 0 400 0 3.49 2.44 1.33 1 6 0 0 0 0 0 10 0 0 0 2450 720 3170 312440 284840 597281 0 330 330
20230511 16:07:32.801 9 0 13 19 0 0 0 59 21 0 0 4150 13360 0 400 3 3.49 2.44 1.33 4 3 20 0 1 0 0 0 0 0 0 2200 510 2710 280680 286720 567399 0 30 30
20230511 16:07:32.901 7 0 11 16 0 0 0 66 18 0 0 3910 13070 0 400 5 3.49 2.44 1.33 0 7 20 0 1 0 0 0 0 0 0 1510 590 2100 191360 235600 426960 0 0 0
20230511 16:07:33.001 4 0 11 11 0 0 0 74 15 0 0 4160 16880 0 400 5 3.49 2.44 1.33 5 2 120 0 7 0 0 0 0 0 0 1450 1290 2740 182440 520800 703241 0 40 40
20230511 16:07:33.101 4 0 11 13 0 0 0 71 16 0 0 3850 14520 0 400 0 3.49 2.44 1.33 4 1 50 0 3 0 0 0 0 0 0 1370 1190 2560 174920 474999 649919 0 20 20
20230511 16:07:33.201 2 0 7 26 0 1 0 64 10 0 0 1600 5480 0 400 1 3.49 2.44 1.33 3 2 50 0 3 0 0 10 0 0 0 540 230 770 67400 110080 177480 0 0 0
20230511 16:07:33.301 12 0 11 11 0 0 0 66 23 0 0 2990 11210 0 400 4 3.49 2.44 1.33 3 4 30 0 2 0 0 0 0 0 0 1260 300 1560 156960 96960 253920 0 10 10
20230511 16:07:33.401 9 0 16 11 0 0 0 64 25 0 0 4120 13580 0 400 2 3.49 2.44 1.33 9 3 80 0 5 0 0 10 0 0 0 1780 320 2100 223200 70600 293800 0 30 30
20230511 16:07:33.501 8 0 6 11 0 1 0 74 15 0 0 4920 9980 0 400 3 3.77 2.51 1.36 5 2 10 0 1 0 0 0 0 0 0 990 650 1640 124200 115760 239960 0 490 490
20230511 16:07:33.601 6 0 4 16 0 0 0 73 11 0 0 5820 4980 0 400 2 3.77 2.51 1.36 0 2 10 0 1 0 0 0 0 0 0 620 450 1070 76880 81240 158120 0 990 990
20230511 16:07:33.701 6 0 4 27 0 1 0 63 10 0 0 2610 4070 0 400 0 3.77 2.51 1.36 0 5 10 0 1 0 0 0 0 0 0 380 420 800 47320 80800 128120 0 100 100
20230511 16:07:33.801 7 0 3 17 0 0 0 74 10 0 0 3190 4670 0 400 6 3.77 2.51 1.36 5 1 30 0 2 0 0 0 0 0 0 560 670 1230 61440 174280 235720 0 490 490
20230511 16:07:33.901 17 0 11 14 0 0 0 59 28 0 0 6610 12580 0 400 7 3.77 2.51 1.36 6 1 20 0 1 0 0 0 0 0 0 1040 3530 4570 132080 715841 847921 0 30 30
20230511 16:07:34.001 24 0 7 11 0 0 0 58 31 0 0 7000 10280 0 400 5 3.77 2.51 1.36 6 1 10 0 1 0 0 0 0 0 0 960 4250 5210 117960 694721 812681 0 380 380
20230511 16:07:34.101 21 0 6 14 0 0 0 59 27 0 0 4560 9840 0 400 6 3.77 2.51 1.36 6 1 30 0 2 0 0 0 0 0 0 1010 1570 2580 102960 433959 536919 0 30 30
20230511 16:07:34.201 25 0 6 11 0 0 0 58 31 0 0 4040 9810 0 400 4 3.77 2.51 1.36 6 1 210 0 12 0 0 10 0 0 0 1270 380 1650 160680 113240 273920 0 10 10
20230511 16:07:34.301 19 0 6 12 0 0 0 64 24 0 0 2830 4850 0 400 2 3.77 2.51 1.36 2 4 20 0 1 0 0 0 0 0 0 870 280 1150 111360 79600 190960 0 10 10
20230511 16:07:34.401 14 0 5 12 0 0 0 69 19 0 0 2090 3260 0 400 1 3.77 2.51 1.36 2 4 10 0 1 0 0 0 0 0 0 310 220 530 39680 120960 160640 0 500 500
20230511 16:07:34.501 14 0 2 22 0 0 0 61 16 0 0 1710 2060 0 400 3 3.77 2.51 1.36 3 5 20 0 1 0 0 0 0 0 0 130 50 180 16640 42880 59520 0 10 10
20230511 16:07:34.601 18 0 2 31 0 0 0 50 19 0 0 1520 1200 0 400 3 3.77 2.51 1.36 3 5 20 0 1 0 0 0 0 0 0 30 60 90 3840 43960 47800 0 0 0
20230511 16:07:34.701 17 0 2 30 0 2 0 48 21 0 0 2120 1150 0 400 3 3.77 2.51 1.36 3 5 20 0 1 0 0 0 0 0 0 0 0 0 0 0 0 0 0 0
20230511 16:07:34.801 17 0 2 31 0 0 0 50 19 0 0 1300 960 0 400 3 3.77 2.51 1.36 3 5 20 10 1 1 0 0 0 0 0 0 0 0 0 0 0 0 0 0
20230511 16:07:34.901 15 0 4 10 0 0 0 71 19 0 0 3590 5370 0 400 4 3.77 2.51 1.36 3 4 30 0 2 0 0 0 0 0 0 450 680 1130 52320 215040 267360 0 60 60
20230511 16:07:35.001 17 0 3 10 0 0 0 70 20 0 0 3790 6130 0 400 4 3.77 2.51 1.36 5 2 120 0 7 0 0 0 0 0 0 910 690 1600 112800 291200 404000 10 10 20
20230511 16:07:35.101 21 0 8 14 0 0 0 57 29 0 0 3400 6340 0 400 4 3.77 2.51 1.36 5 2 40 0 2 0 0 0 0 0 0 1070 380 1450 132520 290440 422959 0 40 40
20230511 16:07:35.201 16 0 5 10 0 0 0 69 21 0 0 3140 6350 0 400 4 3.77 2.51 1.36 2 3 50 0 3 0 0 10 0 0 0 930 410 1340 113960 223400 337360 0 10 10
20230511 16:07:35.301 23 0 8 11 0 0 0 58 31 0 0 4610 10450 0 400 5 3.77 2.51 1.36 4 3 20 0 1 0 0 0 0 0 0 1570 1190 2760 183280 699239 882519 0 80 80
20230511 16:07:35.401 22 0 7 16 0 0 0 55 29 0 0 3610 5640 0 401 5 3.77 2.51 1.36 10 1 140 0 8 0 0 10 0 0 0 690 740 1430 88320 331320 419640 0 40 40
20230511 16:07:35.501 21 0 9 14 0 0 0 56 30 0 0 4860 8550 280 400 4 3.77 2.51 1.36 4 3 0 10 0 1 0 0 0 0 0 930 350 1280 112480 80120 192600 0 0 0
20230511 16:07:35.601 26 0 2 15 0 0 0 56 29 0 0 2340 2480 0 400 5 3.77 2.51 1.36 5 2 50 10 4 1 0 0 0 0 0 180 230 410 21480 80640 102120 0 10 10
20230511 16:07:35.701 29 0 5 12 0 1 0 52 35 0 0 3720 6790 280 400 6 3.77 2.51 1.36 6 1 10 0 1 0 0 0 0 0 0 150 500 650 16720 161280 178000 0 0 0
20230511 16:07:35.801 26 0 4 12 0 0 0 58 30 0 0 3190 3830 0 400 4 3.77 2.51 1.36 4 3 10 0 1 0 0 0 0 0 0 280 260 540 27160 80680 107840 0 0 0
20230511 16:07:35.901 17 0 2 10 0 0 0 71 19 0 0 4190 3890 0 400 6 3.77 2.51 1.36 4 3 100 0 6 0 0 0 0 0 0 600 470 1070 24720 114680 139400 0 440 440
20230511 16:07:36.001 25 0 1 13 0 0 0 61 26 0 0 3720 5260 0 400 6 3.77 2.51 1.36 6 1 0 0 0 0 0 0 0 0 0 1390 340 1730 81680 86240 167920 0 80 80
20230511 16:07:36.101 22 0 3 8 0 0 0 67 25 0 0 3810 5250 0 400 5 3.77 2.51 1.36 4 3 10 0 1 0 0 0 0 0 0 1000 980 1980 57920 487839 545759 0 170 170
20230511 16:07:36.201 18 0 7 15 0 0 0 59 25 0 0 6160 8940 0 400 4 3.77 2.51 1.36 6 1 40 0 2 0 0 0 0 0 0 2750 950 3700 206360 564161 770521 0 120 120
20230511 16:07:36.301 17 0 7 18 0 0 0 58 24 0 0 4000 6140 0 400 3 3.77 2.51 1.36 3 4 80 0 5 0 0 0 0 0 0 1340 650 1990 146400 624839 771239 0 20 20
20230511 16:07:36.401 20 0 6 19 0 0 0 54 26 0 0 3830 6820 0 400 5 3.77 2.51 1.36 10 2 10 0 1 0 0 0 0 0 0 1210 690 1900 144480 696361 840841 10 10 20
20230511 16:07:36.501 22 0 6 15 0 0 0 57 28 0 0 4240 5970 0 400 4 3.77 2.51 1.36 6 1 10 0 1 0 0 0 0 0 0 970 910 1880 118360 936961 1055321 100 30 130
20230511 16:07:36.601 24 0 8 9 0 0 0 58 33 0 0 6910 12490 0 400 5 3.77 2.51 1.36 5 2 20 0 1 0 0 0 0 0 0 1240 3880 5120 152440 856119 1008559 80 60 140
20230511 16:07:36.701 25 0 9 4 0 1 0 61 35 0 0 4960 10210 0 400 6 3.77 2.51 1.36 5 1 0 0 0 0 0 0 0 0 0 1960 270 2230 234200 92760 326960 110 50 160
20230511 16:07:36.801 28 0 7 3 0 0 0 62 35 0 0 4490 8840 0 400 9 3.77 2.51 1.36 4 2 30 0 2 0 0 0 0 0 0 2390 0 2390 269440 0 269440 220 0 220
20230511 16:07:36.901 22 0 4 14 0 0 0 60 26 0 0 2620 3340 0 400 5 3.77 2.51 1.36 5 1 0 0 0 0 0 0 0 0 0 670 40 710 84800 840 85640 70 170 240
20230511 16:07:37.001 25 0 5 8 0 0 0 63 30 0 0 3220 5690 0 400 5 3.77 2.51 1.36 6 0 80 0 5 0 0 0 0 0 0 1410 0 1410 178840 0 178840 30 0 30
20230511 16:07:37.101 23 0 6 7 0 0 0 64 29 0 0 3460 6640 0 400 6 3.77 2.51 1.36 5 1 70 0 4 0 0 0 0 0 0 1530 0 1530 190080 0 190080 240 0 240
20230511 16:07:37.201 25 0 3 9 0 0 0 63 28 0 0 3670 7130 0 400 4 3.77 2.51 1.36 5 1 20 0 1 0 0 20 0 0 0 1640 0 1640 203800 0 203800 60 0 60
20230511 16:07:37.301 31 0 3 5 0 0 0 61 34 0 0 3310 5180 0 400 6 3.77 2.51 1.36 4 2 20 0 1 0 0 0 0 0 0 1190 0 1190 150320 0 150320 0 0 0
20230511 16:07:37.401 28 0 5 6 0 0 0 61 33 0 0 3390 5700 0 400 5 3.77 2.51 1.36 10 1 110 0 6 0 0 20 0 0 0 1070 0 1070 129680 0 129680 40 0 40
20230511 16:07:37.501 28 0 3 6 0 0 0 63 31 0 0 3480 5770 0 400 5 3.77 2.51 1.36 5 1 0 0 0 0 0 0 0 0 0 1240 0 1240 153920 0 153920 40 0 40
20230511 16:07:37.601 27 0 4 6 0 0 0 63 31 0 0 2820 4540 0 400 5 3.77 2.51 1.36 4 2 20 0 1 0 0 0 0 0 0 1020 0 1020 119440 0 119440 10 0 10
20230511 16:07:37.701 24 0 4 10 0 1 0 61 29 0 0 4630 8120 0 400 3 3.77 2.51 1.36 4 2 10 0 1 0 0 10 0 0 0 2330 0 2330 186080 0 186080 0 0 0
20230511 16:07:37.801 4 0 3 34 0 0 0 59 6 0 0 2380 4860 0 400 0 3.77 2.51 1.36 0 7 10 10 1 1 0 0 0 0 0 1530 120 1650 118640 119040 237680 10 0 10
20230511 16:07:37.901 2 0 4 37 0 0 0 56 7 0 0 1170 2780 0 400 0 3.77 2.51 1.36 1 6 30 0 2 0 0 10 0 0 0 320 110 430 39880 115200 155080 0 0 0
20230511 16:07:38.001 8 0 8 27 0 0 0 57 16 0 0 2790 6900 0 400 2 3.77 2.51 1.36 3 4 20 0 1 0 0 0 0 0 0 1420 80 1500 177960 81920 259880 20 0 20
20230511 16:07:38.101 11 0 10 20 0 0 0 58 22 0 0 3600 10580 0 400 3 3.77 2.51 1.36 4 3 10 0 1 0 0 0 0 0 0 2050 80 2130 260080 81920 342000 40 0 40
20230511 16:07:38.201 12 0 9 20 0 0 0 58 22 0 0 3780 9630 0 400 5 3.77 2.51 1.36 3 3 40 0 2 0 0 0 0 0 0 2040 80 2120 255120 81920 337040 50 0 50
20230511 16:07:38.301 8 0 17 15 0 0 0 60 24 0 0 3990 12000 0 400 4 3.77 2.51 1.36 3 4 20 0 1 0 0 0 0 0 0 2100 390 2490 266440 395919 662359 30 0 30
20230511 16:07:38.403 16 0 14 18 0 1 0 52 30 0 0 5314 13304 0 400 0 3.77 2.51 1.36 9 1 10 0 1 0 0 0 0 0 0 2696 392 3088 340353 401569 741922 29 0 29
20230511 16:07:38.501 11 0 14 17 0 0 0 58 25 0 0 5561 14184 0 400 3 4.03 2.59 1.39 3 2 0 0 0 0 0 0 0 0 0 2602 439 3041 327552 431552 759104 82 20 102
20230511 16:07:38.601 11 0 14 15 0 0 0 60 25 0 0 4500 13620 0 400 2 4.03 2.59 1.39 1 6 30 0 2 0 0 0 0 0 0 2080 700 2780 258520 429519 688039 60 30 90
20230511 16:07:38.701 12 0 12 16 0 1 0 60 24 0 0 5100 13740 0 400 0 4.03 2.59 1.39 0 7 0 0 0 0 0 10 0 0 0 1710 610 2320 208840 434840 643681 80 30 110
20230511 16:07:38.801 12 0 11 14 0 0 0 62 24 0 0 5600 20580 0 400 2 4.03 2.59 1.39 2 1 20 0 1 0 0 0 0 0 0 1850 2090 3940 232440 645639 878079 120 20 140
20230511 16:07:38.901 14 0 10 13 0 0 0 62 24 0 0 7840 28780 0 400 4 4.03 2.59 1.39 3 2 10 0 1 0 0 0 0 0 0 1910 3810 5720 236360 804841 1041201 150 20 170
20230511 16:07:39.001 18 0 11 8 0 0 0 63 28 0 0 7270 25480 0 400 4 4.03 2.59 1.39 3 2 30 0 2 0 0 0 0 0 0 920 4290 5210 115520 918361 1033881 60 40 100
20230511 16:07:39.101 18 0 10 15 0 0 0 58 28 0 0 4880 12420 0 400 6 4.03 2.59 1.39 4 0 60 10 4 1 0 0 0 0 0 1200 1370 2570 150240 317120 467359 70 20 90
20230511 16:07:39.201 18 0 4 19 0 0 0 58 22 0 0 3230 8170 0 400 5 4.03 2.59 1.39 4 3 0 0 0 0 0 10 0 0 0 980 320 1300 121840 89600 211440 60 20 80
20230511 16:07:39.301 18 0 12 13 0 0 0 57 30 0 0 3450 7790 0 400 5 4.03 2.59 1.39 5 2 20 0 1 0 0 0 0 0 0 1280 260 1540 160320 81920 242240 60 10 70
20230511 16:07:39.401 21 0 10 12 0 1 0 57 31 0 0 3170 6910 0 400 1 4.03 2.59 1.39 5 7 110 0 6 0 0 0 0 0 0 730 320 1050 88760 81920 170680 10 0 10
20230511 16:07:39.501 16 0 1 26 0 0 0 57 18 0 0 1950 1520 0 400 3 4.03 2.59 1.39 3 5 10 0 1 0 0 10 0 0 0 40 40 80 5120 17680 22800 0 890 890
20230511 16:07:39.601 17 0 2 19 0 0 0 62 19 0 0 1340 640 0 400 3 4.03 2.59 1.39 3 5 10 0 1 0 0 0 0 0 0 30 10 40 3840 3840 7680 0 0 0
20230511 16:07:39.701 19 0 1 25 0 1 0 54 22 0 0 2000 1110 0 400 3 4.03 2.59 1.39 3 5 20 0 1 0 0 0 0 0 0 0 0 0 0 0 0 0 0 0
20230511 16:07:39.801 20 0 1 0 0 1 0 78 22 0 0 2040 2960 0 400 3 4.03 2.59 1.39 6 1 10 10 1 1 0 0 0 0 0 390 240 630 49400 49200 98600 0 10 10
20230511 16:07:39.901 20 0 8 10 0 0 0 62 28 0 0 4300 11460 0 400 3 4.03 2.59 1.39 5 1 120 0 7 0 0 0 0 0 0 1160 760 1920 143240 276560 419800 0 20 20
20230511 16:07:40.001 23 0 6 11 0 0 0 60 29 0 0 4900 12080 0 400 6 4.03 2.59 1.39 3 4 20 0 1 0 0 10 0 0 0 1450 1170 2620 179480 294680 474160 0 0 0
20230511 16:07:40.101 26 0 7 10 0 0 0 57 33 0 0 3910 10060 0 400 4 4.03 2.59 1.39 4 3 20 0 1 0 0 0 0 0 0 890 1110 2000 111720 277760 389479 0 10 10
20230511 16:07:40.201 29 0 5 8 0 0 0 57 34 0 0 3670 7200 0 400 7 4.03 2.59 1.39 6 1 10 0 1 0 0 0 0 0 0 650 1070 1720 79280 381400 460680 0 20 20
20230511 16:07:40.301 33 0 6 4 0 0 0 57 40 0 0 4330 9800 0 400 6 4.03 2.59 1.39 6 0 20 0 1 0 0 0 0 0 0 20 2220 2240 80 604959 605039 0 60 60
20230511 16:07:40.401 33 0 7 0 0 0 0 60 40 0 0 2340 5100 0 400 6 4.03 2.59 1.39 7 0 0 0 0 0 0 0 0 0 0 0 0 0 0 0 0 0 0 0
20230511 16:07:40.501 36 0 2 0 0 0 0 62 38 0 0 2650 4790 0 400 6 4.03 2.59 1.39 6 0 10 10 1 1 0 0 0 0 0 0 0 0 0 0 0 0 0 0
20230511 16:07:40.601 27 0 5 6 0 0 0 62 32 0 0 6480 12740 0 400 2 4.03 2.59 1.39 2 5 10 0 1 0 0 0 0 0 0 4020 530 4550 212360 103720 316080 0 0 0
20230511 16:07:40.701 19 0 7 17 0 1 0 56 27 0 0 7770 13810 0 400 4 4.03 2.59 1.39 4 3 30 10 3 1 0 10 0 0 0 1710 3240 4950 211880 892641 1104521 0 40 40
20230511 16:07:40.801 19 0 10 13 0 0 0 58 29 0 0 8260 21830 0 400 5 4.03 2.59 1.39 5 1 10 0 1 0 0 0 0 0 0 1520 4330 5850 186960 877999 1064958 0 430 430
20230511 16:07:40.901 21 0 7 14 0 0 0 58 28 0 0 4340 8660 0 400 5 4.03 2.59 1.39 5 2 30 0 2 0 0 0 0 0 0 1420 810 2230 181760 780921 962681 0 30 30
20230511 16:07:41.001 16 0 5 22 0 1 0 56 22 0 0 2520 4000 0 400 5 4.03 2.59 1.39 4 3 20 0 1 0 0 0 0 0 0 850 140 990 108800 145920 254720 0 0 0
20230511 16:07:41.101 20 0 9 16 0 0 0 56 29 0 0 3260 6120 0 400 5 4.03 2.59 1.39 5 2 40 0 2 0 0 0 0 0 0 1430 80 1510 179120 87040 266160 0 10 10
20230511 16:07:41.201 20 0 7 16 0 1 0 56 28 0 0 3850 7980 0 400 5 4.03 2.59 1.39 2 5 30 0 2 0 0 10 0 0 0 1740 110 1850 216040 102400 318440 0 0 0
20230511 16:07:41.301 20 0 5 18 0 0 0 57 25 0 0 3560 7540 0 400 5 4.03 2.59 1.39 3 4 110 0 6 0 0 0 0 0 0 1820 80 1900 232960 81920 314880 0 0 0
20230511 16:07:41.401 21 0 8 17 0 0 0 55 29 0 0 3830 8520 0 400 5 4.03 2.59 1.39 8 3 40 0 2 0 0 0 0 0 0 1700 80 1780 216280 81920 298200 0 0 0
20230511 16:07:41.501 21 0 7 14 0 0 0 58 29 0 0 4690 8040 0 400 4 4.03 2.59 1.39 5 2 10 0 1 0 0 0 0 0 0 1780 80 1860 227840 81920 309760 0 0 0
20230511 16:07:41.601 19 0 8 16 0 0 0 58 27 0 0 3550 7030 0 400 3 4.03 2.59 1.39 4 3 10 0 1 0 0 0 0 0 0 1610 90 1700 202360 94720 297080 0 0 0
20230511 16:07:41.701 20 0 4 21 0 1 0 54 25 0 0 3930 7830 0 400 4 4.03 2.59 1.39 4 3 10 0 1 0 0 20 0 0 0 1150 320 1470 143480 327680 471160 0 10 10
20230511 16:07:41.801 23 0 7 14 0 0 0 56 31 0 0 3810 7620 0 400 6 4.03 2.59 1.39 3 4 10 0 1 0 0 0 0 0 0 1270 560 1830 162560 571839 734399 0 10 10
20230511 16:07:41.901 20 0 1 28 0 0 0 50 21 0 0 2160 2610 0 400 4 4.03 2.59 1.39 3 5 10 0 1 0 0 0 0 0 0 220 110 330 28160 69720 97880 0 110 110
20230511 16:07:42.001 23 0 4 5 0 1 0 66 28 0 0 3580 7080 0 400 4 4.03 2.59 1.39 3 4 130 0 8 0 0 10 0 0 0 1370 310 1680 175360 294840 470200 0 10 10
20230511 16:07:42.101 24 0 6 14 0 0 0 56 30 0 0 3880 9310 0 400 3 4.03 2.59 1.39 3 4 20 0 1 0 0 0 0 0 0 1550 480 2030 198400 479199 677599 0 10 10
20230511 16:07:42.201 24 0 5 14 0 0 0 56 29 0 0 3410 6370 0 400 6 4.03 2.59 1.39 5 2 10 0 1 0 0 10 0 0 0 1310 140 1450 167600 139520 307120 0 10 10
20230511 16:07:42.301 25 0 5 15 0 0 0 56 30 0 0 3230 5840 0 400 4 4.03 2.59 1.39 5 2 20 0 1 0 0 0 0 0 0 1310 90 1400 164880 89600 254480 0 0 0
20230511 16:07:42.401 22 0 10 14 0 0 0 54 32 0 0 3500 6830 0 400 4 4.03 2.59 1.39 11 2 0 0 0 0 0 0 0 0 0 1290 80 1370 158960 87040 246000 0 10 10
20230511 16:07:42.501 22 0 8 14 0 1 0 55 31 0 0 4400 7580 0 400 5 4.03 2.59 1.39 5 2 10 0 1 0 0 0 0 0 0 1330 80 1410 165800 76800 242600 0 0 0
20230511 16:07:42.601 24 0 6 13 0 0 0 58 30 0 0 3160 5710 0 400 7 4.03 2.59 1.39 6 1 30 0 2 0 0 0 0 0 0 1050 100 1150 123680 102400 226080 0 0 0
20230511 16:07:42.701 31 0 4 7 0 2 0 57 36 0 0 3810 4430 0 400 5 4.03 2.59 1.39 6 1 10 0 1 0 0 0 0 0 0 660 100 760 79000 102400 181400 0 0 0
20230511 16:07:42.801 33 0 3 7 0 0 0 57 36 0 0 2390 2110 0 400 6 4.03 2.59 1.39 6 1 30 0 2 0 0 0 0 0 0 160 120 280 15640 122880 138520 0 0 0
20230511 16:07:42.901 35 0 5 4 0 0 0 56 40 0 0 3360 7120 0 400 7 4.03 2.59 1.39 6 1 30 0 2 0 0 0 0 0 0 0 850 850 0 621081 621081 0 40 40
20230511 16:07:43.001 33 0 7 4 0 0 0 57 40 0 0 4550 5130 0 400 7 4.03 2.59 1.39 6 1 30 0 2 0 0 10 0 0 0 0 2330 2330 0 823521 823521 0 80 80
20230511 16:07:43.101 35 0 4 5 0 0 0 56 39 0 0 4550 4350 0 400 6 4.03 2.59 1.39 6 1 40 0 2 0 0 0 0 0 0 0 2430 2430 0 486239 486239 0 20 20
20230511 16:07:43.201 35 0 3 4 0 0 0 58 39 0 0 2610 3920 0 400 6 4.03 2.59 1.39 6 1 60 0 4 0 0 20 0 0 0 0 510 510 0 123680 123680 0 0 0
20230511 16:07:43.301 36 0 1 5 0 1 0 57 38 0 0 2430 3040 0 400 6 4.03 2.59 1.39 6 1 90 0 5 0 0 0 0 0 0 0 360 360 0 80640 80640 0 10 10
20230511 16:07:43.401 36 0 4 6 0 0 0 54 40 0 0 2610 4300 0 400 6 4.03 2.59 1.39 10 1 20 0 1 0 0 0 0 0 0 0 530 530 0 101520 101520 0 0 0
20230511 16:07:43.501 34 0 2 8 0 0 0 56 36 0 0 3460 3600 0 400 5 4.35 2.68 1.42 5 2 10 0 1 0 0 0 0 0 0 0 710 710 0 99840 99840 0 0 0
20230511 16:07:43.601 28 0 3 12 0 0 0 56 31 0 0 1860 1140 0 400 5 4.35 2.68 1.42 5 2 10 0 1 0 0 0 0 0 0 0 130 130 0 16640 16640 0 0 0
20230511 16:07:43.701 30 0 6 9 0 0 0 54 36 0 0 3930 4270 0 400 5 4.35 2.68 1.42 5 2 10 0 1 0 0 0 0 0 0 430 680 1110 40200 128880 169080 0 100 100
20230511 16:07:43.801 31 0 3 9 0 0 0 56 34 0 0 3290 2670 0 400 6 4.35 2.68 1.42 7 0 10 0 1 0 0 0 0 0 0 100 1190 1290 12800 526039 538839 0 680 680
20230511 16:07:43.901 32 0 5 7 0 0 0 56 37 0 0 5430 4250 0 400 6 4.35 2.68 1.42 6 1 20 0 1 0 0 0 0 0 0 150 3040 3190 19200 818961 838161 0 840 840
20230511 16:07:44.001 34 0 3 4 0 0 0 59 37 0 0 5640 5480 0 400 6 4.35 2.68 1.42 6 0 110 0 6 0 0 0 0 0 0 250 3030 3280 32000 434640 466640 0 270 270
20230511 16:07:44.101 32 0 6 1 0 0 0 61 38 0 0 2320 4060 0 400 6 4.35 2.68 1.42 6 0 30 0 2 0 0 0 0 0 0 280 0 280 35840 0 35840 0 0 0
20230511 16:07:44.201 27 0 9 0 0 0 0 63 37 0 0 2390 4000 0 400 6 4.35 2.68 1.42 6 0 20 0 1 0 0 0 0 0 0 290 0 290 36240 0 36240 0 0 0
20230511 16:07:44.301 31 0 6 0 0 0 0 63 37 0 0 2360 5100 0 400 6 4.35 2.68 1.42 6 0 0 0 0 0 0 0 0 0 0 250 0 250 29040 0 29040 0 0 0
20230511 16:07:44.401 35 0 4 0 0 0 0 60 40 0 0 2290 6260 0 400 6 4.35 2.68 1.42 12 1 0 0 0 0 0 0 0 0 0 20 10 30 2160 3160 5320 0 780 780
20230511 16:07:44.501 30 0 5 9 0 0 0 55 35 0 0 2800 4230 0 400 5 4.35 2.68 1.42 5 2 10 0 1 0 0 0 0 0 0 0 0 0 0 0 0 0 0 0
20230511 16:07:44.601 30 0 2 7 0 0 0 61 32 0 0 2470 2810 0 400 5 4.35 2.68 1.42 6 0 10 0 1 0 0 0 0 0 0 610 10 620 32440 40 32480 0 0 0
20230511 16:07:44.701 34 0 2 2 0 0 0 61 36 0 0 3570 3580 0 400 5 4.35 2.68 1.42 5 1 10 0 1 0 0 0 0 0 0 550 0 550 65200 0 65200 0 0 0
20230511 16:07:44.801 31 0 3 1 0 0 0 65 35 0 0 2570 3760 0 400 5 4.35 2.68 1.42 5 1 10 10 1 1 0 10 0 0 0 440 0 440 56320 0 56320 0 0 0
20230511 16:07:44.901 31 0 4 3 0 0 0 62 35 0 0 2810 4140 0 400 5 4.35 2.68 1.42 6 0 140 0 8 0 0 0 0 0 0 500 0 500 64000 0 64000 0 0 0
20230511 16:07:45.001 30 0 3 6 0 0 0 62 33 0 0 2940 3870 0 400 5 4.35 2.68 1.42 4 2 40 0 2 0 0 0 0 0 0 850 0 850 78520 0 78520 0 0 0
20230511 16:07:45.101 27 0 3 8 0 0 0 62 30 0 0 2900 4030 0 400 6 4.35 2.68 1.42 4 2 20 0 1 0 0 0 0 0 0 930 0 930 119040 0 119040 0 0 0
20230511 16:07:45.201 31 0 2 5 0 0 0 62 33 0 0 2760 3530 0 400 6 4.35 2.68 1.42 5 1 110 0 6 0 0 0 0 0 0 690 0 690 87440 0 87440 0 0 0
20230511 16:07:45.301 27 0 7 6 0 0 0 60 34 0 0 3090 6650 0 400 5 4.35 2.68 1.42 5 2 140 0 8 0 0 10 0 0 0 550 460 1010 70400 51200 121600 0 0 0
20230511 16:07:45.401 29 0 7 9 0 0 0 55 36 0 0 4020 11310 0 400 4 4.35 2.68 1.42 7 2 10 0 1 0 0 0 0 0 0 670 1010 1680 85760 281600 367360 0 20 20
20230511 16:07:45.501 28 0 3 6 0 0 0 63 31 0 0 4830 9640 0 400 5 4.35 2.68 1.42 6 1 0 10 0 1 0 0 0 0 0 840 830 1670 107520 302080 409600 0 20 20
20230511 16:07:45.601 24 0 9 10 0 0 0 58 32 0 0 3680 9190 0 400 6 4.35 2.68 1.42 6 1 130 10 9 1 0 0 0 0 0 710 820 1530 90880 234240 325120 0 10 10
20230511 16:07:45.701 29 0 7 7 0 2 0 55 38 0 0 6030 14680 0 400 5 4.35 2.68 1.42 6 1 0 0 0 0 0 0 0 0 0 660 2630 3290 79280 695921 775201 0 150 150
20230511 16:07:45.801 35 0 4 5 0 0 0 56 39 0 0 6260 15360 0 400 6 4.35 2.68 1.42 5 2 20 0 1 0 0 0 0 0 0 410 3710 4120 51240 680159 731399 0 820 820
20230511 16:07:45.901 35 0 2 8 0 0 0 55 37 0 0 3910 7820 0 400 6 4.35 2.68 1.42 6 1 20 0 1 0 0 0 0 0 0 370 810 1180 44240 153600 197840 0 0 0
20230511 16:07:46.001 35 0 3 4 0 0 0 59 37 0 0 2980 7030 0 400 7 4.35 2.68 1.42 7 0 80 0 5 0 0 0 0 0 0 150 670 820 16680 112640 129320 0 10 10
20230511 16:07:46.101 36 0 2 6 0 0 0 56 38 0 0 2840 12650 0 400 6 4.35 2.68 1.42 6 1 80 0 5 0 0 0 0 0 0 0 420 420 0 85760 85760 0 0 0
20230511 16:07:46.201 32 0 3 10 0 0 0 55 35 0 0 2960 3530 0 400 5 4.35 2.68 1.42 6 1 30 0 2 0 0 0 0 0 0 460 590 1050 20520 103680 124200 0 0 0
20230511 16:07:46.301 28 0 2 6 0 1 0 63 31 0 0 4100 6000 0 400 4 4.35 2.68 1.42 3 4 0 0 0 0 0 0 0 0 0 1600 620 2220 170080 93760 263840 0 0 0
20230511 16:07:46.401 24 0 8 11 0 0 0 58 32 0 0 2750 4630 0 400 4 4.35 2.68 1.42 8 3 10 0 1 0 0 0 0 0 0 440 340 780 56320 79560 135880 0 10 10
20230511 16:07:46.501 26 0 2 16 0 0 0 56 28 0 0 3490 3610 0 400 4 4.35 2.68 1.42 4 3 0 0 0 0 0 0 0 0 0 540 290 830 69120 79360 148480 0 10 10
20230511 16:07:46.601 24 0 6 13 0 1 0 57 30 0 0 4050 8660 0 400 6 4.35 2.68 1.42 5 3 30 0 2 0 0 0 0 0 0 760 1550 2310 97280 735399 832679 0 110 110
20230511 16:07:46.701 27 0 9 7 0 1 0 57 36 0 0 5060 9720 0 400 6 4.35 2.68 1.42 7 0 10 0 1 0 0 0 0 0 0 800 870 1670 102400 659681 762081 0 40 40
20230511 16:07:46.801 26 0 4 8 0 1 0 61 31 0 0 6350 13060 0 400 5 4.35 2.68 1.42 4 3 0 0 0 0 0 30 0 0 0 710 2850 3560 90880 512199 603079 0 190 190
20230511 16:07:46.901 25 0 2 19 0 1 0 54 27 0 0 2350 1670 0 400 4 4.35 2.68 1.42 4 4 130 0 8 0 0 0 0 0 0 150 50 200 19200 4320 23520 0 90 90
20230511 16:07:47.001 24 0 1 25 0 1 0 49 26 0 0 1620 930 0 400 4 4.35 2.68 1.42 4 4 40 0 2 0 0 0 0 0 0 0 0 0 0 0 0 0 0 0
20230511 16:07:47.101 24 0 1 25 0 1 0 49 26 0 0 1540 340 0 400 4 4.35 2.68 1.42 4 4 20 0 1 0 0 0 0 0 0 0 0 0 0 0 0 0 0 0
20230511 16:07:47.201 0 0 0 100 0 0 0 0 0 0 0 2850 4260 0 400 6 4.35 2.68 1.42 4 3 30 0 2 0 0 0 0 0 0 580 500 1080 72080 96040 168120 0 90 90
20230511 16:07:47.301 29 0 2 7 0 1 0 61 33 0 0 4040 7310 0 400 4 4.35 2.68 1.42 6 1 40 0 2 0 0 20 0 0 0 1170 460 1630 149760 90880 240640 0 140 140
20230511 16:07:47.401 29 0 4 9 0 0 0 58 33 0 0 3800 8260 0 400 6 4.35 2.68 1.42 9 3 160 0 9 0 0 0 0 0 0 1110 500 1610 142080 76400 218480 0 50 50
20230511 16:07:47.501 26 0 7 11 0 1 0 55 34 0 0 4450 8740 0 400 4 4.35 2.68 1.42 4 3 10 0 1 0 0 0 0 0 0 870 540 1410 111360 86560 197920 0 50 50
20230511 16:07:47.601 25 0 6 12 0 1 0 57 31 0 0 3570 6060 0 400 3 4.35 2.68 1.42 4 3 20 0 1 0 0 0 0 0 0 850 500 1350 98880 90080 188960 0 80 80
20230511 16:07:47.701 23 0 4 17 0 0 0 55 28 0 0 6140 12740 0 400 2 4.35 2.68 1.42 2 5 0 0 0 0 0 0 0 0 0 2720 740 3460 270000 287280 557281 0 530 530
20230511 16:07:47.801 12 0 12 14 0 0 0 62 24 0 0 3690 12590 0 400 5 4.35 2.68 1.42 6 1 10 0 1 0 0 0 0 0 0 1430 570 2000 183040 278520 461559 0 230 230
20230511 16:07:47.901 18 0 8 16 0 1 0 58 26 0 0 4660 13580 0 400 2 4.35 2.68 1.42 2 5 20 0 1 0 0 0 0 0 0 1460 1050 2510 186880 223160 410040 0 10 10
20230511 16:07:48.001 24 0 6 14 0 1 0 56 31 0 0 7520 21400 0 400 5 4.35 2.68 1.42 4 3 0 0 0 0 0 0 0 0 0 2140 3630 5770 271440 484880 756321 0 30 30
20230511 16:07:48.101 20 0 7 15 0 0 0 58 27 0 0 7410 23590 0 400 5 4.35 2.68 1.42 5 2 90 0 5 0 0 0 0 0 0 2330 2920 5250 289400 513279 802679 0 80 80
20230511 16:07:48.201 26 0 4 13 0 2 0 54 32 0 0 3640 7290 0 400 6 4.35 2.68 1.42 6 1 0 0 0 0 0 0 0 0 0 1440 400 1840 180440 112640 293080 0 30 30
20230511 16:07:48.301 28 0 4 11 0 1 0 56 33 0 0 3090 6150 0 400 5 4.35 2.68 1.42 6 1 20 0 1 0 0 10 0 0 0 940 300 1240 117840 81400 199240 0 50 50
20230511 16:07:48.401 29 0 5 11 0 2 0 53 36 0 0 3300 6350 0 400 6 4.35 2.68 1.42 12 1 10 0 1 0 0 0 0 0 0 870 420 1290 111360 110080 221440 0 70 70
20230511 16:07:48.501 24 0 12 9 0 0 0 55 36 0 0 4250 8300 0 400 5 4.56 2.75 1.45 5 2 0 0 0 0 0 0 0 0 0 730 590 1320 92560 90120 182680 0 0 0
20230511 16:07:48.601 26 0 6 10 0 0 0 58 32 0 0 3310 7790 0 400 6 4.56 2.75 1.45 5 2 40 0 2 0 0 0 0 0 0 760 570 1330 97280 80640 177920 0 10 10
20230511 16:07:48.701 26 0 8 10 0 0 0 56 34 0 0 4480 8020 0 400 6 4.56 2.75 1.45 5 2 0 0 0 0 0 0 0 0 0 1010 630 1640 129280 81120 210400 0 20 20
20230511 16:07:48.801 29 0 3 12 0 1 0 55 33 0 0 3300 6230 0 400 4 4.56 2.75 1.45 5 2 10 10 1 1 0 0 0 0 0 950 470 1420 121600 96560 218160 0 40 40
20230511 16:07:48.901 25 0 5 11 0 1 0 58 31 0 0 5750 11160 0 400 4 4.56 2.75 1.45 5 2 30 0 2 0 0 0 0 0 0 1800 1930 3730 148480 666201 814681 0 910 910
20230511 16:07:49.001 20 0 8 16 0 0 0 57 27 0 0 6930 19730 0 400 5 4.56 2.75 1.45 4 3 100 0 6 0 0 0 0 0 0 2330 2700 5030 291120 525961 817081 0 400 400
20230511 16:07:49.101 11 0 12 11 0 1 0 65 24 0 0 6850 25590 0 400 5 4.56 2.75 1.45 2 5 20 0 1 0 0 0 0 0 0 1030 3900 4930 131760 635959 767719 0 120 120
20230511 16:07:49.201 16 0 8 17 0 1 0 59 24 0 0 4080 10470 0 400 5 4.56 2.75 1.45 2 5 20 0 1 0 0 0 0 0 0 1590 580 2170 203520 166400 369920 0 130 130
20230511 16:07:49.301 20 0 5 18 0 1 0 57 25 0 0 3920 8780 0 400 5 4.56 2.75 1.45 3 4 40 0 2 0 0 20 0 0 0 1920 240 2160 245760 79360 325120 0 110 110
20230511 16:07:49.401 16 0 11 17 0 1 0 55 28 0 0 3790 9270 0 400 4 4.56 2.75 1.45 7 5 150 0 9 0 0 0 0 0 0 1550 230 1780 193440 80640 274080 0 60 60
20230511 16:07:49.501 15 0 2 27 0 0 0 56 17 0 0 1670 2140 0 400 3 4.56 2.75 1.45 3 5 10 0 1 0 0 20 0 0 0 0 30 30 0 11480 11480 0 630 630
20230511 16:07:49.601 19 0 1 25 0 1 0 55 20 0 0 1270 470 0 400 3 4.56 2.75 1.45 3 5 30 0 2 0 0 0 0 0 0 40 10 50 5120 3840 8960 0 0 0
20230511 16:07:49.701 18 0 1 24 0 2 0 54 22 0 0 2020 1320 0 400 3 4.56 2.75 1.45 3 5 10 0 1 0 0 0 0 0 0 0 0 0 0 0 0 0 0 0
20230511 16:07:49.801 15 0 1 26 0 1 0 56 18 0 0 1650 2460 0 400 5 4.56 2.75 1.45 4 3 0 10 0 1 0 0 0 0 0 260 180 440 32120 51240 83360 0 40 40
20230511 16:07:49.901 26 0 6 12 0 0 0 56 32 0 0 3470 7120 0 400 6 4.56 2.75 1.45 6 1 10 0 1 0 0 0 0 0 0 930 300 1230 112600 84000 196600 0 100 100
20230511 16:07:50.001 26 0 8 10 0 0 0 56 34 0 0 3440 7700 0 400 7 4.56 2.75 1.45 5 2 100 0 6 0 0 0 0 0 0 830 540 1370 104960 213800 318760 0 300 300
20230511 16:07:50.101 21 0 10 13 0 0 0 55 31 0 0 5160 12010 0 400 3 4.56 2.75 1.45 3 4 90 0 5 0 0 0 0 0 0 2420 630 3050 206760 262000 468759 0 330 330
20230511 16:07:50.201 17 0 9 17 0 0 0 57 26 0 0 4990 13210 0 400 6 4.56 2.75 1.45 4 3 30 0 2 0 0 0 0 0 0 2250 990 3240 288000 253160 541161 0 280 280
20230511 16:07:50.301 16 0 11 13 0 0 0 60 27 0 0 5690 16150 0 400 3 4.56 2.75 1.45 6 0 10 0 1 0 0 10 0 0 0 1960 1730 3690 250080 301400 551479 0 240 240
20230511 16:07:50.401 24 0 7 10 0 0 0 59 31 0 0 6980 19810 0 401 3 4.56 2.75 1.45 8 2 20 0 1 0 0 0 0 0 0 2260 2170 4430 286600 668761 955361 10 270 280
20230511 16:07:50.501 11 0 17 11 0 1 0 61 29 0 0 7320 24840 300 400 2 4.56 2.75 1.45 2 5 0 10 0 1 0 0 0 0 0 1330 2380 3710 169760 608801 778561 0 750 750
20230511 16:07:50.601 19 0 7 18 0 0 0 56 26 0 0 4100 10130 0 400 5 4.56 2.75 1.45 4 3 130 10 9 1 0 20 0 0 0 1760 620 2380 224240 120320 344560 0 70 70
20230511 16:07:50.701 21 0 11 16 0 1 0 52 32 0 0 5170 11580 300 400 4 4.56 2.75 1.45 2 5 0 0 0 0 0 0 0 0 0 1590 470 2060 202200 80640 282840 0 40 40
20230511 16:07:50.801 15 0 9 17 0 0 0 58 25 0 0 4240 9730 0 400 5 4.56 2.75 1.45 3 1 10 0 1 0 0 0 0 0 0 970 610 1580 122560 119960 242520 0 90 90
20230511 16:07:50.901 12 0 7 15 0 0 0 66 19 0 0 3810 9150 0 400 0 4.56 2.75 1.45 0 2 30 0 2 0 0 0 0 0 0 1310 450 1760 165560 80560 246120 0 130 130
20230511 16:07:51.001 5 0 1 12 0 1 0 81 6 0 0 2310 4380 0 400 4 4.56 2.75 1.45 3 3 60 0 4 0 0 0 0 0 0 420 520 940 52520 101680 154200 0 550 550
20230511 16:07:51.101 5 0 3 11 0 0 0 81 8 0 0 3110 3820 0 400 1 4.56 2.75 1.45 1 2 30 0 2 0 0 0 0 0 0 530 430 960 67840 99880 167720 0 740 740
20230511 16:07:51.201 5 0 3 10 0 0 0 82 8 0 0 4230 3540 0 400 0 4.56 2.75 1.45 0 2 20 0 1 0 0 0 0 0 0 440 420 860 54120 80440 134560 0 1210 1210
20230511 16:07:51.301 15 0 9 13 0 1 0 62 25 0 0 6270 13380 0 400 2 4.56 2.75 1.45 6 1 20 0 1 0 0 10 0 0 0 1860 2560 4420 238080 540439 778519 0 370 370
20230511 16:07:51.401 18 0 9 17 0 0 0 56 27 0 0 5990 14870 0 400 2 4.56 2.75 1.45 15 0 60 0 4 0 0 0 0 0 0 1820 2210 4030 232960 555681 788641 0 410 410
20230511 16:07:51.501 21 0 11 12 0 1 0 55 32 0 0 7510 18840 0 400 8 4.56 2.75 1.45 4 3 0 0 0 0 0 0 0 0 0 1400 2900 4300 177760 532321 710081 0 330 330
20230511 16:07:51.601 28 0 5 11 0 1 0 55 34 0 0 4380 9890 0 400 5 4.56 2.75 1.45 5 2 40 0 2 0 0 0 0 0 0 850 1480 2330 106000 307640 413639 0 150 150
20230511 16:07:51.701 28 0 3 13 0 1 0 55 32 0 0 3430 7340 0 400 5 4.56 2.75 1.45 5 2 10 0 1 0 0 0 0 0 0 770 110 880 97880 108800 206680 0 190 190
20230511 16:07:51.801 27 0 4 12 0 1 0 56 32 0 0 2920 5200 0 400 4 4.56 2.75 1.45 4 3 0 0 0 0 0 0 0 0 0 930 90 1020 118840 87040 205880 0 150 150
20230511 16:07:51.901 18 0 2 28 0 1 0 50 22 0 0 1660 1500 0 400 3 4.56 2.75 1.45 3 5 0 0 0 0 0 0 0 0 0 50 50 100 3040 10920 13960 0 140 140
20230511 16:07:52.001 15 0 4 31 0 1 0 49 20 0 0 1430 1230 0 400 3 4.56 2.75 1.45 3 5 30 0 2 0 0 0 0 0 0 30 10 40 2600 6400 9000 0 0 0
20230511 16:07:52.101 17 0 2 31 0 2 0 49 20 0 0 1420 3230 0 400 3 4.56 2.75 1.45 3 5 50 0 8 0 0 0 0 0 0 0 0 0 0 0 0 0 0 0
20230511 16:07:52.201 16 0 2 28 0 0 0 54 18 0 0 1660 1720 0 400 1 4.56 2.75 1.45 1 4 20 0 1 0 0 0 0 0 0 250 100 350 10480 45040 55520 0 90 90
20230511 16:07:52.301 15 0 3 14 0 1 0 67 19 0 0 3130 5660 0 400 1 4.56 2.75 1.45 1 2 110 0 6 0 0 0 0 0 0 1200 230 1430 87680 90160 177840 0 190 190
20230511 16:07:52.401 9 0 5 6 0 0 0 80 14 0 0 2020 4170 0 400 3 4.56 2.75 1.45 7 4 50 0 3 0 0 0 0 0 0 600 140 740 33760 105480 139240 10 280 290
20230511 16:07:52.501 19 0 1 19 0 2 0 58 22 0 0 2880 4300 0 400 6 4.56 2.75 1.45 4 3 0 0 0 0 0 0 0 0 0 610 130 740 62080 107800 169880 0 230 230
20230511 16:07:52.601 18 0 2 17 0 0 0 63 20 0 0 1940 2040 0 400 3 4.56 2.75 1.45 3 4 20 0 1 0 0 30 0 0 0 400 120 520 28840 108840 137680 0 140 140
20230511 16:07:52.701 10 0 2 16 0 1 0 71 14 0 0 3290 4480 0 400 0 4.56 2.75 1.45 0 3 0 0 0 0 0 0 0 0 0 960 270 1230 65160 91560 156720 0 140 140
20230511 16:07:52.801 3 0 1 10 0 0 0 86 4 0 0 1550 3420 0 400 0 4.56 2.75 1.45 2 3 40 0 2 0 0 10 0 0 0 610 200 810 55040 102040 157080 0 690 690
20230511 16:07:52.901 7 0 2 23 0 0 0 67 9 0 0 1450 2960 0 400 1 4.56 2.75 1.45 2 5 20 0 1 0 0 0 0 0 0 460 130 590 54320 110960 165280 0 430 430
20230511 16:07:53.001 5 0 3 26 0 0 0 67 8 0 0 2130 3510 0 400 4 4.56 2.75 1.45 2 5 100 0 6 0 0 0 0 0 0 540 160 700 61880 103160 165040 0 630 630
20230511 16:07:53.101 4 0 3 24 0 0 0 69 8 0 0 3600 4700 0 400 2 4.56 2.75 1.45 1 6 50 0 3 0 0 20 0 0 0 860 260 1120 79640 103240 182880 0 870 870
20230511 16:07:53.201 6 0 7 17 0 0 0 71 13 0 0 4140 7100 0 400 4 4.56 2.75 1.45 0 7 20 0 1 0 0 0 0 0 0 1220 470 1690 121720 225760 347480 0 810 810
20230511 16:07:53.301 8 0 7 20 0 1 0 65 15 0 0 4090 10140 0 400 0 4.56 2.75 1.45 0 7 20 0 1 0 0 10 0 0 0 1440 1040 2480 157160 478359 635519 0 680 680
20230511 16:07:53.401 3 0 4 37 0 1 0 55 8 0 0 2380 5200 0 400 0 4.56 2.75 1.45 6 7 30 0 2 0 0 0 0 0 0 1180 490 1670 126360 157040 283400 0 60 60
20230511 16:07:53.501 1 0 3 38 0 0 0 58 4 0 0 1430 2700 0 400 0 4.76 2.82 1.48 0 7 20 0 1 0 0 0 0 0 0 270 110 380 33440 75600 109040 0 80 80
20230511 16:07:53.601 5 0 2 13 0 1 0 79 8 0 0 2620 5680 0 400 3 4.76 2.82 1.48 6 1 90 0 5 0 0 0 0 0 0 1020 570 1590 127280 128400 255680 0 210 210
20230511 16:07:53.701 7 0 5 14 0 1 0 73 13 0 0 5270 7720 0 400 0 4.76 2.82 1.48 1 6 0 0 0 0 0 0 0 0 0 1050 490 1540 124000 81280 205280 0 700 700
20230511 16:07:53.801 1 0 2 32 0 0 0 65 3 0 0 1520 3280 0 400 0 4.76 2.82 1.48 0 2 10 0 1 0 0 0 0 0 0 570 380 950 53360 80560 133920 0 80 80
20230511 16:07:53.901 5 0 4 9 0 0 0 81 9 0 0 3120 5160 0 400 6 4.76 2.82 1.48 5 2 0 0 0 0 0 0 0 0 0 630 690 1320 71600 107720 179320 0 500 500
20230511 16:07:54.001 6 0 4 12 0 0 0 79 9 0 0 2880 5730 0 400 5 4.76 2.82 1.48 5 1 20 0 1 0 0 0 0 0 0 1090 700 1790 128280 104880 233160 0 290 290
20230511 16:07:54.101 12 0 6 16 0 0 0 65 19 0 0 10030 23170 0 400 6 4.76 2.82 1.48 6 1 10 0 1 0 0 20 0 0 0 2600 3440 6040 322120 466879 788999 0 520 520
20230511 16:07:54.201 14 0 9 15 0 0 0 62 22 0 0 9960 19710 0 400 3 4.76 2.82 1.48 6 1 20 0 1 0 0 0 0 0 0 2290 3290 5580 283560 536921 820481 0 990 990
20230511 16:07:54.301 12 0 5 19 0 1 0 63 18 0 0 5110 11330 0 400 1 4.76 2.82 1.48 2 5 50 0 3 0 0 0 0 0 0 1690 1330 3020 209880 562479 772359 0 810 810
20230511 16:07:54.401 14 0 10 17 0 0 0 59 24 0 0 4210 9290 0 400 5 4.76 2.82 1.48 8 7 110 0 6 0 0 0 0 0 0 1710 440 2150 212880 316000 528881 10 1310 1320
20230511 16:07:54.501 6 0 3 30 0 0 0 61 9 0 0 1330 2160 0 400 1 4.76 2.82 1.48 1 7 0 0 0 0 0 0 0 0 0 50 0 50 6400 0 6400 0 0 0
20230511 16:07:54.601 6 0 1 31 0 0 0 62 7 0 0 520 420 0 400 1 4.76 2.82 1.48 1 7 10 0 1 0 0 0 0 0 0 0 0 0 0 0 0 0 0 0
20230511 16:07:54.701 6 0 2 31 0 0 0 61 8 0 0 1200 920 0 400 1 4.76 2.82 1.48 1 7 10 0 1 0 0 0 0 0 0 0 0 0 0 0 0 0 0 0
20230511 16:07:54.801 6 0 4 18 0 1 0 72 11 0 0 1990 5650 0 400 0 4.76 2.82 1.48 1 3 40 10 2 1 0 0 0 0 0 730 260 990 92160 95200 187360 0 280 280
20230511 16:07:54.901 8 0 7 15 0 0 0 70 15 0 0 3080 7360 0 400 5 4.76 2.82 1.48 1 6 20 0 1 0 0 0 0 0 0 1390 240 1630 177040 92640 269680 0 150 150
20230511 16:07:55.001 12 0 6 20 0 0 0 62 18 0 0 2570 5880 0 400 4 4.76 2.82 1.48 3 4 0 0 0 0 0 0 0 0 0 1340 110 1450 166080 87040 253120 0 50 50
20230511 16:07:55.101 16 0 9 14 0 0 0 61 25 0 0 3570 8160 0 400 5 4.76 2.82 1.48 2 5 100 0 6 0 0 0 0 0 0 1590 110 1700 200240 62720 262960 0 20 20
20230511 16:07:55.201 16 0 3 21 0 0 0 60 19 0 0 3110 6610 0 400 0 4.76 2.82 1.48 2 3 120 0 7 0 0 0 0 0 0 1330 140 1470 170240 85120 255360 0 140 140
20230511 16:07:55.301 8 0 3 9 0 0 0 80 11 0 0 2700 6440 0 400 3 4.76 2.82 1.48 5 2 20 0 1 0 0 10 0 0 0 930 530 1460 119040 237480 356519 0 300 300
20230511 16:07:55.401 17 0 6 15 0 0 0 61 23 0 0 4920 12030 0 400 5 4.76 2.82 1.48 10 1 40 0 2 0 0 0 0 0 0 1950 650 2600 249600 266240 515840 0 240 240
20230511 16:07:55.501 20 0 6 17 0 1 0 56 27 0 0 5540 12960 0 400 2 4.76 2.82 1.48 6 1 40 10 2 1 0 0 0 0 0 2110 800 2910 270080 279000 549081 0 140 140
20230511 16:07:55.601 19 0 5 18 0 1 0 57 25 0 0 5740 15040 0 400 6 4.76 2.82 1.48 6 1 70 10 5 1 0 0 0 0 0 2050 1750 3800 259240 502279 761519 0 550 550
20230511 16:07:55.701 20 0 10 12 0 0 0 58 31 0 0 8140 21220 0 400 4 4.76 2.82 1.48 3 3 20 0 4 0 0 0 0 0 0 2300 2370 4670 292320 502400 794721 0 390 390
20230511 16:07:55.801 14 0 12 13 0 0 0 61 26 0 0 4330 13770 0 400 3 4.76 2.82 1.48 5 2 20 0 1 0 0 20 0 0 0 1750 610 2360 221800 469879 691679 0 780 780
20230511 16:07:55.901 20 0 7 17 0 1 0 55 28 0 0 3990 9240 0 400 4 4.76 2.82 1.48 3 4 10 0 1 0 0 0 0 0 0 1760 140 1900 221480 112640 334120 0 120 120
20230511 16:07:56.001 18 0 4 21 0 1 0 55 24 0 0 2540 5460 0 400 5 4.76 2.82 1.48 5 2 20 0 1 0 0 0 0 0 0 930 90 1020 117920 80640 198560 0 150 150
20230511 16:07:56.101 16 0 12 14 0 1 0 57 29 0 0 3630 10610 0 400 5 4.76 2.82 1.48 4 3 0 0 0 0 0 0 0 0 0 1540 100 1640 195360 78080 273440 0 160 160
20230511 16:07:56.201 9 0 6 14 0 0 0 71 15 0 0 2960 7320 0 400 6 4.76 2.82 1.48 2 3 20 0 1 0 0 0 0 0 0 810 370 1180 101320 125240 226560 0 280 280
20230511 16:07:56.301 13 0 3 13 0 1 0 70 17 0 0 3310 5890 0 400 1 4.76 2.82 1.48 1 4 110 0 6 0 0 0 0 0 0 1020 210 1230 128720 75400 204120 0 220 220
20230511 16:07:56.401 11 0 1 18 0 0 0 69 13 0 0 1550 3290 0 400 3 4.76 2.82 1.48 10 5 30 0 2 0 0 0 0 0 0 240 180 420 29440 81520 110960 0 80 80
20230511 16:07:56.501 19 0 3 20 0 1 0 57 23 0 0 2600 3410 0 400 3 4.76 2.82 1.48 4 3 0 0 0 0 0 0 0 0 0 380 160 540 46760 135680 182440 0 0 0
20230511 16:07:56.601 25 0 5 11 0 0 0 58 31 0 0 3950 10220 0 400 7 4.76 2.82 1.48 4 0 10 0 1 0 0 10 0 0 0 980 1120 2100 119840 594719 714559 0 810 810
20230511 16:07:56.701 27 0 6 12 0 0 0 55 33 0 0 7070 16020 0 400 5 4.76 2.82 1.48 6 2 20 0 1 0 0 0 0 0 0 2220 2050 4270 136880 617961 754841 0 950 950
20230511 16:07:56.801 17 0 6 19 0 0 0 58 22 0 0 4640 11220 0 400 4 4.76 2.82 1.48 6 1 10 0 1 0 0 0 0 0 0 1930 1220 3150 125800 417239 543039 0 280 280
20230511 16:07:56.901 15 0 3 27 0 0 0 54 18 0 0 3360 5780 0 400 2 4.76 2.82 1.48 2 6 50 0 3 0 0 10 0 0 0 1360 100 1460 156120 36480 192600 30 150 180
20230511 16:07:57.001 15 0 3 18 0 0 0 63 18 0 0 2220 4510 0 400 6 4.76 2.82 1.48 6 1 10 0 1 0 0 0 0 0 0 610 370 980 73640 120120 193760 10 130 140
20230511 16:07:57.101 16 0 8 16 0 0 0 59 25 0 0 3060 5970 0 400 6 4.76 2.82 1.48 4 3 160 0 9 0 0 10 0 0 0 870 340 1210 101000 78080 179080 30 50 80
20230511 16:07:57.201 16 0 5 11 0 0 0 68 21 0 0 2980 5290 0 400 4 4.76 2.82 1.48 6 1 170 0 10 0 0 0 0 0 0 750 390 1140 93000 43080 136080 10 80 90
20230511 16:07:57.301 14 0 3 11 0 0 0 72 17 0 0 2790 5030 0 400 1 4.76 2.82 1.48 1 5 20 0 1 0 0 0 0 0 0 710 330 1040 82600 79200 161800 0 220 220
20230511 16:07:57.401 16 0 3 5 0 0 0 77 18 0 0 2700 5110 0 400 4 4.76 2.82 1.48 13 1 50 0 3 0 0 0 0 0 0 570 610 1180 72960 119000 191960 0 240 240
20230511 16:07:57.501 20 0 6 17 0 1 0 56 27 0 0 3230 5050 0 400 3 4.76 2.82 1.48 3 4 130 0 8 0 0 0 0 0 0 390 220 610 49920 83680 133600 0 180 180
20230511 16:07:57.601 16 0 4 22 0 0 0 58 20 0 0 1900 2930 0 400 2 4.76 2.82 1.48 2 5 20 0 1 0 0 0 0 0 0 180 380 560 23040 120320 143360 0 220 220
20230511 16:07:57.701 18 0 4 21 0 1 0 58 22 0 0 2950 2570 0 400 4 4.76 2.82 1.48 6 1 100 0 6 0 0 0 0 0 0 250 520 770 30480 158720 189200 0 210 210
20230511 16:07:57.801 23 0 8 11 0 1 0 57 31 0 0 5920 8660 0 400 3 4.76 2.82 1.48 4 3 20 0 1 0 0 0 0 0 0 1010 3120 4130 128320 707999 836319 20 300 320
20230511 16:07:57.901 22 0 12 9 0 0 0 57 33 0 0 6570 13950 0 400 5 4.76 2.82 1.48 3 4 10 0 1 0 0 0 0 0 0 1010 3140 4150 128000 681441 809441 0 90 90
20230511 16:07:58.001 20 0 6 17 0 0 0 57 26 0 0 5840 10540 0 400 3 4.76 2.82 1.48 6 1 20 0 1 0 0 0 0 0 0 2420 1880 4300 146880 430280 577161 10 60 70
20230511 16:07:58.101 19 0 6 17 0 0 0 58 25 0 0 4930 10570 0 400 4 4.76 2.82 1.48 2 5 10 10 1 1 0 0 0 0 0 2610 450 3060 219560 112080 331640 0 10 10
20230511 16:07:58.201 6 0 4 34 0 1 0 56 10 0 0 2140 4290 0 400 0 4.76 2.82 1.48 0 7 20 0 1 0 0 0 0 0 0 1150 250 1400 107040 79040 186080 10 20 30
20230511 16:07:58.301 12 0 6 23 0 0 0 59 18 0 0 4110 5990 20 402 3 4.76 2.82 1.48 2 5 160 20 10 2 0 0 0 0 0 1700 120 1820 187720 75520 263240 0 10 10
20230511 16:07:58.401 14 0 6 22 0 1 0 58 20 0 0 3030 6380 0 402 5 4.76 2.82 1.48 11 2 50 10 13 11 0 0 0 0 0 1270 180 1450 156440 128000 284440 0 20 20
20230511 16:07:58.501 11 0 9 24 0 0 0 56 20 0 0 4140 7390 0 402 3 4.94 2.89 1.51 3 4 10 10 1 1 0 0 0 0 0 1720 100 1820 187560 72960 260520 0 10 10
20230511 16:07:58.601 13 0 7 21 0 0 0 60 19 0 0 3470 9350 0 402 4 4.94 2.89 1.51 3 4 20 20 2 6 0 0 0 0 0 1790 190 1980 223760 79360 303120 20 0 20
20230511 16:07:58.701 14 0 5 21 0 1 0 59 20 0 0 4790 9190 0 402 0 4.94 2.89 1.51 0 5 10 0 1 0 0 0 0 0 0 1780 390 2170 225960 89000 314960 0 130 130
20230511 16:07:58.801 10 0 9 18 0 0 0 64 19 0 0 4670 11760 0 402 3 4.94 2.89 1.51 3 4 30 10 2 1 0 0 0 0 0 1700 1410 3110 214440 459599 674039 10 90 100
20230511 16:07:58.901 14 0 11 18 0 0 0 57 25 0 0 5580 12160 0 402 4 4.94 2.89 1.51 6 1 50 0 3 0 0 10 0 0 0 2000 1430 3430 245960 567641 813601 0 30 30
20230511 16:07:59.001 16 0 8 17 0 1 0 58 25 0 0 5030 11530 0 402 5 4.94 2.89 1.51 6 1 20 20 2 2 0 0 0 0 0 2240 790 3030 280120 503680 783801 0 40 40
20230511 16:07:59.101 12 0 6 22 0 0 0 60 18 0 0 4680 12040 0 402 4 4.94 2.89 1.51 5 2 90 20 6 2 0 10 0 0 0 1680 1050 2730 213760 367359 581119 0 40 40
20230511 16:07:59.201 16 0 6 21 0 0 0 58 21 0 0 3790 10300 0 402 1 4.94 2.89 1.51 2 5 270 0 16 0 0 0 0 0 0 1860 210 2070 229720 145720 375440 0 30 30
20230511 16:07:59.301 18 0 4 22 0 1 0 56 22 0 0 3880 6180 0 400 4 4.94 2.89 1.51 5 2 60 30 4 4 0 0 0 0 0 1250 120 1370 156240 78120 234360 0 30 30
20230511 16:07:59.401 15 0 8 20 0 1 0 57 24 0 0 3320 7930 0 400 1 4.94 2.89 1.51 4 5 130 0 8 0 0 0 0 0 0 1320 100 1420 165320 90880 256200 0 10 10
20230511 16:07:59.501 9 0 2 25 0 1 0 63 12 0 0 1590 1890 0 400 2 4.94 2.89 1.51 2 6 60 0 4 0 0 0 0 0 0 60 30 90 7680 22360 30040 0 460 460
20230511 16:07:59.601 12 0 1 29 0 1 0 58 13 0 0 1110 690 0 400 2 4.94 2.89 1.51 2 6 20 0 1 0 0 10 0 0 0 40 0 40 5120 0 5120 0 0 0
20230511 16:07:59.701 12 0 1 31 0 1 0 55 14 0 0 1880 1020 0 400 2 4.94 2.89 1.51 2 6 10 0 1 0 0 0 0 0 0 0 0 0 0 0 0 0 0 0
20230511 16:07:59.801 13 0 2 9 0 1 0 75 17 0 0 1730 2570 0 400 2 4.94 2.89 1.51 2 5 10 10 1 1 0 0 0 0 0 370 90 460 46400 49960 96360 0 0 0
20230511 16:07:59.901 17 0 9 17 0 1 0 57 26 0 0 4290 10860 0 400 5 4.94 2.89 1.51 5 2 20 0 1 0 0 10 0 0 0 1800 420 2220 227040 194600 421640 0 0 0
20230511 16:08:00.001 19 0 6 18 0 0 0 57 25 0 0 3970 9950 0 400 6 4.94 2.89 1.51 5 2 0 0 0 0 0 0 0 0 0 1760 510 2270 224400 284800 509200 0 40 40
20230511 16:08:00.101 18 0 9 16 0 0 0 58 26 0 0 3690 10630 0 400 2 4.94 2.89 1.51 6 1 10 0 1 0 0 20 0 0 0 1480 350 1830 189440 289280 478719 0 430 430
20230511 16:08:00.201 21 0 6 16 0 0 0 58 27 0 0 3890 8940 0 400 6 4.94 2.89 1.51 2 5 30 0 2 0 0 0 0 0 0 1700 460 2160 213640 248040 461680 0 570 570
20230511 16:08:00.301 20 0 9 12 0 1 0 59 29 0 0 4230 10290 0 400 4 4.94 2.89 1.51 4 3 40 0 2 0 0 0 0 0 0 1010 1310 2320 126160 489559 615719 0 770 770
20230511 16:08:00.401 16 0 5 22 0 0 0 58 20 0 0 5290 10130 0 400 6 4.94 2.89 1.51 10 2 40 0 2 0 0 0 0 0 0 2470 1370 3840 144360 523480 667841 0 850 850
20230511 16:08:00.501 13 0 8 23 0 0 0 56 21 0 0 5060 9190 0 399 6 4.94 2.89 1.51 3 3 10 10 1 1 0 0 0 0 0 1960 300 2260 224960 115200 340160 40 290 330
20230511 16:08:00.601 9 0 6 20 0 1 0 63 17 0 0 3460 8680 0 399 3 4.94 2.89 1.51 6 1 40 10 3 1 0 10 0 0 0 1910 220 2130 244800 80640 325440 10 130 140
20230511 16:08:00.701 14 0 6 19 0 2 0 60 22 0 0 4370 9360 0 399 1 4.94 2.89 1.51 4 2 10 0 1 0 0 0 0 0 0 1840 230 2070 227040 89600 316640 0 120 120
20230511 16:08:00.801 11 0 8 17 0 2 0 62 21 0 0 3420 9210 0 399 2 4.94 2.89 1.51 4 2 0 0 0 0 0 0 0 0 0 1700 260 1960 217600 89600 307200 0 80 80
20230511 16:08:00.901 10 0 8 18 0 1 0 63 19 0 0 3990 10240 0 399 1 4.94 2.89 1.51 2 4 30 0 2 0 0 20 0 0 0 1970 280 2250 248200 101120 349320 0 40 40
20230511 16:08:01.001 10 0 10 16 0 1 0 63 21 0 0 3200 8990 0 399 3 4.94 2.89 1.51 2 4 20 0 1 0 0 0 0 0 0 1610 200 1810 205320 79360 284680 0 40 40
20230511 16:08:01.101 13 0 5 19 0 0 0 63 18 0 0 3730 9340 0 399 3 4.94 2.89 1.51 3 3 20 0 1 0 0 20 0 0 0 1900 400 2300 239880 80480 320360 0 10 10
20230511 16:08:01.201 16 0 5 14 0 0 0 66 21 0 0 4300 10590 0 399 3 4.94 2.89 1.51 4 2 210 0 12 0 0 0 0 0 0 1610 940 2550 195240 418760 614001 0 230 230
20230511 16:08:01.301 22 0 4 8 0 0 0 66 27 0 0 6300 12790 0 399 5 4.94 2.89 1.51 2 3 80 0 5 0 0 0 0 0 0 810 2690 3500 100080 786879 886959 0 310 310
20230511 16:08:01.401 22 0 3 8 0 0 0 67 26 0 0 7970 17340 0 399 4 4.94 2.89 1.51 11 1 40 0 2 0 0 0 0 0 0 780 3540 4320 94000 688361 782361 0 550 550
20230511 16:08:01.501 19 0 4 8 0 1 0 69 24 0 0 3720 5560 0 398 3 4.94 2.89 1.51 4 1 120 0 7 0 0 0 0 0 0 820 310 1130 99760 85800 185560 0 90 90
20230511 16:08:01.601 14 0 6 10 0 0 0 70 19 0 0 2480 3690 0 398 3 4.94 2.89 1.51 3 2 20 0 1 0 0 10 0 0 0 670 200 870 83480 110960 194440 0 140 140
20230511 16:08:01.701 22 0 2 7 0 0 0 69 24 0 0 2900 4900 0 398 3 4.94 2.89 1.51 3 2 20 0 1 0 0 0 0 0 0 360 170 530 39480 84480 123960 0 150 150
20230511 16:08:01.801 22 0 3 5 0 0 0 70 25 0 0 1850 1260 0 398 4 4.94 2.89 1.51 4 1 10 0 1 0 0 0 0 0 0 10 460 470 40 119040 119080 0 110 110
20230511 16:08:01.901 23 0 2 8 0 0 0 66 25 0 0 1990 1240 0 397 3 4.94 2.89 1.51 3 2 10 0 1 0 0 0 0 0 0 0 50 50 0 5840 5840 0 160 160
20230511 16:08:02.001 18 0 1 11 0 0 0 70 19 0 0 1330 490 0 397 3 4.94 2.89 1.51 3 2 20 0 1 0 0 0 0 0 0 0 70 70 0 23040 23040 0 0 0
20230511 16:08:02.101 16 0 1 15 0 0 0 69 16 0 0 1180 1810 0 397 2 4.94 2.89 1.51 2 3 0 0 0 0 0 10 0 0 0 0 0 0 0 0 0 0 0 0
20230511 16:08:02.201 12 0 2 9 0 0 0 77 14 0 0 2180 2290 0 397 2 4.94 2.89 1.51 3 1 30 0 2 0 0 0 0 0 0 850 440 1290 7800 84800 92600 0 50 50
20230511 16:08:02.301 12 0 2 11 0 1 0 74 15 0 0 1770 1600 0 397 2 4.94 2.89 1.51 2 2 30 0 2 0 0 0 0 0 0 450 320 770 20360 124600 144960 0 190 190
20230511 16:08:02.401 12 0 3 11 0 0 0 74 15 0 0 2670 4300 0 397 2 4.94 2.89 1.51 7 3 10 0 1 0 0 0 0 0 0 1040 510 1550 56560 104240 160800 0 80 80
20230511 16:08:02.501 7 0 3 16 0 1 0 74 11 0 0 4580 8120 0 397 3 4.94 2.89 1.51 1 3 0 0 0 0 0 0 0 0 0 1760 1320 3080 158400 86200 244600 10 470 480
20230511 16:08:02.601 6 0 5 13 0 0 0 76 11 0 0 2540 5670 0 397 3 4.94 2.89 1.51 1 3 10 0 1 0 0 0 0 0 0 1280 430 1710 160920 90880 251800 0 90 90
20230511 16:08:02.701 8 0 7 13 0 0 0 73 14 0 0 3630 7440 0 397 1 4.94 2.89 1.51 2 2 20 0 1 0 0 20 0 0 0 1170 550 1720 141080 90440 231520 0 40 40
20230511 16:08:02.801 7 0 6 12 0 0 0 75 13 0 0 2340 6080 0 397 2 4.94 2.89 1.51 2 2 0 0 0 0 0 0 0 0 0 980 490 1470 125440 88320 213760 0 100 100
20230511 16:08:02.901 6 0 7 13 0 0 0 75 12 0 0 2960 6180 0 397 3 4.94 2.89 1.51 1 3 20 0 1 0 0 0 0 0 0 1170 390 1560 147120 92160 239280 20 70 90
20230511 16:08:03.001 6 0 6 14 0 0 0 75 12 0 0 2610 6150 0 397 3 4.94 2.89 1.51 1 3 10 0 1 0 0 0 0 0 0 1380 420 1800 150560 111760 262320 0 150 150
20230511 16:08:03.101 7 0 4 11 0 0 0 77 11 0 0 3710 10060 0 397 3 4.94 2.89 1.51 1 3 40 0 2 0 0 0 0 0 0 1200 1390 2590 150920 248040 398959 0 200 200
20230511 16:08:03.201 9 0 8 8 0 0 0 75 17 0 0 5910 12460 0 397 3 4.94 2.89 1.51 4 0 110 0 6 0 0 10 0 0 0 1290 3140 4430 156440 692241 848681 0 600 600
20230511 16:08:03.301 9 0 5 11 0 0 0 75 14 0 0 2330 5100 0 397 1 4.94 2.89 1.51 1 3 180 0 11 0 0 0 0 0 0 730 370 1100 93440 289720 383159 0 250 250
20230511 16:08:03.401 8 0 4 14 0 0 0 74 12 0 0 1650 3460 0 397 2 4.94 2.89 1.51 8 2 30 0 2 0 0 0 0 0 0 630 90 720 80640 74240 154880 0 50 50
20230511 16:08:03.501 9 0 4 12 0 0 0 74 14 0 0 3140 5420 0 397 3 4.86 2.91 1.53 2 2 110 0 6 0 0 0 0 0 0 1030 100 1130 130600 80640 211240 0 0 0
20230511 16:08:03.601 10 0 4 11 0 0 0 74 14 0 0 2120 4520 0 397 1 4.86 2.91 1.53 3 1 40 0 2 0 0 0 0 0 0 960 120 1080 122880 94720 217600 0 60 60
20230511 16:08:03.701 9 0 6 11 0 0 0 74 15 0 0 2960 5170 0 397 2 4.86 2.91 1.53 1 3 20 0 1 0 0 0 0 0 0 890 150 1040 113920 112640 226560 0 30 30
20230511 16:08:03.801 11 0 2 12 0 0 0 75 13 0 0 1940 4410 0 397 3 4.86 2.91 1.53 2 2 20 0 1 0 0 0 0 0 0 940 110 1050 120320 79360 199680 0 150 150
20230511 16:08:03.901 9 0 1 14 0 0 0 75 11 0 0 1900 3370 0 397 2 4.86 2.91 1.53 1 3 10 0 1 0 0 0 0 0 0 560 110 670 71680 83200 154880 0 90 90
20230511 16:08:04.001 9 0 3 13 0 0 0 75 12 0 0 1990 4350 0 397 2 4.86 2.91 1.53 3 1 20 0 1 0 0 0 0 0 0 510 690 1200 65280 412000 477280 0 180 180
20230511 16:08:04.101 10 0 3 10 0 0 0 77 13 0 0 3420 7620 0 397 4 4.86 2.91 1.53 2 2 0 0 0 0 0 0 0 0 0 870 1470 2340 111360 712319 823679 0 570 570
20230511 16:08:04.201 9 0 6 11 0 0 0 75 14 0 0 3110 8920 0 397 2 4.86 2.91 1.53 1 3 20 0 1 0 0 10 0 0 0 1000 1010 2010 127800 615081 742881 0 590 590
20230511 16:08:04.301 11 0 2 12 0 1 0 74 14 0 0 2430 5140 0 397 2 4.86 2.91 1.53 2 2 130 0 8 0 0 0 0 0 0 860 420 1280 106680 265840 372519 0 180 180
20230511 16:08:04.401 10 0 4 11 0 0 0 74 14 0 0 2470 5540 0 399 2 4.86 2.91 1.53 10 1 40 0 2 0 0 10 0 0 0 920 230 1150 114440 125680 240120 0 10 10
20230511 16:08:04.501 7 0 4 20 0 0 0 69 12 0 0 3230 3850 280 397 1 4.86 2.91 1.53 1 4 10 0 1 0 0 0 0 0 0 160 30 190 20480 6960 27440 0 450 450
20230511 16:08:04.601 5 0 1 25 0 0 0 69 6 0 0 650 650 0 397 1 4.86 2.91 1.53 1 4 10 0 1 0 0 0 0 0 0 20 10 30 2560 3840 6400 0 0 0
20230511 16:08:04.701 7 0 4 24 0 1 0 64 12 0 0 2230 2810 280 397 1 4.86 2.91 1.53 1 4 30 0 2 0 0 0 0 0 0 0 0 0 0 0 0 0 0 0
20230511 16:08:04.801 6 0 1 21 0 0 0 72 7 0 0 1670 1030 0 397 2 4.86 2.91 1.53 1 3 20 10 1 1 0 0 0 0 0 70 60 130 8960 16680 25640 0 0 0
20230511 16:08:04.901 9 0 3 13 0 0 0 75 12 0 0 2800 6240 0 397 2 4.86 2.91 1.53 2 2 30 0 2 0 0 20 0 0 0 1050 480 1530 130760 131840 262600 0 70 70
20230511 16:08:05.001 11 0 1 12 0 1 0 76 12 0 0 2180 5110 0 397 1 4.86 2.91 1.53 3 1 20 0 1 0 0 0 0 0 0 830 340 1170 106240 88320 194560 0 10 10
20230511 16:08:05.101 11 0 4 11 0 0 0 75 14 0 0 2460 5570 0 397 2 4.86 2.91 1.53 2 2 10 0 1 0 0 0 0 0 0 930 490 1420 119040 178560 297600 0 60 60
20230511 16:08:05.201 10 0 3 11 0 0 0 75 13 0 0 4180 9420 0 397 3 4.86 2.91 1.53 3 1 40 0 2 0 0 10 0 0 0 1640 1190 2830 100760 278560 379320 0 190 190
20230511 16:08:05.301 12 0 2 11 0 0 0 75 14 0 0 3630 7330 0 397 3 4.86 2.91 1.53 2 2 160 0 9 0 0 0 0 0 0 1610 850 2460 135000 258560 393559 0 70 70
20230511 16:08:05.401 10 0 3 10 0 0 0 77 13 0 0 3250 9150 0 397 3 4.86 2.91 1.53 7 2 50 0 3 0 0 0 0 0 0 1100 1190 2290 136440 337840 474280 10 220 230
20230511 16:08:05.501 13 0 6 7 0 0 0 74 19 0 0 7090 19060 0 397 3 4.86 2.91 1.53 1 3 20 10 1 1 0 0 0 0 0 1060 4150 5210 132200 559521 691721 20 420 440
20230511 16:08:05.601 14 0 4 2 0 0 0 79 19 0 0 4680 11790 0 397 4 4.86 2.91 1.53 4 0 60 0 4 0 0 0 0 0 0 1560 1610 3170 177040 81640 258680 10 10 20
20230511 16:08:05.701 15 0 5 1 0 0 0 79 20 0 0 3390 5160 0 397 3 4.86 2.91 1.53 4 0 20 10 1 1 0 10 0 0 0 1200 0 1200 146280 0 146280 10 0 10
20230511 16:08:05.801 16 0 3 1 0 0 0 81 19 0 0 1940 2970 0 397 3 4.86 2.91 1.53 3 0 30 0 2 0 0 0 0 0 0 710 0 710 90240 0 90240 0 0 0
20230511 16:08:05.901 15 0 4 1 0 0 0 80 19 0 0 2480 3480 0 397 3 4.86 2.91 1.53 3 0 0 0 0 0 0 30 0 0 0 690 0 690 86240 0 86240 0 0 0
20230511 16:08:06.001 18 0 1 1 0 0 0 81 19 0 0 1430 1330 0 397 3 4.86 2.91 1.53 3 0 10 0 1 0 0 0 0 0 0 290 0 290 30080 0 30080 0 0 0
20230511 16:08:06.101 18 0 1 0 0 0 0 81 19 0 0 1180 2040 0 397 3 4.86 2.91 1.53 3 0 0 0 0 0 0 0 0 0 0 10 0 10 40 0 40 0 0 0
20230511 16:08:06.201 16 0 3 0 0 0 0 81 19 0 0 1250 710 0 397 3 4.86 2.91 1.53 3 0 10 0 1 0 0 40 0 0 0 0 0 0 0 0 0 0 0 0
20230511 16:08:06.301 18 0 1 0 0 0 0 81 19 0 0 1410 430 0 396 2 4.86 2.91 1.53 2 0 150 0 9 0 0 0 0 0 0 10 0 10 400 0 400 0 0 0
20230511 16:08:06.401 11 0 1 0 0 0 0 89 11 0 0 1200 1250 0 395 1 4.86 2.91 1.53 5 0 10 0 1 0 0 69780 0 0 0 0 0 0 0 0 0 0 0 0
20230511 16:08:06.501 6 0 1 0 0 0 0 92 8 0 0 1160 1180 0 395 1 4.86 2.91 1.53 1 0 10 0 1 0 0 0 0 0 0 0 0 0 0 0 0 0 0 0
20230511 16:08:06.601 6 0 1 0 0 0 0 94 6 0 0 790 1190 0 395 0 4.86 2.91 1.53 0 1 10 0 1 0 0 0 0 0 0 450 0 450 1800 0 1800 0 0 0
20230511 16:08:06.701 5 0 2 2 0 1 0 91 7 0 0 4050 7620 0 395 1 4.86 2.91 1.53 1 0 20 0 1 0 0 85780 0 0 0 2220 0 2220 139480 0 139480 0 0 0
20230511 16:08:06.801 4 0 2 1 0 0 0 93 6 0 0 1860 5180 0 395 1 4.86 2.91 1.53 1 0 120 0 7 0 0 0 0 0 0 1380 0 1380 176640 0 176640 0 0 0
20230511 16:08:06.901 3 0 2 2 0 0 0 93 5 0 0 1890 4970 0 395 1 4.86 2.91 1.53 1 0 20 0 1 0 0 85760 0 0 0 1090 40 1130 139520 600 140120 0 110 110
20230511 16:08:07.001 2 0 2 1 0 0 0 94 5 0 0 1390 4050 0 395 1 4.86 2.91 1.53 1 0 20 0 1 0 0 0 0 0 0 970 0 970 124160 0 124160 0 0 0
20230511 16:08:07.101 4 0 1 1 0 0 0 94 6 0 0 1360 3630 0 395 1 4.86 2.91 1.53 1 0 20 0 1 0 0 0 0 0 0 900 0 900 115200 0 115200 0 0 0
20230511 16:08:07.201 4 0 2 1 0 0 0 93 6 0 0 1390 3860 0 395 0 4.86 2.91 1.53 1 0 0 0 0 0 0 85790 0 0 0 920 0 920 117760 0 117760 0 0 0
20230511 16:08:07.301 3 0 2 1 0 0 0 94 5 0 0 1400 3220 0 395 1 4.86 2.91 1.53 1 0 170 0 10 0 0 0 0 0 0 810 0 810 103680 0 103680 0 0 0
20230511 16:08:07.401 4 0 1 1 0 0 0 94 5 0 0 1270 3840 0 395 1 4.86 2.91 1.53 6 0 30 0 2 0 0 85780 0 0 0 740 0 740 94720 0 94720 0 0 0
20230511 16:08:07.501 2 0 5 1 0 0 0 91 8 0 0 2540 5710 0 395 1 4.86 2.91 1.53 1 1 30 0 2 0 0 0 0 0 0 960 460 1420 121560 53800 175360 0 70 70
20230511 16:08:07.601 2 0 3 9 0 0 0 86 5 0 0 1930 5690 0 395 1 4.86 2.91 1.53 0 2 80 0 5 0 0 0 0 0 0 620 790 1410 76720 174880 251600 0 170 170
20230511 16:08:07.701 2 0 4 9 0 0 0 86 6 0 0 2570 4380 0 395 0 4.86 2.91 1.53 1 1 10 0 1 0 0 85770 0 0 0 530 350 880 66520 81920 148440 0 90 90
20230511 16:08:07.801 2 0 2 9 0 0 0 88 4 0 0 1350 3970 0 395 1 4.86 2.91 1.53 0 2 30 0 2 0 0 0 0 0 0 530 510 1040 67840 120320 188160 0 50 50
20230511 16:08:07.901 1 0 3 8 0 0 0 88 4 0 0 1900 4660 0 395 0 4.86 2.91 1.53 1 1 0 0 0 0 0 85770 0 0 0 500 600 1100 64000 120320 184320 0 0 0
20230511 16:08:08.001 1 0 1 11 0 0 0 86 2 0 0 820 2360 0 395 1 4.86 2.91 1.53 0 2 10 0 1 0 0 0 0 0 0 210 350 560 24240 75520 99760 0 0 0
20230511 16:08:08.101 5 0 1 7 0 0 0 87 6 0 0 840 2840 0 395 1 4.86 2.91 1.53 1 1 0 0 0 0 0 0 0 0 0 130 210 340 12680 46080 58760 0 0 0
20230511 16:08:08.201 4 0 0 9 0 0 0 88 4 0 0 1160 2620 0 395 1 4.86 2.91 1.53 1 1 10 0 1 0 0 85770 0 0 0 560 160 720 71680 39680 111360 0 0 0
20230511 16:08:08.301 2 0 1 10 0 0 0 86 4 0 0 1480 3390 0 395 0 4.86 2.91 1.53 0 2 50 0 3 0 0 0 0 0 0 410 370 780 52480 79360 131840 0 0 0
20230511 16:08:08.401 2 0 1 9 0 0 0 87 3 0 0 2020 6150 0 395 1 4.86 2.91 1.53 6 1 100 0 6 0 0 85760 0 0 0 570 800 1370 72960 185600 258560 0 0 0
20230511 16:08:08.501 1 0 4 9 0 0 0 86 5 0 0 5060 14250 0 395 1 4.63 2.89 1.53 1 1 10 0 1 0 0 0 0 0 0 340 3180 3520 43520 694921 738441 0 10 10
20230511 16:08:08.601 1 0 4 6 0 0 0 88 6 0 0 4480 12890 0 395 1 4.63 2.89 1.53 1 1 10 0 1 0 0 0 0 0 0 400 3450 3850 51200 747519 798719 0 0 0
20230511 16:08:08.701 2 0 4 9 0 0 0 86 6 0 0 3960 6370 0 395 0 4.63 2.89 1.53 0 2 20 0 1 0 0 85770 0 0 0 470 1680 2150 60160 345320 405480 0 30 30
20230511 16:08:08.801 3 0 1 9 0 0 0 86 4 0 0 1950 5000 0 395 0 4.63 2.89 1.53 1 1 120 0 7 0 0 0 0 0 0 570 700 1270 72960 120120 193080 0 0 0
20230511 16:08:08.901 3 0 1 8 0 0 0 88 4 0 0 1870 4140 0 395 0 4.63 2.89 1.53 1 1 20 0 1 0 0 0 0 0 0 520 530 1050 66560 80760 147320 0 80 80
20230511 16:08:09.001 2 0 2 9 0 0 0 87 4 0 0 1520 3810 0 395 0 4.63 2.89 1.53 0 2 20 0 1 0 0 85770 0 0 0 460 460 920 58880 89960 148840 0 30 30
20230511 16:08:09.101 3 0 3 9 0 0 0 85 6 0 0 1660 3950 0 395 1 4.63 2.89 1.53 1 1 30 0 2 0 0 0 0 0 0 520 420 940 66560 111320 177880 0 120 120
20230511 16:08:09.201 2 0 1 4 0 0 0 92 3 0 0 1270 4020 0 395 1 4.63 2.89 1.53 1 0 10 0 1 0 0 85790 0 0 0 510 160 670 65280 26960 92240 0 20 20
20230511 16:08:09.301 3 0 1 2 0 0 0 94 4 0 0 1030 2240 0 395 0 4.63 2.89 1.53 1 0 30 0 2 0 0 0 0 0 0 520 0 520 66560 0 66560 0 0 0
20230511 16:08:09.401 3 0 2 2 0 0 0 92 6 0 0 1220 3730 0 395 1 4.63 2.89 1.53 6 0 20 0 1 0 0 0 0 0 0 760 0 760 97280 0 97280 0 0 0
20230511 16:08:09.501 2 0 3 6 0 0 0 89 6 0 0 1960 3120 0 395 0 4.63 2.89 1.53 0 2 40 0 2 0 0 85770 0 0 0 590 10 600 75520 4720 80240 0 1170 1170
20230511 16:08:09.601 1 0 1 7 0 0 0 91 2 0 0 510 1180 0 395 0 4.63 2.89 1.53 0 1 10 0 1 0 0 0 0 0 0 270 10 280 34560 40 34600 0 0 0
20230511 16:08:09.701 2 0 4 3 0 0 0 91 6 0 0 1980 2970 0 395 0 4.63 2.89 1.53 0 1 60 0 4 0 0 85760 0 0 0 550 0 550 69080 0 69080 0 0 0
20230511 16:08:09.801 3 0 1 3 0 0 0 94 3 0 0 830 2080 0 395 0 4.63 2.89 1.53 1 0 20 10 1 1 0 0 0 0 0 450 0 450 56280 0 56280 0 0 0
20230511 16:08:09.901 2 0 1 3 0 0 0 93 4 0 0 1320 2380 0 395 1 4.63 2.89 1.53 0 1 120 0 7 0 0 0 0 0 0 500 0 500 64000 0 64000 0 0 0
20230511 16:08:10.001 2 0 1 2 0 0 0 94 4 0 0 1000 2560 0 395 1 4.63 2.89 1.53 1 0 20 0 1 0 0 85760 0 0 0 610 0 610 78080 0 78080 0 0 0
20230511 16:08:10.101 3 0 2 1 0 1 0 93 6 0 0 1230 3980 0 395 1 4.63 2.89 1.53 1 0 10 0 1 0 0 0 0 0 0 720 0 720 92160 0 92160 0 0 0
20230511 16:08:10.201 5 0 1 1 0 0 0 94 6 0 0 1000 2290 0 395 1 4.63 2.89 1.53 1 0 0 0 0 0 0 85780 0 0 0 550 0 550 66040 0 66040 0 0 0
20230511 16:08:10.301 6 0 0 0 0 0 0 94 6 0 0 1130 1010 0 395 1 4.63 2.89 1.53 1 0 130 0 8 0 0 0 0 0 0 530 0 530 31320 0 31320 0 0 0
20230511 16:08:10.401 6 0 1 1 0 0 0 92 7 0 0 900 2150 0 395 1 4.63 2.89 1.53 5 0 0 0 0 0 0 0 0 0 0 380 0 380 46000 0 46000 0 0 0
20230511 16:08:10.501 4 0 4 0 0 0 0 91 9 0 0 1700 1970 0 395 1 4.63 2.89 1.53 0 1 10 10 1 1 0 85780 0 0 0 250 0 250 30280 0 30280 0 0 0
20230511 16:08:10.601 5 0 1 1 0 0 0 93 6 0 0 860 1460 0 395 1 4.63 2.89 1.53 1 0 0 0 0 0 0 0 0 0 0 330 0 330 38280 0 38280 0 0 0
20230511 16:08:10.701 4 0 4 0 0 0 0 92 8 0 0 1800 2140 0 395 1 4.63 2.89 1.53 1 0 40 20 3 1 0 85770 0 0 0 290 0 290 35800 0 35800 0 0 0
20230511 16:08:10.801 3 0 3 0 0 0 0 94 6 0 0 840 1300 0 395 1 4.63 2.89 1.53 1 0 160 0 9 0 0 0 0 0 0 260 0 260 31840 0 31840 0 0 0
20230511 16:08:10.901 6 0 1 1 0 0 0 93 7 0 0 1120 1140 0 395 1 4.63 2.89 1.53 1 0 10 0 1 0 0 0 0 0 0 220 0 220 20720 0 20720 0 0 0
20230511 16:08:11.001 6 0 1 0 0 0 0 94 6 0 0 470 270 0 395 1 4.63 2.89 1.53 1 0 20 0 1 0 0 85760 0 0 0 0 0 0 0 0 0 0 0 0
20230511 16:08:11.101 6 0 1 0 0 0 0 93 7 0 0 660 400 0 395 1 4.63 2.89 1.53 1 0 120 0 7 0 0 0 0 0 0 0 0 0 0 0 0 0 0 0
20230511 16:08:11.201 6 0 0 0 0 0 0 94 6 0 0 470 340 0 395 1 4.63 2.89 1.53 1 0 10 0 1 0 0 85780 0 0 0 0 0 0 0 0 0 0 0 0
20230511 16:08:11.301 6 0 1 0 0 0 0 93 7 0 0 570 340 0 395 1 4.63 2.89 1.53 1 0 100 0 6 0 0 0 0 0 0 0 0 0 0 0 0 0 0 0
20230511 16:08:11.401 6 0 0 0 0 0 0 94 6 0 0 630 1170 0 395 2 4.63 2.89 1.53 5 0 30 0 2 0 0 0 0 0 0 0 0 0 0 0 0 0 0 0
20230511 16:08:11.501 6 0 3 0 0 0 0 91 9 0 0 1430 1160 0 395 1 4.63 2.89 1.53 1 0 50 0 3 0 0 85770 0 0 0 0 0 0 0 0 0 0 0 0
20230511 16:08:11.601 5 0 1 0 0 0 0 94 6 0 0 500 520 0 395 1 4.63 2.89 1.53 1 0 20 0 1 0 0 0 0 0 0 0 0 0 0 0 0 0 0 0
20230511 16:08:11.701 7 0 2 0 0 0 0 91 9 0 0 1570 2270 0 395 1 4.63 2.89 1.53 1 0 60 0 4 0 0 85760 0 0 0 0 0 0 0 0 0 0 0 0
20230511 16:08:11.801 5 0 2 0 0 0 0 93 7 0 0 660 1040 0 394 1 4.63 2.89 1.53 1 0 10 10 1 2 0 0 0 0 0 130 0 130 520 0 520 0 0 0
20230511 16:08:11.901 0 0 6 0 0 0 0 94 6 0 0 1010 1940 0 394 2 4.63 2.89 1.53 1 0 120 0 7 0 0 0 0 0 0 0 50 50 0 720 720 0 130 130
20230511 16:08:12.001 1 0 8 4 0 0 0 88 8 0 0 3450 6390 0 394 1 4.63 2.89 1.53 1 1 20 0 1 0 0 85770 0 0 0 0 2730 2730 0 755001 755001 0 640 640
20230511 16:08:12.101 1 0 8 4 0 0 0 87 8 0 0 2470 5490 0 394 1 4.63 2.89 1.53 1 1 10 0 1 0 0 0 0 0 0 0 1970 1970 0 695879 695879 0 1460 1460
20230511 16:08:12.201 1 0 6 5 0 0 0 88 7 0 0 1990 3150 0 394 1 4.63 2.89 1.53 1 1 0 0 0 0 0 85780 0 0 0 0 1340 1340 0 524681 524681 0 360 360
20230511 16:08:12.301 1 0 1 11 0 0 0 87 2 0 0 800 710 0 394 0 4.63 2.89 1.53 0 2 20 0 1 0 0 0 0 0 0 0 480 480 0 121600 121600 0 80 80
20230511 16:08:12.401 0 0 1 4 0 0 0 95 1 0 0 810 1630 0 394 0 4.63 2.89 1.53 4 2 30 0 2 0 0 0 0 0 0 0 460 460 0 110120 110120 0 90 90
20230511 16:08:12.501 1 0 2 4 0 0 0 93 3 0 0 1540 1690 0 394 1 4.63 2.89 1.53 1 1 20 0 1 0 0 85760 0 0 0 0 380 380 0 91080 91080 0 170 170
20230511 16:08:12.601 1 0 1 11 0 0 0 88 1 0 0 600 370 0 394 0 4.63 2.89 1.53 0 2 20 0 1 0 0 0 0 0 0 0 300 300 0 78080 78080 0 0 0
20230511 16:08:12.701 1 0 4 4 0 0 0 92 4 0 0 1830 1380 0 394 0 4.63 2.89 1.53 0 2 10 0 1 0 0 87140 0 0 0 0 490 490 0 122080 122080 0 200 200
20230511 16:08:12.801 1 0 4 8 0 0 0 87 6 0 0 1710 1300 90 397 0 4.63 2.89 1.53 0 2 60 0 4 0 0 0 0 0 0 0 570 570 0 121560 121560 0 160 160
20230511 16:08:12.901 1 0 6 1 0 0 0 92 7 0 0 4120 2590 0 397 2 4.63 2.89 1.53 2 0 100 0 6 0 0 0 0 0 0 0 2730 2730 0 776801 776801 0 630 630
20230511 16:08:13.001 0 0 10 1 0 0 0 89 10 0 0 3680 3890 0 397 1 4.63 2.89 1.53 1 1 20 0 1 0 0 85770 0 0 0 0 2790 2790 0 925801 925801 0 1330 1330
20230511 16:08:13.101 1 0 6 6 0 0 0 87 7 0 0 1140 2610 0 397 1 4.63 2.89 1.53 1 1 30 0 2 0 0 0 0 0 0 0 530 530 0 266240 266240 0 380 380
20230511 16:08:13.201 1 0 4 9 0 0 0 86 4 0 0 630 1000 0 397 0 4.63 2.89 1.53 0 2 30 0 2 0 0 85770 0 0 0 0 180 180 0 83200 83200 0 0 0
20230511 16:08:13.301 0 0 2 4 0 0 0 94 2 0 0 590 960 0 397 0 4.63 2.89 1.53 0 2 30 0 2 0 0 0 0 0 0 0 240 240 0 120360 120360 0 8920 8920
20230511 16:08:13.401 0 0 1 5 0 0 0 94 1 0 0 380 1110 0 397 0 4.63 2.89 1.53 5 2 30 0 2 0 0 0 0 0 0 0 120 120 0 75360 75360 0 0 0
20230511 16:08:13.501 1 0 4 4 0 0 0 92 4 0 0 1440 1470 0 397 1 4.42 2.88 1.53 1 1 40 10 2 1 0 85780 0 0 0 0 220 220 0 124160 124160 0 0 0
20230511 16:08:13.601 1 0 6 2 0 0 0 91 6 0 0 600 900 0 397 1 4.42 2.88 1.53 1 1 30 0 2 0 0 0 0 0 0 0 140 140 0 79360 79360 0 450 450
20230511 16:08:13.701 1 0 8 6 0 0 0 86 8 0 0 1740 1490 0 397 1 4.42 2.88 1.53 1 1 30 0 2 0 0 85770 0 0 0 0 120 120 0 76800 76800 0 0 0
20230511 16:08:13.801 1 0 8 2 0 0 0 89 9 0 0 1950 3490 20 396 3 4.42 2.88 1.53 2 1 0 0 0 0 0 0 0 0 0 0 1330 1330 0 906839 906839 0 1450 1450
20230511 16:08:13.901 1 0 6 4 0 0 0 89 7 0 0 2430 2480 10 394 1 4.42 2.88 1.53 1 1 10 0 1 0 0 0 0 0 0 0 810 810 0 800001 800001 0 190 190
20230511 16:08:14.001 1 0 5 6 0 0 0 89 6 0 0 1330 1170 0 394 0 4.42 2.88 1.53 0 1 110 20 6 3 0 85770 0 0 0 20 110 130 80 121360 121440 0 340 340
20230511 16:08:14.101 1 0 2 9 0 0 0 89 3 0 0 920 2900 0 394 1 4.42 2.88 1.53 1 1 60 20 4 2 0 0 0 0 0 10 110 120 40 121600 121640 0 150 150
20230511 16:08:14.201 2 0 2 6 0 0 0 89 4 0 0 970 3160 0 394 0 4.42 2.88 1.53 0 1 30 20 3 2 0 85780 0 0 0 20 120 140 80 82400 82480 0 110 110
