Date Time [CPU]User% [CPU]Nice% [CPU]Sys% [CPU]Wait% [CPU]Irq% [CPU]Soft% [CPU]Steal% [CPU]Idle% [CPU]Totl% [CPU]Guest% [CPU]GuestN% [CPU]Intrpt/sec [CPU]Ctx/sec [CPU]Proc/sec [CPU]ProcQue [CPU]ProcRun [CPU]L-Avg1 [CPU]L-Avg5 [CPU]L-Avg15 [CPU]RunTot [CPU]BlkTot [NET]RxPktTot [NET]TxPktTot [NET]RxKBTot [NET]TxKBTot [NET]RxCmpTot [NET]RxMltTot [NET]TxCmpTot [NET]RxErrsTot [NET]TxErrsTot [DSK]ReadTot [DSK]WriteTot [DSK]OpsTot [DSK]ReadKBTot [DSK]WriteKBTot [DSK]KbTot [DSK]ReadMrgTot [DSK]WriteMrgTot [DSK]MrgTot
20230511 15:59:19.403 12 0 3 8 0 2 0 74 18 0 0 2549 5402 0 372 2 1.39 0.47 0.22 2 2 78 29 7 4 0 0 0 0 0 0 108 108 0 112941 112941 0 0 0
20230511 15:59:19.501 11 0 1 13 0 1 0 74 13 0 0 1571 1143 0 372 2 1.39 0.47 0.22 2 2 112 20 8 2 0 0 0 0 0 0 122 122 0 125388 125388 0 0 0
20230511 15:59:19.605 13 0 1 7 0 0 0 80 14 0 0 1192 798 19 372 3 1.39 0.47 0.22 3 1 67 19 6 2 0 0 0 0 0 0 125 125 0 81269 81269 0 577 577
20230511 15:59:19.701 14 0 3 6 0 1 0 76 18 0 0 2917 1698 73 375 2 1.39 0.47 0.22 2 1 10 10 1 1 0 73 0 0 0 0 42 42 0 42667 42667 0 0 0
20230511 15:59:19.805 12 0 2 7 0 0 0 80 14 0 0 1625 1077 0 375 2 1.39 0.47 0.22 2 1 10 0 1 0 0 0 0 0 0 0 106 106 0 105846 105846 0 0 0
20230511 15:59:19.901 12 0 2 6 0 0 0 81 14 0 0 1208 406 0 375 2 1.39 0.47 0.22 2 1 31 0 2 0 0 0 0 0 0 0 83 83 0 83917 83917 0 0 0
20230511 15:59:20.001 10 0 3 6 0 1 0 80 14 0 0 1100 1730 0 375 2 1.39 0.47 0.22 2 1 10 0 1 0 0 20 0 0 0 0 0 0 0 0 0 0 0 0
20230511 15:59:20.101 12 0 1 3 0 1 0 82 14 0 0 1470 710 10 375 2 1.39 0.47 0.22 2 0 130 20 8 3 0 0 0 0 0 0 10 10 0 40 40 0 0 0
20230511 15:59:20.201 12 0 1 0 0 1 0 86 14 0 0 1190 520 0 375 2 1.39 0.47 0.22 2 0 90 20 12 2 0 10 0 0 0 0 0 0 0 0 0 0 0 0
20230511 15:59:20.301 12 0 1 0 0 1 0 86 14 0 0 1120 420 0 375 2 1.39 0.47 0.22 2 0 20 0 1 0 0 0 0 0 0 0 0 0 0 0 0 0 0 0
20230511 15:59:20.401 13 0 5 0 0 1 0 81 19 0 0 2850 3090 30 375 2 1.39 0.47 0.22 2 0 10 20 1 4 0 0 0 0 0 0 0 0 0 0 0 0 0 0
20230511 15:59:20.501 13 0 1 0 0 0 0 87 13 0 0 1960 1880 0 375 2 1.39 0.47 0.22 2 0 180 60 15 6 0 30 0 0 0 0 0 0 0 0 0 0 0 0
20230511 15:59:20.601 12 0 1 0 0 1 0 87 13 0 0 1090 300 0 375 2 1.39 0.47 0.22 2 0 80 10 5 1 0 0 0 0 0 0 0 0 0 0 0 0 0 0
20230511 15:59:20.701 13 0 4 0 0 2 0 81 19 0 0 2860 1920 30 372 2 1.39 0.47 0.22 2 0 30 30 2 3 0 20 0 0 0 0 0 0 0 0 0 0 0 0
20230511 15:59:20.801 12 0 1 0 0 0 0 87 13 0 0 1960 1440 0 372 2 1.39 0.47 0.22 2 0 80 20 6 2 0 0 0 0 0 0 0 0 0 0 0 0 0 0
20230511 15:59:20.901 12 0 1 0 0 1 0 86 14 0 0 1250 380 0 372 2 1.39 0.47 0.22 2 0 70 0 4 0 0 0 0 0 0 0 0 0 0 0 0 0 0 0
20230511 15:59:21.001 12 0 1 0 0 1 0 86 14 0 0 1010 480 0 372 2 1.39 0.47 0.22 2 0 30 0 2 0 0 20 0 0 0 0 0 0 0 0 0 0 0 0
20230511 15:59:21.101 13 0 0 0 0 0 0 87 13 0 0 1080 400 0 372 2 1.39 0.47 0.22 2 0 20 0 1 0 0 0 0 0 0 0 0 0 0 0 0 0 0 0
20230511 15:59:21.201 12 0 1 0 0 1 0 86 14 0 0 1000 160 0 372 2 1.39 0.47 0.22 2 0 60 0 4 0 0 10 0 0 0 0 0 0 0 0 0 0 0 0
20230511 15:59:21.301 12 0 1 0 0 1 0 87 13 0 0 1090 460 0 372 2 1.39 0.47 0.22 2 0 40 0 2 0 0 0 0 0 0 0 0 0 0 0 0 0 0 0
20230511 15:59:21.401 13 0 3 1 0 2 0 81 18 0 0 2350 2100 0 372 2 1.39 0.47 0.22 2 0 100 20 6 2 0 0 0 0 0 0 20 20 0 1040 1040 0 240 240
20230511 15:59:21.501 12 0 0 0 0 1 0 87 13 0 0 1240 700 0 372 2 1.39 0.47 0.22 2 0 20 0 1 0 0 10 0 0 0 0 0 0 0 0 0 0 0 0
20230511 15:59:21.601 11 0 2 0 0 0 0 87 13 0 0 1180 1780 0 372 2 1.39 0.47 0.22 2 0 70 30 8 6 0 0 0 0 0 0 0 0 0 0 0 0 0 0
20230511 15:59:21.701 11 0 3 0 0 2 0 83 17 0 0 2140 930 0 372 2 1.39 0.47 0.22 2 0 80 20 48 3 0 0 0 0 0 0 0 0 0 0 0 0 0 0
20230511 15:59:21.801 11 0 4 0 0 0 0 86 14 0 0 1440 1020 0 372 2 1.39 0.47 0.22 2 0 30 40 7 30 0 20 0 0 0 0 0 0 0 0 0 0 0 0
20230511 15:59:21.901 12 0 1 0 0 1 0 87 13 0 0 1120 390 0 372 2 1.39 0.47 0.22 2 0 120 0 7 0 0 0 0 0 0 0 0 0 0 0 0 0 0 0
20230511 15:59:22.001 12 0 1 0 0 1 0 86 14 0 0 1080 1540 0 372 2 1.39 0.47 0.22 2 0 30 0 2 0 0 50 0 0 0 0 0 0 0 0 0 0 0 0
20230511 15:59:22.101 13 0 0 0 0 0 0 87 13 0 0 1210 1470 0 372 2 1.39 0.47 0.22 2 0 130 50 10 6 0 0 0 0 0 0 0 0 0 0 0 0 0 0
20230511 15:59:22.201 12 0 2 0 0 1 0 86 14 0 0 1140 2040 0 372 2 1.39 0.47 0.22 2 0 130 60 12 8 0 0 0 0 0 0 0 0 0 0 0 0 0 0
20230511 15:59:22.301 12 0 1 0 0 0 0 87 13 0 0 1210 1610 0 372 2 1.39 0.47 0.22 2 0 110 40 9 5 0 10 0 0 0 0 0 0 0 0 0 0 0 0
20230511 15:59:22.401 13 0 4 0 0 1 0 83 17 0 0 2250 3770 250 374 3 1.39 0.47 0.22 3 0 20 0 1 0 0 0 0 0 0 0 0 0 0 0 0 0 0 0
20230511 15:59:22.501 13 0 1 0 0 0 0 86 14 0 0 2710 1960 30 372 2 1.39 0.47 0.22 2 0 180 40 18 5 0 20 0 0 0 0 0 0 0 0 0 0 0 0
20230511 15:59:22.601 12 0 1 0 0 0 0 87 13 0 0 1190 280 0 372 2 1.39 0.47 0.22 2 0 110 0 7 0 0 0 0 0 0 0 0 0 0 0 0 0 0 0
20230511 15:59:22.701 14 0 3 0 0 2 0 81 19 0 0 2890 3000 280 372 2 1.39 0.47 0.22 2 0 30 0 2 0 0 0 0 0 0 0 0 0 0 0 0 0 0 0
20230511 15:59:22.801 12 0 2 0 0 0 0 86 14 0 0 1900 1140 0 372 2 1.39 0.47 0.22 2 0 80 0 5 0 0 10 0 0 0 0 0 0 0 0 0 0 0 0
20230511 15:59:22.901 12 0 1 0 0 0 0 87 13 0 0 1250 360 0 372 2 1.39 0.47 0.22 2 0 60 10 4 1 0 0 0 0 0 0 0 0 0 0 0 0 0 0
20230511 15:59:23.001 12 0 0 0 0 1 0 87 13 0 0 1090 610 0 372 2 1.39 0.47 0.22 2 0 100 0 6 0 0 0 0 0 0 0 0 0 0 0 0 0 0 0
20230511 15:59:23.101 12 0 1 0 0 0 0 87 13 0 0 1050 520 0 372 2 1.44 0.50 0.23 2 0 40 20 3 2 0 0 0 0 0 0 0 0 0 0 0 0 0 0
20230511 15:59:23.201 12 0 1 0 0 0 0 87 13 0 0 930 200 0 372 2 1.44 0.50 0.23 2 0 40 0 2 0 0 0 0 0 0 0 0 0 0 0 0 0 0 0
20230511 15:59:23.301 12 0 1 0 0 0 0 87 13 0 0 1090 420 0 372 2 1.44 0.50 0.23 2 0 40 0 2 0 0 40 0 0 0 0 0 0 0 0 0 0 0 0
20230511 15:59:23.401 13 0 3 0 0 0 0 85 15 0 0 1950 1320 0 372 2 1.44 0.50 0.23 2 0 30 0 2 0 0 0 0 0 0 0 0 0 0 0 0 0 0 0
20230511 15:59:23.501 13 0 0 0 0 0 0 87 13 0 0 1140 720 0 372 3 1.44 0.50 0.23 2 0 30 0 2 0 0 10 0 0 0 0 0 0 0 0 0 0 0 0
20230511 15:59:23.601 12 0 1 0 0 1 0 86 14 0 0 1080 500 0 372 2 1.44 0.50 0.23 2 0 90 10 5 1 0 0 0 0 0 0 0 0 0 0 0 0 0 0
20230511 15:59:23.701 13 0 2 0 0 0 0 86 14 0 0 2070 920 0 372 2 1.44 0.50 0.23 2 0 60 0 4 0 0 0 0 0 0 0 0 0 0 0 0 0 0 0
20230511 15:59:23.801 13 0 1 0 0 1 0 86 14 0 0 1340 980 0 372 2 1.44 0.50 0.23 2 0 0 0 0 0 0 30 0 0 0 0 0 0 0 0 0 0 0 0
20230511 15:59:23.901 12 0 1 0 0 0 0 87 13 0 0 1100 320 0 372 2 1.44 0.50 0.23 2 0 20 0 1 0 0 0 0 0 0 0 0 0 0 0 0 0 0 0
20230511 15:59:24.001 13 0 0 0 0 0 0 87 13 0 0 1180 1740 0 372 2 1.44 0.50 0.23 2 0 40 0 8 0 0 20 0 0 0 0 0 0 0 0 0 0 0 0
20230511 15:59:24.101 13 0 0 0 0 0 0 87 13 0 0 1180 2270 0 372 2 1.44 0.50 0.23 2 0 120 0 7 0 0 0 0 0 0 0 0 0 0 0 0 0 0 0
20230511 15:59:24.201 13 0 0 0 0 1 0 86 14 0 0 920 220 0 372 2 1.44 0.50 0.23 2 0 10 0 1 0 0 0 0 0 0 0 0 0 0 0 0 0 0 0
20230511 15:59:24.301 12 0 1 0 0 0 0 87 13 0 0 1140 530 0 372 2 1.44 0.50 0.23 2 0 20 0 1 0 0 30 0 0 0 0 0 0 0 0 0 0 0 0
20230511 15:59:24.401 12 0 2 0 0 0 0 86 14 0 0 2000 2480 0 372 2 1.44 0.50 0.23 2 0 10 0 1 0 0 0 0 0 0 0 50 50 0 880 880 0 170 170
20230511 15:59:24.501 12 0 1 0 0 0 0 87 13 0 0 1330 980 0 372 2 1.44 0.50 0.23 2 0 140 20 9 3 0 10 0 0 0 0 0 0 0 0 0 0 0 0
20230511 15:59:24.601 12 0 1 0 0 1 0 86 14 0 0 1050 420 10 374 3 1.44 0.50 0.23 3 0 40 10 3 1 0 0 0 0 0 0 0 0 0 0 0 0 0 0
20230511 15:59:24.701 14 0 4 0 0 1 0 81 19 0 0 3150 2060 80 375 2 1.44 0.50 0.23 2 0 40 10 2 1 0 0 0 0 0 0 0 0 0 0 0 0 0 0
20230511 15:59:24.801 12 0 1 0 0 1 0 86 14 0 0 2120 800 0 375 2 1.44 0.50 0.23 2 0 100 0 6 0 0 10 0 0 0 0 470 470 0 2040 2040 0 0 0
20230511 15:59:24.901 12 0 0 0 0 0 0 88 12 0 0 1090 360 0 375 2 1.44 0.50 0.23 2 0 30 10 2 1 0 0 0 0 0 0 0 0 0 0 0 0 0 0
20230511 15:59:25.001 12 0 0 0 0 1 0 87 13 0 0 1060 610 0 375 2 1.44 0.50 0.23 2 0 30 0 2 0 0 20 0 0 0 0 0 0 0 0 0 0 0 0
20230511 15:59:25.101 12 0 1 0 0 1 0 86 14 0 0 1020 320 0 375 2 1.44 0.50 0.23 2 0 20 0 1 0 0 0 0 0 0 0 0 0 0 0 0 0 0 0
20230511 15:59:25.201 11 0 1 0 0 0 0 88 12 0 0 940 220 0 375 2 1.44 0.50 0.23 2 0 20 0 1 0 0 0 0 0 0 0 0 0 0 0 0 0 0 0
20230511 15:59:25.301 12 0 1 0 0 1 0 86 14 0 0 1170 400 0 375 2 1.44 0.50 0.23 2 0 130 0 8 0 0 20 0 0 0 0 0 0 0 0 0 0 0 0
20230511 15:59:25.401 13 0 2 0 0 2 0 83 17 0 0 1870 1600 0 375 2 1.44 0.50 0.23 2 0 20 0 1 0 0 0 0 0 0 0 0 0 0 0 0 0 0 0
20230511 15:59:25.501 13 0 0 0 0 0 0 87 13 0 0 1120 740 0 375 2 1.44 0.50 0.23 2 0 50 10 3 1 0 0 0 0 0 0 0 0 0 0 0 0 0 0
20230511 15:59:25.601 12 0 0 0 0 1 0 87 13 0 0 1040 260 0 375 2 1.44 0.50 0.23 2 0 30 0 2 0 0 0 0 0 0 0 0 0 0 0 0 0 0 0
20230511 15:59:25.701 12 0 2 0 0 2 0 83 17 0 0 2630 1410 30 372 2 1.44 0.50 0.23 2 0 50 0 6 0 0 0 0 0 0 0 0 0 0 0 0 0 0 0
20230511 15:59:25.801 12 0 1 0 0 1 0 86 14 0 0 1820 1140 0 372 2 1.44 0.50 0.23 2 0 10 0 1 0 0 330 0 0 0 0 0 0 0 0 0 0 0 0
20230511 15:59:25.901 12 0 1 0 0 0 0 87 13 0 0 1140 370 0 372 2 1.44 0.50 0.23 2 0 10 0 1 0 0 0 0 0 0 0 0 0 0 0 0 0 0 0
20230511 15:59:26.001 12 0 0 0 0 1 0 87 13 0 0 980 1750 0 372 2 1.44 0.50 0.23 2 0 30 0 2 0 0 10 0 0 0 0 0 0 0 0 0 0 0 0
20230511 15:59:26.101 12 0 0 0 0 0 0 88 12 0 0 1120 360 0 372 2 1.44 0.50 0.23 2 0 80 0 5 0 0 0 0 0 0 0 0 0 0 0 0 0 0 0
20230511 15:59:26.201 12 0 1 0 0 0 0 87 13 0 0 910 220 0 372 2 1.44 0.50 0.23 2 0 10 0 1 0 0 0 0 0 0 0 0 0 0 0 0 0 0 0
20230511 15:59:26.301 12 0 0 0 0 0 0 88 12 0 0 1050 440 0 372 2 1.44 0.50 0.23 2 0 10 0 1 0 0 10 0 0 0 0 0 0 0 0 0 0 0 0
20230511 15:59:26.401 11 0 3 0 0 2 0 84 16 0 0 1990 1840 0 372 2 1.44 0.50 0.23 2 0 10 0 1 0 0 0 0 0 0 0 20 20 0 200 200 0 30 30
20230511 15:59:26.501 13 0 1 0 0 1 0 86 14 0 0 1210 880 0 372 2 1.44 0.50 0.23 2 0 40 10 8 1 0 30 0 0 0 0 0 0 0 0 0 0 0 0
20230511 15:59:26.601 12 0 0 0 0 0 0 88 12 0 0 1150 1350 0 372 2 1.44 0.50 0.23 2 0 50 0 3 0 0 0 0 0 0 0 0 0 0 0 0 0 0 0
20230511 15:59:26.701 13 0 1 0 0 1 0 84 16 0 0 2210 860 0 372 2 1.44 0.50 0.23 2 0 120 0 7 0 0 0 0 0 0 0 0 0 0 0 0 0 0 0
20230511 15:59:26.801 12 0 1 0 0 1 0 86 14 0 0 1360 860 0 372 2 1.44 0.50 0.23 2 0 20 0 1 0 0 10 0 0 0 0 0 0 0 0 0 0 0 0
20230511 15:59:26.901 12 0 0 0 0 0 0 88 12 0 0 1190 360 0 372 2 1.44 0.50 0.23 2 0 170 0 10 0 0 0 0 0 0 0 0 0 0 0 0 0 0 0
20230511 15:59:27.001 12 0 1 0 0 0 0 87 13 0 0 960 370 0 372 2 1.44 0.50 0.23 2 0 20 0 1 0 0 10 0 0 0 0 0 0 0 0 0 0 0 0
20230511 15:59:27.101 12 0 1 0 0 0 0 87 13 0 0 1000 340 0 372 2 1.44 0.50 0.23 2 0 10 0 1 0 0 0 0 0 0 0 0 0 0 0 0 0 0 0
20230511 15:59:27.201 12 0 0 0 0 1 0 87 13 0 0 940 240 0 372 2 1.44 0.50 0.23 2 0 30 0 2 0 0 0 0 0 0 0 0 0 0 0 0 0 0 0
20230511 15:59:27.301 12 0 1 0 0 0 0 87 13 0 0 1070 400 0 372 2 1.44 0.50 0.23 2 0 50 0 3 0 0 10 0 0 0 0 0 0 0 0 0 0 0 0
20230511 15:59:27.401 13 0 2 0 0 2 0 83 17 0 0 2080 1640 0 372 2 1.44 0.50 0.23 2 0 70 0 4 0 0 0 0 0 0 0 0 0 0 0 0 0 0 0
20230511 15:59:27.501 12 0 1 0 0 0 0 87 13 0 0 1270 600 0 372 2 1.44 0.50 0.23 2 0 80 0 5 0 0 30 0 0 0 0 0 0 0 0 0 0 0 0
20230511 15:59:27.601 12 0 0 0 0 0 0 88 12 0 0 1090 340 0 372 2 1.44 0.50 0.23 2 0 20 0 1 0 0 0 0 0 0 0 0 0 0 0 0 0 0 0
20230511 15:59:27.701 13 0 1 0 0 1 0 85 15 0 0 1810 840 0 372 2 1.44 0.50 0.23 2 0 50 0 3 0 0 0 0 0 0 0 0 0 0 0 0 0 0 0
20230511 15:59:27.801 12 0 1 0 0 0 0 86 14 0 0 1330 900 0 372 2 1.44 0.50 0.23 2 0 20 0 1 0 0 330 0 0 0 0 0 0 0 0 0 0 0 0
20230511 15:59:27.901 12 0 1 0 0 0 0 87 13 0 0 1080 320 0 372 2 1.44 0.50 0.23 2 0 20 0 1 0 0 0 0 0 0 0 0 0 0 0 0 0 0 0
20230511 15:59:28.001 12 0 1 0 0 0 0 87 13 0 0 990 1440 0 372 2 1.44 0.50 0.23 2 0 20 0 1 0 0 0 0 0 0 0 0 0 0 0 0 0 0 0
20230511 15:59:28.101 12 0 1 0 0 0 0 88 12 0 0 1120 490 0 372 2 1.49 0.52 0.24 2 0 40 0 2 0 0 10 0 0 0 0 0 0 0 0 0 0 0 0
20230511 15:59:28.201 13 0 0 0 0 0 0 87 13 0 0 880 200 0 372 2 1.49 0.52 0.24 2 0 0 0 0 0 0 0 0 0 0 0 0 0 0 0 0 0 0 0
20230511 15:59:28.301 12 0 1 0 0 0 0 88 12 0 0 1090 480 0 372 2 1.49 0.52 0.24 2 0 30 0 2 0 0 0 0 0 0 0 0 0 0 0 0 0 0 0
20230511 15:59:28.401 13 0 2 0 0 2 0 83 17 0 0 2090 1920 0 372 2 1.49 0.52 0.24 2 0 10 0 1 0 0 0 0 0 0 0 0 0 0 0 0 0 0 0
20230511 15:59:28.501 12 0 1 0 0 1 0 86 14 0 0 1060 620 0 372 2 1.49 0.52 0.24 2 0 10 0 1 0 0 0 0 0 0 0 0 0 0 0 0 0 0 0
20230511 15:59:28.601 12 0 0 0 0 0 0 88 12 0 0 1080 460 0 372 2 1.49 0.52 0.24 2 0 10 0 1 0 0 0 0 0 0 0 0 0 0 0 0 0 0 0
20230511 15:59:28.701 12 0 2 0 0 1 0 85 15 0 0 2050 820 0 372 2 1.49 0.52 0.24 2 0 90 0 5 0 0 0 0 0 0 0 0 0 0 0 0 0 0 0
20230511 15:59:28.801 12 0 2 0 0 0 0 86 14 0 0 1370 1020 0 372 2 1.49 0.52 0.24 2 0 30 0 2 0 0 0 0 0 0 0 0 0 0 0 0 0 0 0
20230511 15:59:28.901 12 0 0 0 0 0 0 88 12 0 0 1200 310 0 372 2 1.49 0.52 0.24 2 0 150 0 9 0 0 0 0 0 0 0 0 0 0 0 0 0 0 0
20230511 15:59:29.001 12 0 1 0 0 1 0 86 14 0 0 900 240 0 372 2 1.49 0.52 0.24 2 0 10 0 1 0 0 0 0 0 0 0 0 0 0 0 0 0 0 0
20230511 15:59:29.101 9 0 3 0 0 0 0 88 12 0 0 1070 2160 0 372 2 1.49 0.52 0.24 2 0 10 0 1 0 0 0 0 0 0 0 0 0 0 0 0 0 0 0
20230511 15:59:29.201 11 0 2 0 0 0 0 87 13 0 0 960 180 0 372 2 1.49 0.52 0.24 2 0 20 0 1 0 0 0 0 0 0 0 0 0 0 0 0 0 0 0
20230511 15:59:29.301 11 0 1 0 0 1 0 87 13 0 0 1080 440 0 372 2 1.49 0.52 0.24 2 0 10 0 1 0 0 10 0 0 0 0 0 0 0 0 0 0 0 0
20230511 15:59:29.401 12 0 3 1 0 0 0 85 14 0 0 1930 2200 0 372 2 1.49 0.52 0.24 2 0 20 0 1 0 0 0 0 0 0 0 60 60 0 760 760 0 130 130
20230511 15:59:29.501 11 0 2 0 0 0 0 87 13 0 0 1170 590 0 372 3 1.49 0.52 0.24 2 0 40 0 3 0 0 0 0 0 0 0 0 0 0 0 0 0 0 0
20230511 15:59:29.601 12 0 1 0 0 0 0 87 13 0 0 1070 470 0 372 2 1.49 0.52 0.24 2 0 10 10 1 1 0 0 0 0 0 0 0 0 0 0 0 0 0 0
20230511 15:59:29.701 13 0 1 0 0 0 0 85 15 0 0 1860 980 0 372 2 1.49 0.52 0.24 2 0 30 10 2 1 0 0 0 0 0 0 0 0 0 0 0 0 0 0
20230511 15:59:29.801 12 0 1 0 0 0 0 86 14 0 0 1450 1080 0 372 2 1.49 0.52 0.24 2 0 120 0 7 0 0 310 0 0 0 0 0 0 0 0 0 0 0 0
20230511 15:59:29.901 12 0 1 0 0 1 0 87 13 0 0 1150 360 0 372 2 1.49 0.52 0.24 2 0 10 0 1 0 0 0 0 0 0 0 0 0 0 0 0 0 0 0
20230511 15:59:30.001 13 0 0 0 0 0 0 87 13 0 0 950 1390 0 372 2 1.49 0.52 0.24 2 0 20 0 1 0 0 0 0 0 0 0 0 0 0 0 0 0 0 0
20230511 15:59:30.101 12 0 0 0 0 0 0 88 12 0 0 1100 550 0 372 2 1.49 0.52 0.24 2 0 40 0 2 0 0 0 0 0 0 0 0 0 0 0 0 0 0 0
20230511 15:59:30.201 13 0 0 0 0 0 0 87 13 0 0 970 220 0 372 2 1.49 0.52 0.24 2 0 0 0 0 0 0 0 0 0 0 0 0 0 0 0 0 0 0 0
20230511 15:59:30.301 12 0 1 0 0 1 0 87 13 0 0 1090 440 0 372 2 1.49 0.52 0.24 2 0 50 0 3 0 0 0 0 0 0 0 0 0 0 0 0 0 0 0
20230511 15:59:30.401 12 0 2 0 0 2 0 83 17 0 0 2040 1500 0 372 2 1.49 0.52 0.24 2 0 40 0 2 0 0 0 0 0 0 0 0 0 0 0 0 0 0 0
20230511 15:59:30.501 13 0 0 0 0 0 0 87 13 0 0 1090 680 0 372 2 1.49 0.52 0.24 2 0 10 10 1 1 0 0 0 0 0 0 0 0 0 0 0 0 0 0
20230511 15:59:30.602 12 0 0 0 0 0 0 88 12 0 0 1050 455 0 372 2 1.49 0.52 0.24 2 0 10 10 1 1 0 0 0 0 0 0 0 0 0 0 0 0 0 0
20230511 15:59:30.701 11 0 4 0 0 1 0 84 16 0 0 1818 869 0 372 2 1.49 0.52 0.24 2 0 10 0 1 0 0 0 0 0 0 0 0 0 0 0 0 0 0 0
20230511 15:59:30.801 11 0 3 0 0 0 0 87 13 0 0 1390 880 0 372 2 1.49 0.52 0.24 2 0 30 0 2 0 0 20 0 0 0 0 0 0 0 0 0 0 0 0
20230511 15:59:30.901 12 0 1 0 0 0 0 87 13 0 0 1240 340 0 372 2 1.49 0.52 0.24 2 0 120 0 7 0 0 0 0 0 0 0 0 0 0 0 0 0 0 0
20230511 15:59:31.001 12 0 1 0 0 0 0 87 13 0 0 880 180 0 372 2 1.49 0.52 0.24 2 0 0 0 0 0 0 0 0 0 0 0 0 0 0 0 0 0 0 0
20230511 15:59:31.102 12 0 0 0 0 2 0 86 14 0 0 1089 485 0 372 2 1.49 0.52 0.24 2 0 10 0 1 0 0 0 0 0 0 0 0 0 0 0 0 0 0 0
20230511 15:59:31.201 12 0 1 0 0 0 0 87 13 0 0 970 202 0 372 2 1.49 0.52 0.24 2 0 20 0 1 0 0 0 0 0 0 0 0 0 0 0 0 0 0 0
20230511 15:59:31.301 12 0 1 0 0 1 0 86 14 0 0 1100 460 0 372 2 1.49 0.52 0.24 2 0 0 0 0 0 0 10 0 0 0 0 0 0 0 0 0 0 0 0
20230511 15:59:31.401 13 0 2 0 0 0 0 85 15 0 0 2010 2640 0 372 2 1.49 0.52 0.24 2 0 100 0 6 0 0 0 0 0 0 0 20 20 0 200 200 0 30 30
20230511 15:59:31.501 12 0 0 0 0 0 0 88 12 0 0 1170 570 0 372 2 1.49 0.52 0.24 2 0 20 0 1 0 0 0 0 0 0 0 0 0 0 0 0 0 0 0
20230511 15:59:31.602 12 0 1 0 0 0 0 87 13 0 0 1030 1604 0 372 2 1.49 0.52 0.24 2 0 30 0 2 0 0 0 0 0 0 0 0 0 0 0 0 0 0 0
20230511 15:59:31.702 11 0 4 0 0 0 0 86 14 0 0 2000 860 0 372 2 1.49 0.52 0.24 2 0 0 0 0 0 0 0 0 0 0 0 0 0 0 0 0 0 0 0
20230511 15:59:31.801 12 0 2 0 0 1 0 85 15 0 0 1465 949 0 372 2 1.49 0.52 0.24 2 0 162 0 9 0 0 313 0 0 0 0 0 0 0 0 0 0 0 0
20230511 15:59:31.901 12 0 0 0 0 1 0 87 13 0 0 1120 490 0 372 2 1.49 0.52 0.24 2 0 30 10 7 1 0 0 0 0 0 0 0 0 0 0 0 0 0 0
20230511 15:59:32.001 12 0 1 0 0 0 0 87 13 0 0 1100 2630 0 372 2 1.49 0.52 0.24 2 0 20 10 2 1 0 0 0 0 0 0 0 0 0 0 0 0 0 0
20230511 15:59:32.102 13 0 0 0 0 0 0 87 13 0 0 1030 485 0 372 2 1.49 0.52 0.24 2 0 0 0 0 0 0 20 0 0 0 0 0 0 0 0 0 0 0 0
20230511 15:59:32.201 13 0 0 0 0 0 0 87 13 0 0 899 182 0 372 2 1.49 0.52 0.24 2 0 10 0 1 0 0 0 0 0 0 0 0 0 0 0 0 0 0 0
20230511 15:59:32.301 11 0 2 0 0 0 0 88 12 0 0 1070 420 0 372 2 1.49 0.52 0.24 2 0 40 0 2 0 0 10 0 0 0 0 0 0 0 0 0 0 0 0
20230511 15:59:32.401 9 0 6 0 0 2 0 83 17 0 0 1990 2060 0 372 2 1.49 0.52 0.24 2 0 60 0 4 0 0 0 0 0 0 0 0 0 0 0 0 0 0 0
20230511 15:59:32.501 12 0 1 0 0 0 0 87 13 0 0 1110 500 0 372 2 1.49 0.52 0.24 2 0 20 0 1 0 0 0 0 0 0 0 0 0 0 0 0 0 0 0
20230511 15:59:32.602 12 0 0 0 0 0 0 88 12 0 0 1119 317 0 372 2 1.49 0.52 0.24 2 0 40 0 2 0 0 20 0 0 0 0 0 0 0 0 0 0 0 0
20230511 15:59:32.701 13 0 2 0 0 0 0 85 15 0 0 1960 828 0 372 2 1.49 0.52 0.24 2 0 40 0 2 0 0 0 0 0 0 0 0 0 0 0 0 0 0 0
20230511 15:59:32.801 12 0 1 0 0 1 0 86 14 0 0 1320 840 0 372 2 1.49 0.52 0.24 2 0 30 0 2 0 0 0 0 0 0 0 0 0 0 0 0 0 0 0
20230511 15:59:32.901 12 0 1 0 0 0 0 87 13 0 0 1050 380 0 372 2 1.49 0.52 0.24 2 0 0 0 0 0 0 0 0 0 0 0 0 0 0 0 0 0 0 0
20230511 15:59:33.001 13 0 0 0 0 0 0 87 13 0 0 990 230 0 372 2 1.49 0.52 0.24 2 0 90 0 5 0 0 0 0 0 0 0 0 0 0 0 0 0 0 0
20230511 15:59:33.102 12 0 0 0 0 0 0 88 12 0 0 1069 436 0 372 2 1.53 0.55 0.25 2 0 10 0 1 0 0 0 0 0 0 0 0 0 0 0 0 0 0 0
20230511 15:59:33.201 8 0 6 0 0 0 0 87 13 0 0 929 202 0 372 2 1.53 0.55 0.25 2 0 40 0 2 0 0 0 0 0 0 0 0 0 0 0 0 0 0 0
20230511 15:59:33.301 11 0 2 0 0 0 0 87 13 0 0 1010 340 0 372 2 1.53 0.55 0.25 2 0 0 0 0 0 0 30 0 0 0 0 0 0 0 0 0 0 0 0
20230511 15:59:33.401 8 0 6 0 0 1 0 85 15 0 0 2090 1680 0 372 2 1.53 0.55 0.25 2 0 20 0 1 0 0 0 0 0 0 0 0 0 0 0 0 0 0 0
20230511 15:59:33.501 9 0 6 2 0 0 0 84 14 0 0 2390 1740 0 372 2 1.53 0.55 0.25 2 1 20 0 1 0 0 0 0 0 0 0 850 850 0 453840 453840 0 40 40
20230511 15:59:33.602 11 0 3 4 0 1 0 82 14 0 0 1842 703 0 372 3 1.53 0.55 0.25 3 0 30 0 2 0 0 10 0 0 0 0 673 673 0 689425 689425 0 0 0
20230511 15:59:33.701 14 0 3 4 0 0 0 79 17 0 0 3182 1081 0 372 2 1.53 0.55 0.25 2 1 10 0 1 0 0 0 0 0 0 0 1030 1030 0 746586 746586 0 172 172
20230511 15:59:33.801 9 0 5 6 0 0 0 80 14 0 0 1550 1390 0 372 2 1.53 0.55 0.25 2 1 100 0 6 0 0 10 0 0 0 0 150 150 0 156160 156160 0 10 10
20230511 15:59:33.901 12 0 0 6 0 0 0 82 12 0 0 1250 540 0 372 2 1.53 0.55 0.25 2 1 10 0 1 0 0 0 0 0 0 0 80 80 0 81920 81920 0 0 0
20230511 15:59:34.001 12 0 1 6 0 1 0 80 14 0 0 1080 1590 0 372 2 1.53 0.55 0.25 2 1 20 0 1 0 0 0 0 0 0 0 120 120 0 115600 115600 0 0 0
20230511 15:59:34.102 12 0 1 6 0 0 0 82 13 0 0 1129 2277 0 372 2 1.53 0.55 0.25 2 1 0 0 0 0 0 10 0 0 0 0 79 79 0 86178 86178 0 0 0
20230511 15:59:34.201 12 0 1 6 0 0 0 81 13 0 0 1444 333 0 372 2 1.53 0.55 0.25 2 1 30 0 7 0 0 0 0 0 0 0 424 424 0 123879 123879 0 0 0
20230511 15:59:34.301 13 0 1 6 0 0 0 81 14 0 0 1900 270 0 372 2 1.53 0.55 0.25 2 1 120 0 7 0 0 0 0 0 0 0 840 840 0 120320 120320 0 0 0
20230511 15:59:34.401 11 0 3 8 0 1 0 76 16 0 0 3340 3290 0 372 2 1.53 0.55 0.25 2 2 40 0 2 0 0 20 0 0 0 0 1280 1280 0 179680 179680 0 100 100
20230511 15:59:34.501 8 0 0 11 0 0 0 82 8 0 0 1490 1020 0 372 2 1.53 0.55 0.25 1 2 20 0 1 0 0 0 0 0 0 150 740 890 7920 105000 112920 0 0 0
20230511 15:59:34.602 8 0 3 8 0 0 0 81 11 0 0 3980 5337 0 372 2 1.53 0.55 0.25 2 1 10 0 1 0 0 20 0 0 0 842 2376 3218 94653 340911 435564 0 0 0
20230511 15:59:34.701 6 0 6 10 0 0 0 78 12 0 0 5000 9354 0 372 2 1.53 0.55 0.25 2 1 101 10 6 1 0 0 0 0 0 879 2111 2990 111596 303838 415434 0 0 0
20230511 15:59:34.801 5 0 6 7 0 1 0 82 11 0 0 4740 11860 0 372 2 1.53 0.55 0.25 1 0 60 0 4 0 0 0 0 0 0 470 3050 3520 60160 554799 614959 0 50 50
20230511 15:59:34.901 2 0 3 14 0 1 0 80 6 0 0 1010 1960 0 372 0 1.53 0.55 0.25 0 3 0 0 0 0 0 0 0 0 0 160 260 420 20480 116480 136960 0 20 20
20230511 15:59:35.001 3 0 2 11 0 0 0 85 4 0 0 1060 2140 0 372 2 1.53 0.55 0.25 1 2 120 0 7 0 0 0 0 0 0 320 190 510 40960 120320 161280 0 10 10
20230511 15:59:35.102 2 0 2 14 0 0 0 81 5 0 0 792 1337 0 372 0 1.53 0.55 0.25 0 3 0 0 0 0 0 10 0 0 0 129 139 267 16475 79842 96317 0 10 10
20230511 15:59:35.201 4 0 3 13 0 0 0 80 7 0 0 1071 2273 0 372 0 1.53 0.55 0.25 0 3 30 0 2 0 0 0 0 0 0 323 212 535 41374 122828 164202 0 0 0
20230511 15:59:35.301 1 0 2 16 0 0 0 81 3 0 0 700 1140 0 372 2 1.53 0.55 0.25 1 2 20 0 1 0 0 0 0 0 0 190 140 330 24320 83200 107520 0 20 20
20230511 15:59:35.401 3 0 5 12 0 0 0 80 8 0 0 2140 4610 0 372 2 1.53 0.55 0.25 1 1 20 0 1 0 0 20 0 0 0 350 150 500 44800 93200 138000 0 10 10
20230511 15:59:35.501 4 0 5 10 0 0 0 81 9 0 0 1860 5040 0 372 3 1.53 0.55 0.25 1 2 20 10 1 1 0 0 0 0 0 670 410 1080 85760 125600 211360 0 10 10
20230511 15:59:35.601 5 0 4 8 0 0 0 83 8 0 0 2620 8220 0 372 3 1.53 0.55 0.25 0 3 30 20 3 1 0 0 0 0 0 510 1350 1860 65280 690959 756239 0 70 70
20230511 15:59:35.701 6 0 7 8 0 0 0 79 13 0 0 3340 7490 0 372 1 1.53 0.55 0.25 0 3 20 0 1 0 0 0 0 0 0 510 1260 1770 65280 657161 722441 0 60 60
20230511 15:59:35.801 7 0 3 9 0 0 0 81 10 0 0 2110 4890 0 372 0 1.53 0.55 0.25 0 3 30 0 2 0 0 0 0 0 0 480 610 1090 61440 474959 536399 0 40 40
20230511 15:59:35.901 6 0 3 9 0 0 0 81 9 0 0 1460 2990 0 372 2 1.53 0.55 0.25 1 2 10 0 1 0 0 20 0 0 0 550 120 670 70400 122880 193280 0 0 0
20230511 15:59:36.001 6 0 5 9 0 0 0 81 11 0 0 1280 4530 0 372 2 1.53 0.55 0.25 2 1 20 0 1 0 0 0 0 0 0 440 80 520 56320 81920 138240 0 0 0
20230511 15:59:36.101 4 0 6 9 0 0 0 82 9 0 0 1390 2880 0 372 2 1.53 0.55 0.25 3 0 0 0 0 0 0 0 0 0 0 480 100 580 61440 102400 163840 0 0 0
20230511 15:59:36.201 2 0 2 15 0 0 0 81 4 0 0 570 1290 0 372 0 1.53 0.55 0.25 0 3 0 0 0 0 0 0 0 0 0 100 100 200 12800 102400 115200 0 0 0
20230511 15:59:36.301 1 0 1 17 0 0 0 81 2 0 0 550 1060 0 372 0 1.53 0.55 0.25 0 3 10 0 1 0 0 0 0 0 0 160 80 240 20480 81920 102400 0 0 0
20230511 15:59:36.401 1 0 3 17 0 0 0 80 3 0 0 1680 3000 0 372 0 1.53 0.55 0.25 0 1 40 0 2 0 0 0 0 0 0 150 90 240 19200 94720 113920 0 0 0
20230511 15:59:36.501 1 0 1 15 0 0 0 84 1 0 0 380 980 0 372 0 1.53 0.55 0.25 0 4 40 0 2 0 0 0 0 0 0 20 70 90 2560 62760 65320 0 320 320
20230511 15:59:36.602 1 0 0 19 0 0 0 81 1 0 0 426 1752 0 372 0 1.53 0.55 0.25 0 4 10 0 1 0 0 0 0 0 0 20 0 20 2535 0 2535 0 0 0
20230511 15:59:36.701 1 0 1 18 0 0 0 80 2 0 0 949 646 0 372 0 1.53 0.55 0.25 0 4 40 0 2 0 0 0 0 0 0 0 0 0 0 0 0 0 0 0
20230511 15:59:36.801 1 0 2 16 0 1 0 81 4 0 0 830 1440 0 372 2 1.53 0.55 0.25 2 1 20 0 1 0 0 0 0 0 0 170 80 250 21760 69160 90920 0 0 0
20230511 15:59:36.901 8 0 4 7 0 0 0 81 12 0 0 1400 2150 0 372 1 1.53 0.55 0.25 2 1 0 0 0 0 0 0 0 0 0 300 90 390 38240 94720 132960 0 0 0
20230511 15:59:37.001 8 0 1 10 0 0 0 81 9 0 0 1000 1630 0 372 1 1.53 0.55 0.25 2 1 20 0 1 0 0 0 0 0 0 280 100 380 35840 102400 138240 0 0 0
20230511 15:59:37.101 7 0 2 10 0 1 0 80 10 0 0 960 1130 0 372 2 1.53 0.55 0.25 2 1 10 0 1 0 0 0 0 0 0 130 120 250 16640 122880 139520 0 0 0
20230511 15:59:37.201 9 0 1 9 0 0 0 80 11 0 0 1140 1400 0 372 2 1.53 0.55 0.25 2 1 130 0 8 0 0 0 0 0 0 220 100 320 28160 102400 130560 0 0 0
20230511 15:59:37.301 7 0 3 9 0 0 0 82 9 0 0 1020 1430 0 372 1 1.53 0.55 0.25 1 2 10 0 1 0 0 0 0 0 0 160 130 290 20480 125240 145720 0 0 0
20230511 15:59:37.401 11 0 6 7 0 1 0 76 17 0 0 2880 5040 210 374 4 1.53 0.55 0.25 3 1 30 0 2 0 0 10 0 0 0 370 300 670 46800 311040 357840 0 20 20
20230511 15:59:37.501 13 0 2 6 0 0 0 79 15 0 0 3210 4310 90 372 3 1.53 0.55 0.25 2 1 10 0 1 0 0 0 0 0 0 0 850 850 0 536481 536481 0 20 20
20230511 15:59:37.601 13 0 1 4 0 0 0 82 13 0 0 2100 920 0 372 2 1.53 0.55 0.25 2 1 30 0 2 0 0 10 0 0 0 0 790 790 0 512359 512359 0 20 20
20230511 15:59:37.701 14 0 4 6 0 1 0 76 19 0 0 3180 2890 300 372 2 1.53 0.55 0.25 2 1 30 0 2 0 0 0 0 0 0 0 100 100 0 102400 102400 0 0 0
20230511 15:59:37.801 12 0 1 5 0 1 0 81 14 0 0 1640 740 0 372 2 1.53 0.55 0.25 2 1 20 0 1 0 0 0 0 0 0 0 100 100 0 102400 102400 0 0 0
20230511 15:59:37.901 12 0 2 6 0 0 0 81 14 0 0 1260 610 0 372 2 1.53 0.55 0.25 2 1 20 0 1 0 0 30 0 0 0 0 80 80 0 81920 81920 0 0 0
20230511 15:59:38.001 12 0 1 6 0 0 0 81 12 0 0 1120 1470 0 372 2 1.53 0.55 0.25 2 1 10 0 1 0 0 0 0 0 0 0 120 120 0 122880 122880 0 0 0
20230511 15:59:38.101 13 0 0 6 0 1 0 80 14 0 0 1160 530 0 372 2 1.65 0.59 0.26 2 1 0 0 0 0 0 10 0 0 0 0 70 70 0 69120 69120 0 0 0
20230511 15:59:38.201 11 0 2 6 0 0 0 81 13 0 0 1090 360 0 372 2 1.65 0.59 0.26 2 1 0 0 0 0 0 0 0 0 0 0 160 160 0 163840 163840 0 0 0
20230511 15:59:38.301 13 0 1 5 0 0 0 81 14 0 0 1740 300 0 372 2 1.65 0.59 0.26 2 1 110 0 6 0 0 0 0 0 0 0 610 610 0 614399 614399 0 0 0
20230511 15:59:38.401 12 0 4 4 0 2 0 78 18 0 0 3120 2010 0 372 2 1.65 0.59 0.26 2 1 40 0 2 0 0 10 0 0 0 0 930 930 0 918921 918921 0 40 40
20230511 15:59:38.501 12 0 1 1 0 1 0 85 14 0 0 1950 590 0 372 2 1.65 0.59 0.26 4 0 40 0 2 0 0 0 0 0 0 0 650 650 0 332080 332080 0 0 0
20230511 15:59:38.601 11 0 1 1 0 0 0 88 12 0 0 1030 640 0 372 2 1.65 0.59 0.26 2 0 0 0 0 0 0 0 0 0 0 10 0 10 40 0 40 0 0 0
20230511 15:59:38.701 12 0 3 0 0 0 0 85 15 0 0 1860 840 0 372 2 1.65 0.59 0.26 2 0 10 0 1 0 0 0 0 0 0 0 0 0 0 0 0 0 0 0
20230511 15:59:38.801 11 0 1 0 0 2 0 86 14 0 0 1240 680 0 372 2 1.65 0.59 0.26 2 0 40 0 2 0 0 0 0 0 0 0 0 0 0 0 0 0 0 0
20230511 15:59:38.901 12 0 1 0 0 0 0 87 13 0 0 1160 710 0 372 2 1.65 0.59 0.26 2 0 10 0 1 0 0 0 0 0 0 0 0 0 0 0 0 0 0 0
20230511 15:59:39.001 11 0 1 0 0 0 0 88 12 0 0 1030 360 0 372 2 1.65 0.59 0.26 2 0 20 0 1 0 0 0 0 0 0 0 0 0 0 0 0 0 0 0
20230511 15:59:39.101 12 0 1 0 0 1 0 86 14 0 0 1150 2420 0 372 2 1.65 0.59 0.26 2 0 50 0 3 0 0 20 0 0 0 0 0 0 0 0 0 0 0 0
20230511 15:59:39.201 11 0 1 0 0 0 0 87 13 0 0 1080 380 0 372 2 1.65 0.59 0.26 2 0 50 0 3 0 0 0 0 0 0 0 0 0 0 0 0 0 0 0
20230511 15:59:39.301 11 0 2 0 0 0 0 88 12 0 0 1050 700 0 372 2 1.65 0.59 0.26 2 0 10 0 1 0 0 0 0 0 0 10 0 10 40 0 40 0 0 0
20230511 15:59:39.401 9 0 5 2 0 0 0 83 14 0 0 2010 2780 0 372 2 1.65 0.59 0.26 2 1 40 0 2 0 0 40 0 0 0 0 30 30 0 560 560 0 110 110
20230511 15:59:39.501 12 0 1 2 0 0 0 84 13 0 0 1160 530 0 372 3 1.65 0.59 0.26 2 0 10 0 1 0 0 0 0 0 0 0 10 10 0 40 40 0 0 0
20230511 15:59:39.601 11 0 2 0 0 0 0 87 13 0 0 1120 600 0 372 2 1.65 0.59 0.26 2 0 30 0 2 0 0 20 0 0 0 0 0 0 0 0 0 0 0 0
20230511 15:59:39.701 11 0 4 0 0 0 0 85 15 0 0 1940 1000 0 372 2 1.65 0.59 0.26 2 0 30 10 2 1 0 0 0 0 0 0 0 0 0 0 0 0 0 0
20230511 15:59:39.801 12 0 1 0 0 1 0 86 14 0 0 1220 680 0 372 2 1.65 0.59 0.26 2 0 40 0 2 0 0 0 0 0 0 0 0 0 0 0 0 0 0 0
20230511 15:59:39.901 11 0 2 0 0 1 0 86 14 0 0 1160 580 0 372 2 1.65 0.59 0.26 2 0 30 0 2 0 0 40 0 0 0 0 0 0 0 0 0 0 0 0
20230511 15:59:40.001 11 0 2 0 0 0 0 87 13 0 0 1170 2950 0 372 2 1.65 0.59 0.26 2 0 20 10 1 1 0 0 0 0 0 0 0 0 0 0 0 0 0 0
20230511 15:59:40.101 11 0 2 0 0 0 0 87 13 0 0 1040 700 0 372 2 1.65 0.59 0.26 2 0 0 0 0 0 0 0 0 0 0 0 0 0 0 0 0 0 0 0
20230511 15:59:40.201 12 0 1 0 0 0 0 87 13 0 0 930 410 0 372 2 1.65 0.59 0.26 2 0 0 0 0 0 0 0 0 0 0 0 0 0 0 0 0 0 0 0
20230511 15:59:40.301 11 0 1 0 0 0 0 87 13 0 0 1130 460 0 372 2 1.65 0.59 0.26 2 0 100 0 6 0 0 0 0 0 0 0 0 0 0 0 0 0 0 0
20230511 15:59:40.401 11 0 4 0 0 1 0 85 15 0 0 2160 2520 0 372 2 1.65 0.59 0.26 2 0 20 0 1 0 0 0 0 0 0 0 0 0 0 0 0 0 0 0
20230511 15:59:40.501 12 0 1 0 0 0 0 88 12 0 0 1180 560 0 372 3 1.65 0.59 0.26 2 0 50 10 3 1 0 0 0 0 0 0 0 0 0 0 0 0 0 0
20230511 15:59:40.601 12 0 1 0 0 0 0 87 13 0 0 1100 740 0 372 2 1.65 0.59 0.26 2 0 20 20 2 1 0 0 0 0 0 0 0 0 0 0 0 0 0 0
20230511 15:59:40.701 12 0 2 0 0 1 0 84 16 0 0 2200 760 0 372 2 1.65 0.59 0.26 2 0 30 0 2 0 0 0 0 0 0 0 0 0 0 0 0 0 0 0
20230511 15:59:40.801 12 0 0 0 0 1 0 86 14 0 0 1270 620 0 372 2 1.65 0.59 0.26 2 0 60 0 4 0 0 0 0 0 0 0 0 0 0 0 0 0 0 0
20230511 15:59:40.901 13 0 0 0 0 0 0 87 13 0 0 990 410 0 372 2 1.65 0.59 0.26 2 0 10 0 1 0 0 10 0 0 0 0 0 0 0 0 0 0 0 0
20230511 15:59:41.001 12 0 1 0 0 0 0 87 13 0 0 1040 240 0 372 2 1.65 0.59 0.26 2 0 90 0 5 0 0 0 0 0 0 0 0 0 0 0 0 0 0 0
20230511 15:59:41.101 12 0 1 0 0 2 0 85 15 0 0 1150 620 0 372 2 1.65 0.59 0.26 2 0 50 0 3 0 0 0 0 0 0 0 0 0 0 0 0 0 0 0
20230511 15:59:41.201 11 0 1 0 0 0 0 88 12 0 0 1110 740 0 372 2 1.65 0.59 0.26 2 0 50 0 3 0 0 0 0 0 0 0 0 0 0 0 0 0 0 0
20230511 15:59:41.301 11 0 2 0 0 0 0 86 14 0 0 1130 500 0 372 2 1.65 0.59 0.26 2 0 40 0 2 0 0 0 0 0 0 0 0 0 0 0 0 0 0 0
20230511 15:59:41.401 12 0 3 0 0 0 0 86 14 0 0 1890 1990 0 372 2 1.65 0.59 0.26 2 0 40 0 2 0 0 10 0 0 0 0 0 0 0 0 0 0 0 0
20230511 15:59:41.501 11 0 1 0 0 1 0 87 13 0 0 1040 680 0 372 2 1.65 0.59 0.26 2 0 10 0 1 0 0 0 0 0 0 0 20 20 0 920 920 0 210 210
20230511 15:59:41.601 12 0 1 0 0 0 0 87 13 0 0 1150 2530 0 372 2 1.65 0.59 0.26 2 0 30 0 2 0 0 0 0 0 0 0 0 0 0 0 0 0 0 0
20230511 15:59:41.701 13 0 2 0 0 0 0 86 14 0 0 2080 810 0 372 2 1.65 0.59 0.26 2 0 20 0 1 0 0 0 0 0 0 0 0 0 0 0 0 0 0 0
20230511 15:59:41.801 11 0 2 0 0 0 0 87 13 0 0 1190 880 0 372 2 1.65 0.59 0.26 2 0 20 0 1 0 0 0 0 0 0 0 0 0 0 0 0 0 0 0
20230511 15:59:41.901 11 0 2 0 0 0 0 87 13 0 0 1100 750 0 372 2 1.65 0.59 0.26 2 0 20 0 1 0 0 40 0 0 0 0 0 0 0 0 0 0 0 0
20230511 15:59:42.001 12 0 1 0 0 0 0 87 13 0 0 970 2430 0 372 2 1.65 0.59 0.26 2 0 0 0 0 0 0 0 0 0 0 0 0 0 0 0 0 0 0 0
20230511 15:59:42.101 11 0 1 0 0 0 0 88 12 0 0 1040 390 0 372 2 1.65 0.59 0.26 2 0 20 0 1 0 0 0 0 0 0 0 0 0 0 0 0 0 0 0
20230511 15:59:42.201 10 0 3 0 0 0 0 87 13 0 0 1050 680 0 372 2 1.65 0.59 0.26 2 0 10 0 1 0 0 10 0 0 0 0 0 0 0 0 0 0 0 0
20230511 15:59:42.301 12 0 1 0 0 1 0 86 14 0 0 1010 320 0 372 2 1.65 0.59 0.26 2 0 30 0 2 0 0 0 0 0 0 0 0 0 0 0 0 0 0 0
20230511 15:59:42.401 11 0 3 0 0 0 0 86 14 0 0 2120 2070 0 372 2 1.65 0.59 0.26 2 0 30 0 2 0 0 0 0 0 0 0 0 0 0 0 0 0 0 0
20230511 15:59:42.501 12 0 1 0 0 0 0 87 13 0 0 1040 400 0 372 2 1.65 0.59 0.26 2 0 30 0 2 0 0 0 0 0 0 0 0 0 0 0 0 0 0 0
20230511 15:59:42.601 12 0 1 0 0 0 0 88 12 0 0 1040 620 0 372 2 1.65 0.59 0.26 2 0 10 0 1 0 0 0 0 0 0 0 0 0 0 0 0 0 0 0
20230511 15:59:42.701 12 0 3 0 0 0 0 86 14 0 0 1890 930 0 372 2 1.65 0.59 0.26 2 0 0 0 0 0 0 0 0 0 0 0 0 0 0 0 0 0 0 0
20230511 15:59:42.801 12 0 1 0 0 2 0 85 15 0 0 1140 660 0 372 2 1.65 0.59 0.26 2 0 20 0 1 0 0 0 0 0 0 0 0 0 0 0 0 0 0 0
20230511 15:59:42.901 10 0 3 0 0 0 0 87 13 0 0 1140 590 0 372 2 1.65 0.59 0.26 2 0 30 0 2 0 0 0 0 0 0 0 0 0 0 0 0 0 0 0
20230511 15:59:43.001 12 0 1 0 0 0 0 87 13 0 0 1010 320 0 372 2 1.65 0.59 0.26 2 0 20 0 1 0 0 0 0 0 0 0 0 0 0 0 0 0 0 0
20230511 15:59:43.101 11 0 1 0 0 0 0 88 12 0 0 1030 320 0 372 2 1.67 0.61 0.27 2 0 30 0 2 0 0 0 0 0 0 0 0 0 0 0 0 0 0 0
20230511 15:59:43.201 12 0 1 0 0 0 0 87 13 0 0 1060 530 0 372 2 1.67 0.61 0.27 2 0 40 0 2 0 0 10 0 0 0 0 0 0 0 0 0 0 0 0
20230511 15:59:43.301 11 0 2 0 0 0 0 87 13 0 0 1060 440 0 372 2 1.67 0.61 0.27 2 0 30 0 2 0 0 0 0 0 0 0 0 0 0 0 0 0 0 0
20230511 15:59:43.401 13 0 2 0 0 1 0 84 16 0 0 1990 1990 0 372 2 1.67 0.61 0.27 2 0 30 0 2 0 0 40 0 0 0 0 0 0 0 0 0 0 0 0
20230511 15:59:43.501 12 0 1 0 0 0 0 87 13 0 0 1100 300 0 372 2 1.67 0.61 0.27 2 0 20 0 1 0 0 0 0 0 0 0 0 0 0 0 0 0 0 0
20230511 15:59:43.601 13 0 0 0 0 0 0 87 13 0 0 1060 460 0 372 2 1.67 0.61 0.27 2 0 20 0 1 0 0 0 0 0 0 0 0 0 0 0 0 0 0 0
20230511 15:59:43.701 12 0 2 0 0 0 0 86 14 0 0 1790 740 0 372 2 1.67 0.61 0.27 2 0 20 0 1 0 0 10 0 0 0 0 0 0 0 0 0 0 0 0
20230511 15:59:43.801 12 0 0 0 0 1 0 86 14 0 0 1290 590 0 372 2 1.67 0.61 0.27 2 0 100 0 6 0 0 0 0 0 0 0 0 0 0 0 0 0 0 0
20230511 15:59:43.901 13 0 0 0 0 0 0 87 13 0 0 1130 480 0 372 2 1.67 0.61 0.27 2 0 20 0 1 0 0 30 0 0 0 0 0 0 0 0 0 0 0 0
20230511 15:59:44.001 12 0 0 0 0 1 0 87 13 0 0 990 1690 0 372 2 1.67 0.61 0.27 2 0 0 0 0 0 0 0 0 0 0 0 0 0 0 0 0 0 0 0
20230511 15:59:44.101 12 0 1 0 0 0 0 87 13 0 0 1040 2190 0 372 2 1.67 0.61 0.27 2 0 30 0 2 0 0 0 0 0 0 0 0 0 0 0 0 0 0 0
20230511 15:59:44.201 12 0 1 0 0 0 0 87 13 0 0 1060 500 0 372 2 1.67 0.61 0.27 2 0 0 0 0 0 0 20 0 0 0 0 0 0 0 0 0 0 0 0
20230511 15:59:44.301 11 0 2 0 0 0 0 88 12 0 0 1060 580 0 372 2 1.67 0.61 0.27 2 0 50 0 3 0 0 0 0 0 0 0 0 0 0 0 0 0 0 0
20230511 15:59:44.401 12 0 2 1 0 0 0 84 15 0 0 2250 2490 0 372 2 1.67 0.61 0.27 2 0 60 0 4 0 0 10 0 0 0 0 60 60 0 680 680 0 110 110
20230511 15:59:44.501 12 0 0 0 0 0 0 88 12 0 0 1090 300 0 372 2 1.67 0.61 0.27 2 0 40 0 2 0 0 0 0 0 0 0 0 0 0 0 0 0 0 0
20230511 15:59:44.601 12 0 1 0 0 1 0 86 14 0 0 1140 520 0 372 2 1.67 0.61 0.27 2 0 40 0 2 0 0 0 0 0 0 0 0 0 0 0 0 0 0 0
20230511 15:59:44.701 13 0 2 0 0 0 0 85 15 0 0 2150 900 0 372 2 1.67 0.61 0.27 2 0 0 10 0 1 0 0 0 0 0 0 0 0 0 0 0 0 0 0
20230511 15:59:44.801 12 0 0 0 0 1 0 86 14 0 0 1240 640 0 372 2 1.67 0.61 0.27 2 0 20 0 1 0 0 0 0 0 0 0 0 0 0 0 0 0 0 0
20230511 15:59:44.901 12 0 1 0 0 0 0 87 13 0 0 1120 390 0 372 2 1.67 0.61 0.27 2 0 50 0 3 0 0 0 0 0 0 0 0 0 0 0 0 0 0 0
20230511 15:59:45.001 11 0 1 0 0 1 0 88 12 0 0 1070 630 0 372 2 1.67 0.61 0.27 2 0 40 0 2 0 0 0 0 0 0 0 0 0 0 0 0 0 0 0
20230511 15:59:45.101 12 0 1 0 0 0 0 87 13 0 0 1010 320 0 372 2 1.67 0.61 0.27 2 0 20 0 1 0 0 0 0 0 0 0 0 0 0 0 0 0 0 0
20230511 15:59:45.201 12 0 1 0 0 0 0 88 12 0 0 1070 420 0 372 2 1.67 0.61 0.27 2 0 40 0 2 0 0 10 0 0 0 0 0 0 0 0 0 0 0 0
20230511 15:59:45.301 10 0 3 1 0 0 0 86 13 0 0 2160 2440 0 372 3 1.67 0.61 0.27 2 0 90 0 5 0 0 0 0 0 0 1050 0 1050 103720 0 103720 0 0 0
20230511 15:59:45.401 4 0 3 11 0 0 0 81 8 0 0 4020 6620 0 372 2 1.67 0.61 0.27 2 1 110 0 6 0 0 10 0 0 0 1140 1160 2300 145040 674161 819201 0 80 80
20230511 15:59:45.501 3 0 1 16 0 0 0 80 4 0 0 1770 2460 0 372 0 1.67 0.61 0.27 0 3 30 10 2 1 0 0 0 0 0 440 910 1350 56320 738481 794801 0 120 120
20230511 15:59:45.601 3 0 1 14 0 0 0 82 4 0 0 1620 2480 0 372 1 1.67 0.61 0.27 3 0 50 20 4 1 0 0 0 0 0 380 710 1090 48640 729599 778239 0 0 0
20230511 15:59:45.701 1 0 3 15 0 0 0 80 4 0 0 1760 1770 0 372 0 1.67 0.61 0.27 0 3 10 0 1 0 0 0 0 0 0 190 300 490 24320 307200 331520 0 0 0
20230511 15:59:45.801 3 0 0 16 0 0 0 82 3 0 0 1300 2450 0 372 0 1.67 0.61 0.27 0 3 70 0 4 0 0 0 0 0 0 450 80 530 57600 81920 139520 0 10 10
20230511 15:59:45.901 3 0 1 15 0 0 0 81 4 0 0 940 1910 0 372 0 1.67 0.61 0.27 0 3 20 0 1 0 0 0 0 0 0 420 120 540 53760 120320 174080 0 0 0
20230511 15:59:46.001 2 0 1 16 0 0 0 81 3 0 0 800 3160 0 372 1 1.67 0.61 0.27 2 1 0 0 0 0 0 20 0 0 0 320 70 390 40960 70400 111360 0 0 0
20230511 15:59:46.101 4 0 1 12 0 0 0 82 6 0 0 1670 4300 0 372 1 1.67 0.61 0.27 2 1 40 10 2 1 0 0 0 0 0 1010 80 1090 129280 81920 211200 0 0 0
20230511 15:59:46.201 6 0 3 11 0 0 0 81 8 0 0 1650 3810 0 372 1 1.67 0.61 0.27 1 2 0 0 0 0 0 0 0 0 0 830 110 940 106240 98360 204600 0 0 0
20230511 15:59:46.301 6 0 4 10 0 0 0 80 10 0 0 2710 4290 20 374 2 1.67 0.61 0.27 1 2 150 20 9 2 0 0 0 0 0 710 250 960 90880 109880 200760 0 0 0
20230511 15:59:46.401 6 0 5 10 0 1 0 78 12 0 0 2890 5510 0 374 0 1.67 0.61 0.27 2 1 50 0 3 0 0 0 0 0 0 660 440 1100 84480 163120 247600 0 230 230
20230511 15:59:46.501 1 0 1 19 0 0 0 80 2 0 0 520 1000 0 374 0 1.67 0.61 0.27 0 4 40 20 12 12 0 10 0 0 0 0 20 20 0 6040 6040 0 0 0
20230511 15:59:46.601 0 0 1 25 0 0 0 74 1 0 0 380 2000 0 374 0 1.67 0.61 0.27 0 4 60 0 4 0 0 0 0 0 0 20 10 30 2560 5120 7680 0 0 0
20230511 15:59:46.701 1 0 2 24 0 0 0 72 3 0 0 1140 900 0 374 0 1.67 0.61 0.27 0 4 30 20 2 6 0 0 0 0 0 0 0 0 0 0 0 0 0 0
20230511 15:59:46.801 1 0 1 14 0 0 0 85 1 0 0 600 1430 0 374 2 1.67 0.61 0.27 1 2 10 0 1 0 0 0 0 0 0 80 110 190 10240 47800 58040 0 0 0
20230511 15:59:46.901 5 0 6 9 0 0 0 81 11 0 0 1500 3200 0 374 0 1.67 0.61 0.27 2 1 40 0 3 0 0 0 0 0 0 400 190 590 51200 99720 150920 0 0 0
20230511 15:59:47.001 6 0 2 10 0 1 0 81 9 0 0 1550 3460 0 374 0 1.67 0.61 0.27 2 1 20 10 1 1 0 0 0 0 0 570 160 730 72960 87800 160760 0 10 10
20230511 15:59:47.101 4 0 2 14 0 0 0 80 6 0 0 1100 2310 0 374 2 1.67 0.61 0.27 2 2 20 0 1 0 0 0 0 0 0 500 90 590 63520 90880 154400 0 10 10
20230511 15:59:47.201 9 0 1 8 0 0 0 82 10 0 0 1500 2120 0 374 1 1.67 0.61 0.27 1 2 40 20 3 2 0 0 0 0 0 310 270 580 39680 277760 317440 0 10 10
20230511 15:59:47.301 7 0 2 10 0 0 0 80 10 0 0 1250 1060 0 374 3 1.67 0.61 0.27 2 1 10 0 1 0 0 0 0 0 0 150 360 510 19200 355839 375039 0 0 0
20230511 15:59:47.401 8 0 4 7 0 0 0 80 13 0 0 2760 2610 0 374 1 1.67 0.61 0.27 1 2 30 10 3 1 0 0 0 0 0 170 840 1010 21760 860161 881921 0 0 0
20230511 15:59:47.501 8 0 3 7 0 0 0 82 11 0 0 2630 2090 0 374 3 1.67 0.61 0.27 2 1 50 0 3 0 0 10 0 0 0 290 1390 1680 37120 1046121 1083241 0 10 10
20230511 15:59:47.601 11 0 4 4 0 0 0 82 15 0 0 5310 2380 0 372 2 1.67 0.61 0.27 2 1 30 30 2 4 0 0 0 0 0 200 3030 3230 24760 1008519 1033279 0 80 80
20230511 15:59:47.701 12 0 2 5 0 1 0 80 16 0 0 2430 980 0 372 2 1.67 0.61 0.27 2 1 20 0 1 0 0 20 0 0 0 0 290 290 0 118960 118960 0 10 10
20230511 15:59:47.801 12 0 1 4 0 1 0 82 14 0 0 1550 730 0 372 2 1.67 0.61 0.27 2 1 30 0 2 0 0 0 0 0 0 0 280 280 0 122880 122880 0 0 0
20230511 15:59:47.901 11 0 2 6 0 1 0 80 14 0 0 1120 360 0 372 2 1.67 0.61 0.27 2 1 10 0 1 0 0 0 0 0 0 0 180 180 0 80720 80720 0 0 0
20230511 15:59:48.001 11 0 2 6 0 0 0 81 14 0 0 1230 2880 0 372 2 1.67 0.61 0.27 2 1 20 0 1 0 0 10 0 0 0 0 240 240 0 116600 116600 0 10 10
20230511 15:59:48.101 11 0 1 6 0 0 0 81 13 0 0 1250 390 0 372 2 1.78 0.65 0.29 2 1 70 0 4 0 0 0 0 0 0 0 360 360 0 83040 83040 0 0 0
20230511 15:59:48.201 13 0 1 5 0 0 0 82 13 0 0 1450 560 0 372 2 1.78 0.65 0.29 2 1 20 0 1 0 0 0 0 0 0 0 270 270 0 119040 119040 0 20 20
20230511 15:59:48.301 12 0 1 6 0 0 0 81 13 0 0 1530 310 0 372 3 1.78 0.65 0.29 3 0 150 0 9 0 0 0 0 0 0 0 390 390 0 198400 198400 0 0 0
20230511 15:59:48.401 13 0 4 2 0 0 0 81 17 0 0 4140 2470 0 372 2 1.78 0.65 0.29 2 0 40 0 2 0 0 0 0 0 0 0 2030 2030 0 788681 788681 0 80 80
20230511 15:59:48.501 12 0 1 0 0 1 0 86 14 0 0 1140 560 0 372 2 1.78 0.65 0.29 2 0 30 0 2 0 0 30 0 0 0 0 0 0 0 0 0 0 0 0
20230511 15:59:48.601 12 0 1 0 0 0 0 87 13 0 0 1090 420 0 372 2 1.78 0.65 0.29 2 0 50 0 3 0 0 0 0 0 0 0 0 0 0 0 0 0 0 0
20230511 15:59:48.701 12 0 2 0 0 0 0 86 14 0 0 1960 760 0 372 2 1.78 0.65 0.29 2 0 20 0 1 0 0 0 0 0 0 0 0 0 0 0 0 0 0 0
20230511 15:59:48.801 10 0 2 0 0 1 0 86 14 0 0 1270 940 0 372 2 1.78 0.65 0.29 2 0 40 0 2 0 0 0 0 0 0 0 0 0 0 0 0 0 0 0
20230511 15:59:48.901 11 0 2 0 0 0 0 87 13 0 0 1020 820 0 372 2 1.78 0.65 0.29 2 0 10 0 1 0 0 0 0 0 0 0 0 0 0 0 0 0 0 0
20230511 15:59:49.001 12 0 1 0 0 0 0 88 12 0 0 1110 420 0 372 2 1.78 0.65 0.29 2 0 30 0 2 0 0 0 0 0 0 0 0 0 0 0 0 0 0 0
20230511 15:59:49.101 12 0 1 0 0 1 0 86 14 0 0 1080 1560 0 372 2 1.78 0.65 0.29 2 0 30 10 2 1 0 0 0 0 0 0 0 0 0 0 0 0 0 0
20230511 15:59:49.201 12 0 0 0 0 0 0 88 12 0 0 1130 540 0 372 2 1.78 0.65 0.29 2 0 0 0 0 0 0 0 0 0 0 0 0 0 0 0 0 0 0 0
20230511 15:59:49.301 11 0 1 0 0 0 0 88 12 0 0 1060 260 0 372 2 1.78 0.65 0.29 2 0 60 0 4 0 0 0 0 0 0 0 0 0 0 0 0 0 0 0
20230511 15:59:49.401 14 0 2 2 0 0 0 83 16 0 0 2070 2380 0 372 2 1.78 0.65 0.29 2 1 10 0 1 0 0 0 0 0 0 0 30 30 0 680 680 0 140 140
20230511 15:59:49.501 11 0 1 3 0 0 0 84 13 0 0 1040 480 0 372 2 1.78 0.65 0.29 2 0 30 0 2 0 0 10 0 0 0 0 10 10 0 40 40 0 0 0
20230511 15:59:49.601 12 0 1 0 0 0 0 88 12 0 0 1090 740 0 372 2 1.78 0.65 0.29 2 0 10 0 1 0 0 0 0 0 0 0 0 0 0 0 0 0 0 0
20230511 15:59:49.701 11 0 4 0 0 0 0 86 14 0 0 2120 1040 0 372 2 1.78 0.65 0.29 2 0 20 10 1 1 0 30 0 0 0 0 0 0 0 0 0 0 0 0
20230511 15:59:49.801 11 0 2 0 0 1 0 86 14 0 0 1270 760 0 372 2 1.78 0.65 0.29 2 0 30 0 2 0 0 0 0 0 0 0 0 0 0 0 0 0 0 0
20230511 15:59:49.901 12 0 1 0 0 2 0 85 15 0 0 1470 690 10 372 2 1.78 0.65 0.29 2 0 40 30 3 2 0 0 0 0 0 0 0 0 0 0 0 0 0 0
20230511 15:59:50.001 13 0 0 0 0 0 0 87 13 0 0 1190 1110 0 372 2 1.78 0.65 0.29 2 0 20 0 1 0 0 20 0 0 0 0 0 0 0 0 0 0 0 0
20230511 15:59:50.101 10 0 2 0 0 1 0 86 14 0 0 1420 680 0 372 2 1.78 0.65 0.29 2 0 250 0 28 0 0 0 0 0 0 0 0 0 0 0 0 0 0 0
20230511 15:59:50.201 12 0 1 0 0 0 0 87 13 0 0 1220 580 0 372 2 1.78 0.65 0.29 2 0 40 0 2 0 0 0 0 0 0 0 0 0 0 0 0 0 0 0
20230511 15:59:50.301 12 0 1 0 0 0 0 87 13 0 0 1020 380 0 372 2 1.78 0.65 0.29 2 0 60 0 4 0 0 0 0 0 0 0 0 0 0 0 0 0 0 0
20230511 15:59:50.401 12 0 2 1 0 0 0 85 14 0 0 2250 2720 0 372 2 1.78 0.65 0.29 2 0 90 0 5 0 0 0 0 0 0 220 0 220 20440 0 20440 0 0 0
20230511 15:59:50.501 8 0 3 2 0 0 0 87 11 0 0 3160 7960 0 372 2 1.78 0.65 0.29 2 0 30 10 2 1 0 0 0 0 0 2160 0 2160 253160 0 253160 0 0 0
20230511 15:59:50.601 6 0 4 1 0 0 0 89 10 0 0 2600 7350 0 372 2 1.78 0.65 0.29 2 0 50 20 4 1 0 0 0 0 0 1650 0 1650 211200 0 211200 0 0 0
20230511 15:59:50.701 7 0 6 3 0 0 0 83 13 0 0 4050 8890 0 372 4 1.78 0.65 0.29 2 0 30 0 2 0 0 0 0 0 0 2220 0 2220 284160 0 284160 0 0 0
20230511 15:59:50.801 6 0 4 2 0 1 0 87 11 0 0 3180 7770 0 372 2 1.78 0.65 0.29 2 0 30 0 2 0 0 0 0 0 0 1900 0 1900 217880 0 217880 10 0 10
20230511 15:59:50.901 7 0 5 2 0 0 0 86 12 0 0 2790 6740 0 372 2 1.78 0.65 0.29 2 0 20 0 1 0 0 0 0 0 0 1840 0 1840 235320 0 235320 0 0 0
20230511 15:59:51.001 9 0 3 1 0 0 0 87 12 0 0 2640 6170 0 372 1 1.78 0.65 0.29 1 1 110 0 6 0 0 0 0 0 0 1680 0 1680 203560 0 203560 0 0 0
20230511 15:59:51.101 6 0 4 2 0 1 0 87 11 0 0 2620 7330 0 372 1 1.78 0.65 0.29 2 0 0 0 0 0 0 0 0 0 0 1720 0 1720 220160 0 220160 0 0 0
20230511 15:59:51.201 6 0 4 2 0 0 0 88 11 0 0 2630 7030 0 372 1 1.78 0.65 0.29 2 0 0 0 0 0 0 0 0 0 0 1710 0 1710 218880 0 218880 0 0 0
20230511 15:59:51.301 6 0 4 3 0 0 0 87 10 0 0 3570 8300 0 372 1 1.78 0.65 0.29 2 1 50 0 3 0 0 0 0 0 0 1870 940 2810 239360 168240 407599 0 60 60
20230511 15:59:51.401 4 0 8 10 0 1 0 76 14 0 0 4920 9800 220 374 2 1.78 0.65 0.29 4 0 10 0 1 0 0 0 0 0 0 1250 1770 3020 160000 778961 938961 0 390 390
20230511 15:59:51.501 2 0 3 13 0 0 0 81 6 0 0 4050 4930 60 372 1 1.78 0.65 0.29 2 1 100 0 6 0 0 30 0 0 0 560 600 1160 71680 291440 363120 0 10 10
20230511 15:59:51.601 4 0 4 11 0 0 0 82 8 0 0 2480 4910 0 372 0 1.78 0.65 0.29 1 2 10 0 1 0 0 0 0 0 0 460 1140 1600 58880 435879 494759 0 170 170
20230511 15:59:51.701 5 0 7 13 0 1 0 75 12 0 0 3850 5030 280 372 1 1.78 0.65 0.29 2 1 120 0 7 0 0 0 0 0 0 350 860 1210 44320 450000 494320 0 30 30
20230511 15:59:51.801 3 0 4 11 0 1 0 81 8 0 0 2830 4300 0 372 0 1.78 0.65 0.29 2 1 20 0 1 0 0 10 0 0 0 590 850 1440 75520 422559 498079 0 40 40
20230511 15:59:51.901 6 0 4 10 0 0 0 80 10 0 0 2730 4660 0 372 0 1.78 0.65 0.29 1 2 20 0 1 0 0 0 0 0 0 860 1070 1930 110080 576001 686081 0 40 40
20230511 15:59:52.001 7 0 0 10 0 1 0 82 8 0 0 1310 2770 0 372 1 1.78 0.65 0.29 1 2 20 0 1 0 0 20 0 0 0 270 320 590 34080 113120 147200 0 10 10
20230511 15:59:52.101 6 0 1 12 0 0 0 81 7 0 0 720 500 0 372 1 1.78 0.65 0.29 1 2 60 0 4 0 0 0 0 0 0 40 150 190 5120 86240 91360 0 10 10
20230511 15:59:52.201 7 0 0 11 0 0 0 82 7 0 0 760 650 0 372 1 1.78 0.65 0.29 1 2 10 0 1 0 0 0 0 0 0 70 180 250 8960 119000 127960 0 10 10
20230511 15:59:52.301 6 0 3 11 0 0 0 81 9 0 0 1090 1810 0 372 1 1.78 0.65 0.29 1 2 120 0 7 0 0 0 0 0 0 180 140 320 23040 81400 104440 0 0 0
20230511 15:59:52.401 7 0 4 10 0 1 0 79 11 0 0 2100 2570 0 372 1 1.78 0.65 0.29 1 2 90 0 5 0 0 0 0 0 0 140 200 340 17920 92160 110080 0 0 0
20230511 15:59:52.501 6 0 2 11 0 0 0 81 8 0 0 920 770 0 372 1 1.78 0.65 0.29 1 2 20 0 1 0 0 0 0 0 0 70 200 270 8960 110080 119040 0 10 10
20230511 15:59:52.601 7 0 1 11 0 0 0 81 8 0 0 1150 1390 0 372 2 1.78 0.65 0.29 2 1 40 10 2 1 0 0 0 0 0 190 260 450 23080 162120 185200 0 20 20
20230511 15:59:52.701 10 0 4 7 0 0 0 79 14 0 0 2580 2170 0 372 2 1.78 0.65 0.29 1 2 30 0 2 0 0 0 0 0 0 560 130 690 71680 78080 149760 0 10 10
20230511 15:59:52.801 8 0 2 8 0 1 0 81 11 0 0 1900 3780 0 372 2 1.78 0.65 0.29 1 2 10 0 1 0 0 10 0 0 0 520 360 880 64920 104120 169040 0 0 0
20230511 15:59:52.901 10 0 1 8 0 1 0 81 12 0 0 1600 2220 0 372 2 1.78 0.65 0.29 2 1 10 0 1 0 0 0 0 0 0 580 170 750 71720 96920 168640 0 10 10
20230511 15:59:53.001 12 0 1 7 0 1 0 80 13 0 0 1730 1840 0 372 2 1.78 0.65 0.29 2 1 120 0 7 0 0 0 0 0 0 300 190 490 36280 78880 115160 0 10 10
20230511 15:59:53.101 12 0 0 2 0 1 0 85 13 0 0 1180 430 0 372 2 1.88 0.69 0.30 2 1 10 0 1 0 0 0 0 0 0 0 180 180 0 119200 119200 0 0 0
20230511 15:59:53.201 12 0 1 5 0 1 0 81 14 0 0 1210 450 0 372 2 1.88 0.69 0.30 2 1 10 0 1 0 0 0 0 0 0 0 220 220 0 86200 86200 0 10 10
20230511 15:59:53.301 12 0 1 5 0 0 0 81 14 0 0 1460 410 0 372 2 1.88 0.69 0.30 2 1 20 0 1 0 0 20 0 0 0 0 440 440 0 350679 350679 0 20 20
20230511 15:59:53.401 13 0 4 4 0 0 0 80 16 0 0 2870 1840 0 372 3 1.88 0.69 0.30 3 0 10 0 1 0 0 0 0 0 0 0 830 830 0 846081 846081 0 0 0
20230511 15:59:53.501 13 0 3 3 0 0 0 82 15 0 0 2470 460 0 372 3 1.88 0.69 0.30 3 0 100 0 6 0 0 10 0 0 0 0 1440 1440 0 982561 982561 0 30 30
20230511 15:59:53.601 12 0 2 0 0 0 0 85 15 0 0 2310 500 0 372 2 1.88 0.69 0.30 2 0 10 0 1 0 0 0 0 0 0 0 1100 1100 0 407079 407079 0 0 0
20230511 15:59:53.701 13 0 2 0 0 1 0 84 16 0 0 2080 900 0 372 2 1.88 0.69 0.30 2 0 130 0 8 0 0 0 0 0 0 0 0 0 0 0 0 0 0 0
20230511 15:59:53.801 12 0 1 0 0 2 0 85 15 0 0 1330 650 0 372 2 1.88 0.69 0.30 2 0 10 0 1 0 0 10 0 0 0 0 0 0 0 0 0 0 0 0
20230511 15:59:53.901 12 0 0 0 0 1 0 86 14 0 0 1050 310 0 372 2 1.88 0.69 0.30 2 0 20 0 1 0 0 0 0 0 0 0 0 0 0 0 0 0 0 0
20230511 15:59:54.001 12 0 1 0 0 1 0 87 13 0 0 1110 1640 0 372 2 1.88 0.69 0.30 2 0 10 0 1 0 0 20 0 0 0 0 0 0 0 0 0 0 0 0
20230511 15:59:54.101 13 0 0 0 0 0 0 87 13 0 0 1190 1210 0 372 2 1.88 0.69 0.30 2 0 180 0 11 0 0 0 0 0 0 0 0 0 0 0 0 0 0 0
20230511 15:59:54.201 12 0 1 0 0 1 0 86 14 0 0 990 300 0 372 2 1.88 0.69 0.30 2 0 20 0 1 0 0 0 0 0 0 0 0 0 0 0 0 0 0 0
20230511 15:59:54.301 12 0 0 0 0 1 0 87 13 0 0 1080 360 0 372 2 1.88 0.69 0.30 2 0 110 0 6 0 0 10 0 0 0 0 0 0 0 0 0 0 0 0
20230511 15:59:54.401 12 0 2 2 0 0 0 83 15 0 0 2190 1720 0 372 2 1.88 0.69 0.30 2 1 40 0 2 0 0 0 0 0 0 0 40 40 0 720 720 0 140 140
20230511 15:59:54.501 10 0 2 3 0 1 0 83 14 0 0 1030 520 0 372 2 1.88 0.69 0.30 2 0 0 0 0 0 0 0 0 0 0 0 10 10 0 40 40 0 0 0
20230511 15:59:54.601 9 0 4 0 0 0 0 88 12 0 0 1060 1080 0 372 2 1.88 0.69 0.30 2 0 30 0 2 0 0 0 0 0 0 0 0 0 0 0 0 0 0 0
20230511 15:59:54.701 12 0 3 0 0 1 0 84 16 0 0 1710 980 0 372 2 1.88 0.69 0.30 2 0 0 10 0 1 0 0 0 0 0 0 0 0 0 0 0 0 0 0
20230511 15:59:54.801 12 0 1 0 0 2 0 85 15 0 0 1410 1150 0 372 2 1.88 0.69 0.30 2 0 50 0 3 0 0 0 0 0 0 0 0 0 0 0 0 0 0 0
20230511 15:59:54.901 11 0 1 0 0 1 0 87 13 0 0 1060 340 0 372 2 1.88 0.69 0.30 2 0 50 0 3 0 0 0 0 0 0 0 0 0 0 0 0 0 0 0
20230511 15:59:55.001 13 0 0 0 0 1 0 86 14 0 0 1190 550 0 372 2 1.88 0.69 0.30 2 0 70 0 4 0 0 0 0 0 0 0 0 0 0 0 0 0 0 0
20230511 15:59:55.101 11 0 2 0 0 1 0 86 14 0 0 930 440 0 372 2 1.88 0.69 0.30 2 0 20 10 1 1 0 0 0 0 0 0 0 0 0 0 0 0 0 0
20230511 15:59:55.201 12 0 1 0 0 1 0 87 13 0 0 1000 340 0 372 2 1.88 0.69 0.30 2 0 10 0 1 0 0 0 0 0 0 0 0 0 0 0 0 0 0 0
20230511 15:59:55.301 11 0 2 0 0 0 0 88 12 0 0 980 520 0 372 2 1.88 0.69 0.30 2 0 20 0 1 0 0 20 0 0 0 0 0 0 0 0 0 0 0 0
20230511 15:59:55.401 10 0 4 0 0 1 0 84 16 0 0 1950 1340 0 372 2 1.88 0.69 0.30 2 0 10 0 1 0 0 0 0 0 0 0 0 0 0 0 0 0 0 0
20230511 15:59:55.501 12 0 1 0 0 0 0 87 13 0 0 1320 560 0 372 2 1.88 0.69 0.30 2 0 50 30 4 2 0 10 0 0 0 0 0 0 0 0 0 0 0 0
20230511 15:59:55.601 12 0 1 0 0 1 0 86 14 0 0 1380 1000 0 372 2 1.88 0.69 0.30 2 0 10 0 1 0 0 0 0 0 0 0 0 0 0 0 0 0 0 0
20230511 15:59:55.701 12 0 2 0 0 1 0 85 15 0 0 2130 780 0 372 2 1.88 0.69 0.30 2 0 170 0 13 0 0 0 0 0 0 0 0 0 0 0 0 0 0 0
20230511 15:59:55.801 11 0 2 0 0 1 0 86 14 0 0 1360 1070 0 372 2 1.88 0.69 0.30 2 0 20 0 1 0 0 40 0 0 0 0 0 0 0 0 0 0 0 0
20230511 15:59:55.901 11 0 1 0 0 1 0 87 13 0 0 950 360 0 372 2 1.88 0.69 0.30 2 0 30 0 2 0 0 0 0 0 0 0 0 0 0 0 0 0 0 0
20230511 15:59:56.001 12 0 0 0 0 1 0 87 13 0 0 1110 2770 0 372 2 1.88 0.69 0.30 2 0 30 0 2 0 0 30 0 0 0 0 0 0 0 0 0 0 0 0
20230511 15:59:56.101 12 0 1 0 0 0 0 87 13 0 0 940 380 0 372 2 1.88 0.69 0.30 2 0 60 0 4 0 0 0 0 0 0 0 0 0 0 0 0 0 0 0
20230511 15:59:56.201 12 0 1 0 0 0 0 88 12 0 0 940 300 0 372 2 1.88 0.69 0.30 2 0 30 0 2 0 0 0 0 0 0 0 0 0 0 0 0 0 0 0
20230511 15:59:56.301 11 0 1 0 0 0 0 87 13 0 0 990 520 0 372 2 1.88 0.69 0.30 2 0 30 0 2 0 0 10 0 0 0 0 0 0 0 0 0 0 0 0
20230511 15:59:56.401 11 0 3 1 0 0 0 85 14 0 0 3330 4740 0 372 0 1.88 0.69 0.30 1 1 30 0 2 0 0 0 0 0 0 1320 10 1330 44240 1080 45320 0 260 260
20230511 15:59:56.501 7 0 3 4 0 0 0 86 10 0 0 4860 10750 0 372 2 1.88 0.69 0.30 1 1 0 0 0 0 0 0 0 0 0 3770 10 3780 312720 40 312760 0 0 0
20230511 15:59:56.601 7 0 4 3 0 0 0 86 11 0 0 3680 12030 0 372 2 1.88 0.69 0.30 1 1 20 0 1 0 0 0 0 0 0 2610 0 2610 333240 0 333240 0 0 0
20230511 15:59:56.701 5 0 6 2 0 1 0 86 12 0 0 3670 7980 0 372 2 1.88 0.69 0.30 2 0 0 0 0 0 0 0 0 0 0 2070 0 2070 257680 0 257680 20 0 20
20230511 15:59:56.801 6 0 5 2 0 1 0 86 12 0 0 3230 7960 0 372 2 1.88 0.69 0.30 3 0 20 0 1 0 0 10 0 0 0 2020 0 2020 252160 0 252160 0 0 0
20230511 15:59:56.901 6 0 4 2 0 0 0 88 10 0 0 2630 6610 0 372 2 1.88 0.69 0.30 2 0 20 0 1 0 0 0 0 0 0 1790 0 1790 224000 0 224000 0 0 0
20230511 15:59:57.001 6 0 5 2 0 0 0 88 11 0 0 2590 6210 0 372 2 1.88 0.69 0.30 2 0 30 0 2 0 0 10 0 0 0 1580 0 1580 198040 0 198040 10 0 10
20230511 15:59:57.101 5 0 5 3 0 0 0 87 10 0 0 2780 5670 0 372 3 1.88 0.69 0.30 2 1 30 10 2 1 0 0 0 0 0 1080 950 2030 134400 329000 463399 0 50 50
20230511 15:59:57.201 5 0 4 10 0 1 0 81 9 0 0 2550 4760 0 372 0 1.88 0.69 0.30 0 3 10 0 1 0 0 0 0 0 0 790 960 1750 97640 609121 706761 0 20 20
20230511 15:59:57.301 7 0 4 9 0 0 0 80 10 0 0 2380 4860 0 372 1 1.88 0.69 0.30 3 0 40 0 2 0 0 10 0 0 0 940 660 1600 118320 525519 643839 20 40 60
20230511 15:59:57.401 7 0 4 10 0 0 0 79 11 0 0 2740 5410 0 372 2 1.88 0.69 0.30 1 2 30 0 2 0 0 0 0 0 0 960 110 1070 113720 110080 223800 10 0 10
20230511 15:59:57.501 2 0 0 15 0 0 0 83 2 0 0 860 1630 0 372 1 1.88 0.69 0.30 0 3 10 0 1 0 0 20 0 0 0 340 90 430 43120 102400 145520 0 0 0
20230511 15:59:57.601 6 0 2 11 0 0 0 81 8 0 0 1970 3910 0 372 1 1.88 0.69 0.30 1 2 10 0 1 0 0 0 0 0 0 1100 110 1210 126760 102400 229160 20 0 20
20230511 15:59:57.701 6 0 1 13 0 1 0 79 8 0 0 1720 1450 0 372 0 1.88 0.69 0.30 0 3 30 0 2 0 0 0 0 0 0 140 80 220 17920 81920 99840 0 0 0
20230511 15:59:57.801 1 0 1 17 0 0 0 81 2 0 0 1050 1700 0 372 0 1.88 0.69 0.30 1 2 70 0 4 0 0 0 0 0 0 340 110 450 22080 115200 137280 0 0 0
20230511 15:59:57.901 2 0 1 17 0 0 0 80 3 0 0 740 1310 0 372 0 1.88 0.69 0.30 0 3 30 0 2 0 0 0 0 0 0 260 90 350 20480 89600 110080 10 0 10
20230511 15:59:58.001 6 0 2 11 0 0 0 82 8 0 0 1510 4990 0 372 2 1.88 0.69 0.30 1 2 10 0 1 0 0 10 0 0 0 680 230 910 71880 238080 309960 20 0 20
20230511 15:59:58.101 8 0 4 8 0 0 0 81 11 0 0 1940 2720 0 372 3 1.97 0.73 0.32 0 3 10 0 1 0 0 0 0 0 0 370 700 1070 46120 676479 722599 0 10 10
20230511 15:59:58.201 3 0 4 11 0 0 0 82 7 0 0 2130 2460 0 372 0 1.97 0.73 0.32 3 0 30 0 2 0 0 0 0 0 0 760 760 1520 60520 710481 771001 0 10 10
20230511 15:59:58.301 1 0 1 16 0 0 0 82 1 0 0 900 1120 0 372 0 1.97 0.73 0.32 0 3 20 0 1 0 0 0 0 0 0 170 380 550 18720 381439 400159 0 10 10
20230511 15:59:58.401 2 0 3 17 0 0 0 78 6 0 0 1460 1980 0 372 0 1.97 0.73 0.32 0 3 20 0 1 0 0 0 0 0 0 100 120 220 12000 122880 134880 0 0 0
20230511 15:59:58.501 1 0 2 16 0 1 0 80 4 0 0 710 1500 0 372 2 1.97 0.73 0.32 2 1 20 0 1 0 0 0 0 0 0 350 80 430 44800 81920 126720 0 0 0
20230511 15:59:58.601 4 0 2 9 0 0 0 84 6 0 0 1250 2430 0 372 2 1.97 0.73 0.32 1 2 20 0 1 0 0 0 0 0 0 460 100 560 58880 110080 168960 0 0 0
20230511 15:59:58.701 1 0 1 18 0 0 0 80 2 0 0 1190 1060 0 372 0 1.97 0.73 0.32 0 3 10 0 1 0 0 0 0 0 0 100 90 190 12800 81920 94720 0 0 0
20230511 15:59:58.801 1 0 1 17 0 0 0 81 2 0 0 850 1280 0 372 2 1.97 0.73 0.32 0 3 40 0 2 0 0 0 0 0 0 150 100 250 19200 102400 121600 0 0 0
20230511 15:59:58.901 6 0 2 11 0 1 0 81 8 0 0 1710 3430 0 372 2 1.97 0.73 0.32 2 1 40 0 2 0 0 0 0 0 0 980 140 1120 125440 143360 268800 0 0 0
20230511 15:59:59.001 5 0 3 10 0 0 0 82 8 0 0 1980 4700 0 372 2 1.97 0.73 0.32 0 3 20 0 1 0 0 0 0 0 0 990 320 1310 126720 326320 453040 0 20 20
20230511 15:59:59.101 7 0 4 9 0 0 0 79 12 0 0 2750 7250 0 372 0 1.97 0.73 0.32 2 1 10 0 1 0 0 0 0 0 0 1120 590 1710 143360 573679 717039 0 20 20
20230511 15:59:59.201 4 0 3 10 0 1 0 83 8 0 0 3590 10460 0 372 0 1.97 0.73 0.32 1 2 20 0 1 0 0 0 0 0 0 950 1990 2940 121600 648361 769961 0 30 30
20230511 15:59:59.301 8 0 3 4 0 0 0 84 11 0 0 2960 8040 0 372 2 1.97 0.73 0.32 2 0 20 0 1 0 0 20 0 0 0 1110 910 2020 140560 253960 394519 10 20 30
20230511 15:59:59.401 6 0 4 7 0 0 0 83 11 0 0 2620 5550 0 372 0 1.97 0.73 0.32 0 3 10 0 1 0 0 0 0 0 0 1040 40 1080 129960 640 130600 0 120 120
20230511 15:59:59.501 1 0 0 19 0 0 0 81 1 0 0 140 140 0 372 1 1.97 0.73 0.32 0 3 10 0 1 0 0 0 0 0 0 0 0 0 0 0 0 0 0 0
20230511 15:59:59.601 2 0 3 8 0 0 0 88 4 0 0 1530 3590 0 372 1 1.97 0.73 0.32 0 2 50 0 3 0 0 0 0 0 0 950 10 960 119640 40 119680 10 0 10
20230511 15:59:59.701 7 0 3 5 0 0 0 84 11 0 0 2160 3490 0 372 2 1.97 0.73 0.32 2 0 30 20 2 2 0 0 0 0 0 880 0 880 111360 0 111360 10 0 10
20230511 15:59:59.801 5 0 1 6 0 1 0 87 7 0 0 1810 3490 0 372 1 1.97 0.73 0.32 1 1 140 0 8 0 0 20 0 0 0 890 0 890 111360 0 111360 0 0 0
20230511 15:59:59.901 6 0 1 6 0 0 0 88 6 0 0 1420 3050 0 372 0 1.97 0.73 0.32 0 2 50 0 3 0 0 0 0 0 0 950 0 950 120320 0 120320 10 0 10
20230511 16:00:00.001 5 0 2 6 0 1 0 86 8 0 0 1560 5350 0 372 0 1.97 0.73 0.32 2 0 10 0 1 0 0 0 0 0 0 840 0 840 106240 0 106240 10 0 10
20230511 16:00:00.101 5 0 1 6 0 0 0 88 6 0 0 1460 3160 0 372 2 1.97 0.73 0.32 1 1 10 0 1 0 0 10 0 0 0 920 0 920 116480 0 116480 10 0 10
20230511 16:00:00.201 4 0 2 7 0 0 0 86 7 0 0 1550 2970 0 372 2 1.97 0.73 0.32 1 1 110 0 6 0 0 0 0 0 0 880 0 880 110080 0 110080 10 0 10
20230511 16:00:00.302 5 0 5 4 0 1 0 85 10 0 0 1634 3119 0 372 3 1.97 0.73 0.32 2 0 20 0 1 0 0 0 0 0 0 792 0 792 100475 0 100475 10 0 10
20230511 16:00:00.401 4 0 6 4 0 1 0 85 11 0 0 2515 4384 0 372 1 1.97 0.73 0.32 2 0 40 0 2 0 0 0 0 0 0 646 0 646 77657 0 77657 0 0 0
20230511 16:00:00.501 4 0 4 5 0 0 0 86 9 0 0 1570 3000 0 372 1 1.97 0.73 0.32 1 1 10 10 1 1 0 0 0 0 0 740 0 740 89720 0 89720 0 0 0
20230511 16:00:00.601 4 0 4 4 0 0 0 87 8 0 0 1690 3490 0 372 1 1.97 0.73 0.32 2 0 50 20 4 1 0 0 0 0 0 830 0 830 104600 0 104600 0 0 0
20230511 16:00:00.701 10 0 3 2 0 2 0 84 15 0 0 2300 2250 0 372 2 1.97 0.73 0.32 2 0 10 0 1 0 0 0 0 0 0 550 0 550 69200 0 69200 0 0 0
20230511 16:00:00.801 10 0 2 0 0 2 0 85 15 0 0 1620 1620 0 372 2 1.97 0.73 0.32 2 0 40 0 2 0 0 10 0 0 0 230 0 230 27800 0 27800 0 0 0
20230511 16:00:00.901 11 0 1 0 0 1 0 86 14 0 0 1100 520 0 372 2 1.97 0.73 0.32 2 0 70 0 4 0 0 0 0 0 0 10 0 10 40 0 40 0 0 0
20230511 16:00:01.001 11 0 1 0 0 1 0 87 13 0 0 990 490 0 372 2 1.97 0.73 0.32 2 0 10 0 1 0 0 0 0 0 0 0 0 0 0 0 0 0 0 0
20230511 16:00:01.101 12 0 1 0 0 0 0 87 13 0 0 1030 480 0 372 3 1.97 0.73 0.32 2 0 10 0 1 0 0 10 0 0 0 0 0 0 0 0 0 0 0 0
20230511 16:00:01.201 13 0 1 0 0 0 0 87 13 0 0 1910 900 30 372 2 1.97 0.73 0.32 2 0 20 0 1 0 0 0 0 0 0 0 0 0 0 0 0 0 0 0
20230511 16:00:01.301 11 0 2 0 0 1 0 87 13 0 0 1110 660 0 372 2 1.97 0.73 0.32 2 0 30 0 2 0 0 20 0 0 0 0 0 0 0 0 0 0 0 0
20230511 16:00:01.401 12 0 2 0 0 2 0 84 16 0 0 2030 1580 0 372 2 1.97 0.73 0.32 2 0 20 0 1 0 0 0 0 0 0 0 0 0 0 0 0 0 0 0
20230511 16:00:01.501 12 0 0 0 0 1 0 87 13 0 0 950 200 0 372 2 1.97 0.73 0.32 2 0 20 0 1 0 0 0 0 0 0 0 0 0 0 0 0 0 0 0
20230511 16:00:01.601 13 0 1 0 0 0 0 87 13 0 0 1300 2140 0 372 2 1.97 0.73 0.32 2 0 160 0 9 0 0 0 0 0 0 0 20 20 0 1640 1640 0 390 390
20230511 16:00:01.701 13 0 1 0 0 2 0 84 16 0 0 1920 800 0 372 2 1.97 0.73 0.32 2 0 10 0 1 0 0 0 0 0 0 0 0 0 0 0 0 0 0 0
20230511 16:00:01.801 13 0 0 0 0 2 0 85 15 0 0 1320 900 0 372 2 1.97 0.73 0.32 2 0 60 0 4 0 0 20 0 0 0 0 0 0 0 0 0 0 0 0
20230511 16:00:01.901 12 0 0 0 0 1 0 86 14 0 0 1040 320 0 372 2 1.97 0.73 0.32 2 0 30 0 2 0 0 0 0 0 0 0 0 0 0 0 0 0 0 0
20230511 16:00:02.001 11 0 1 0 0 1 0 87 13 0 0 1040 2060 0 372 2 1.97 0.73 0.32 2 0 10 0 1 0 0 0 0 0 0 0 0 0 0 0 0 0 0 0
20230511 16:00:02.101 12 0 1 0 0 0 0 87 13 0 0 1030 340 0 372 2 1.97 0.73 0.32 2 0 10 0 1 0 0 10 0 0 0 0 0 0 0 0 0 0 0 0
20230511 16:00:02.201 12 0 1 0 0 0 0 87 13 0 0 1070 320 0 372 2 1.97 0.73 0.32 2 0 40 0 2 0 0 0 0 0 0 0 0 0 0 0 0 0 0 0
20230511 16:00:02.301 12 0 1 0 0 1 0 87 13 0 0 1490 740 0 372 2 1.97 0.73 0.32 2 0 20 0 1 0 0 0 0 0 0 0 0 0 0 0 0 0 0 0
20230511 16:00:02.401 13 0 1 0 0 2 0 83 17 0 0 2380 1620 0 372 2 1.97 0.73 0.32 2 0 20 0 1 0 0 0 0 0 0 0 0 0 0 0 0 0 0 0
20230511 16:00:02.501 12 0 1 0 0 1 0 86 14 0 0 1540 590 0 372 3 1.97 0.73 0.32 3 0 20 0 1 0 0 0 0 0 0 0 0 0 0 0 0 0 0 0
20230511 16:00:02.601 14 0 5 0 0 0 0 81 19 0 0 1660 880 0 372 3 1.97 0.73 0.32 3 0 0 0 0 0 0 0 0 0 0 0 0 0 0 0 0 0 0 0
20230511 16:00:02.701 14 0 2 0 0 2 0 82 18 0 0 1940 950 0 372 2 1.97 0.73 0.32 2 0 10 0 1 0 0 0 0 0 0 0 0 0 0 0 0 0 0 0
20230511 16:00:02.801 12 0 1 0 0 2 0 85 15 0 0 1300 940 0 372 2 1.97 0.73 0.32 2 0 30 10 2 1 0 0 0 0 0 0 0 0 0 0 0 0 0 0
20230511 16:00:02.901 10 0 2 0 0 1 0 86 14 0 0 1010 530 0 372 2 1.97 0.73 0.32 2 0 70 0 4 0 0 0 0 0 0 0 0 0 0 0 0 0 0 0
20230511 16:00:03.001 8 0 3 2 0 1 0 87 11 0 0 3690 7270 0 372 1 1.97 0.73 0.32 1 1 10 0 1 0 0 0 0 0 0 2890 0 2890 182080 0 182080 0 0 0
20230511 16:00:03.101 6 0 4 3 0 0 0 87 10 0 0 3350 9930 0 372 1 1.97 0.75 0.33 2 0 20 0 1 0 0 0 0 0 0 2490 0 2490 319200 0 319200 10 0 10
20230511 16:00:03.201 6 0 5 2 0 0 0 87 11 0 0 2920 8270 0 372 1 1.97 0.75 0.33 2 0 0 0 0 0 0 0 0 0 0 2000 0 2000 255520 0 255520 0 0 0
20230511 16:00:03.301 7 0 4 2 0 1 0 87 11 0 0 2590 7220 0 372 2 1.97 0.75 0.33 2 0 10 0 1 0 0 20 0 0 0 1830 0 1830 232640 0 232640 10 0 10
20230511 16:00:03.401 5 0 8 6 0 0 0 81 13 0 0 4180 8360 0 372 0 1.97 0.75 0.33 0 3 60 0 4 0 0 0 0 0 0 1180 1010 2190 152320 466120 618441 10 30 40
20230511 16:00:03.501 2 0 5 12 0 0 0 81 7 0 0 2540 4090 0 372 3 1.97 0.75 0.33 0 3 10 0 1 0 0 0 0 0 0 560 1190 1750 71680 718081 789761 0 60 60
20230511 16:00:03.601 3 0 4 10 0 0 0 83 7 0 0 3430 5660 0 372 0 1.97 0.75 0.33 0 3 150 0 9 0 0 0 0 0 0 660 2000 2660 84480 708719 793199 0 140 140
20230511 16:00:03.701 5 0 5 11 0 0 0 79 10 0 0 3120 4670 0 372 0 1.97 0.75 0.33 1 2 90 0 5 0 0 0 0 0 0 640 920 1560 81920 521280 603201 0 60 60
20230511 16:00:03.801 4 0 1 14 0 0 0 81 5 0 0 1540 3050 0 372 0 1.97 0.75 0.33 0 3 210 0 12 0 0 10 0 0 0 430 210 640 55040 111320 166360 0 10 10
20230511 16:00:03.901 3 0 3 13 0 1 0 80 7 0 0 1230 2440 0 372 0 1.97 0.75 0.33 0 3 110 0 6 0 0 0 0 0 0 470 120 590 59680 124160 183840 0 20 20
20230511 16:00:04.001 3 0 2 15 0 0 0 80 6 0 0 960 3860 0 372 2 1.97 0.75 0.33 0 3 20 0 1 0 0 0 0 0 0 390 70 460 49920 74240 124160 0 0 0
20230511 16:00:04.101 6 0 4 9 0 1 0 80 10 0 0 1770 4400 0 372 0 1.97 0.75 0.33 1 2 10 0 1 0 0 10 0 0 0 810 80 890 103280 87040 190320 10 10 20
20230511 16:00:04.201 4 0 2 8 0 0 0 86 6 0 0 1350 3260 0 372 0 1.97 0.75 0.33 0 3 10 0 1 0 0 0 0 0 0 750 120 870 96000 116480 212480 0 0 0
20230511 16:00:04.301 1 0 0 18 0 0 0 81 1 0 0 440 490 0 372 0 1.97 0.75 0.33 0 3 130 0 8 0 0 0 0 0 0 60 80 140 7680 81920 89600 0 0 0
20230511 16:00:04.401 1 0 2 19 0 0 0 77 4 0 0 1890 3120 0 372 0 1.97 0.75 0.33 0 4 10 0 1 0 0 0 0 0 0 140 180 320 17920 151960 169880 0 200 200
20230511 16:00:04.501 1 0 1 16 0 0 0 83 1 0 0 780 1220 0 372 2 1.97 0.75 0.33 1 2 150 0 9 0 0 0 0 0 0 220 160 380 28160 156200 184360 0 0 0
20230511 16:00:04.601 4 0 4 11 0 0 0 81 8 0 0 1670 3610 0 372 2 1.97 0.75 0.33 1 2 0 0 0 0 0 0 0 0 0 630 290 920 80640 294400 375039 0 0 0
20230511 16:00:04.701 4 0 3 12 0 0 0 82 6 0 0 2190 3660 0 372 0 1.97 0.75 0.33 2 1 10 10 1 1 0 0 0 0 0 630 310 940 79320 307200 386520 0 0 0
20230511 16:00:04.801 3 0 7 10 0 1 0 80 10 0 0 1770 4060 0 372 1 1.97 0.75 0.33 2 1 10 0 1 0 0 0 0 0 0 460 370 830 57080 389119 446199 0 0 0
20230511 16:00:04.901 4 0 3 12 0 0 0 82 6 0 0 1430 3620 0 372 2 1.97 0.75 0.33 1 2 10 0 1 0 0 10 0 0 0 500 310 810 60920 307200 368120 0 0 0
20230511 16:00:05.001 1 0 1 16 0 0 0 82 1 0 0 610 1440 0 372 0 1.97 0.75 0.33 0 3 20 0 1 0 0 0 0 0 0 200 100 300 23520 102400 125920 0 0 0
20230511 16:00:05.101 3 0 3 12 0 0 0 82 6 0 0 1290 2990 0 372 0 1.97 0.75 0.33 1 2 20 0 1 0 0 0 0 0 0 680 80 760 85720 81920 167640 0 0 0
20230511 16:00:05.201 7 0 3 10 0 1 0 80 10 0 0 1860 3850 0 372 2 1.97 0.75 0.33 2 1 0 0 0 0 0 0 0 0 0 950 110 1060 116800 114720 231520 0 10 10
20230511 16:00:05.301 13 0 0 6 0 0 0 81 13 0 0 1000 490 0 372 2 1.97 0.75 0.33 2 1 20 0 1 0 0 0 0 0 0 0 80 80 0 81920 81920 0 0 0
20230511 16:00:05.401 11 0 4 3 0 1 0 81 16 0 0 2180 2240 0 372 2 1.97 0.75 0.33 2 1 60 0 4 0 0 10 0 0 0 20 120 140 80 120680 120760 0 20 20
20230511 16:00:05.501 11 0 2 6 0 0 0 81 13 0 0 1050 630 0 372 1 1.97 0.75 0.33 1 2 20 10 1 1 0 0 0 0 0 0 80 80 0 78520 78520 0 20 20
20230511 16:00:05.601 7 0 3 8 0 0 0 82 10 0 0 1680 1480 0 372 1 1.97 0.75 0.33 3 0 150 20 10 1 0 10 0 0 0 60 650 710 7680 635079 642759 0 50 50
20230511 16:00:05.701 7 0 6 7 0 2 0 77 16 0 0 2870 1970 0 372 1 1.97 0.75 0.33 1 2 110 0 6 0 0 0 0 0 0 170 750 920 19120 778241 797361 0 0 0
20230511 16:00:05.801 9 0 2 7 0 1 0 80 13 0 0 2040 2650 0 372 2 1.97 0.75 0.33 3 0 120 0 7 0 0 0 0 0 0 250 490 740 32000 491519 523519 0 0 0
20230511 16:00:05.901 7 0 2 8 0 1 0 81 11 0 0 1170 1550 0 372 2 1.97 0.75 0.33 2 1 20 0 1 0 0 10 0 0 0 230 130 360 27240 140800 168040 0 10 10
20230511 16:00:06.001 7 0 1 9 0 1 0 81 9 0 0 780 1890 0 372 1 1.97 0.75 0.33 1 2 40 0 2 0 0 0 0 0 0 50 110 160 4760 113920 118680 0 10 10
20230511 16:00:06.101 9 0 0 9 0 0 0 82 9 0 0 910 610 0 372 2 1.97 0.75 0.33 2 1 20 0 1 0 0 20 0 0 0 50 90 140 4760 85760 90520 0 0 0
20230511 16:00:06.201 12 0 1 4 0 1 0 82 15 0 0 1080 460 0 372 2 1.97 0.75 0.33 2 0 10 0 1 0 0 0 0 0 0 0 80 80 0 83200 83200 0 10 10
20230511 16:00:06.301 12 0 0 0 0 0 0 88 12 0 0 970 180 0 372 2 1.97 0.75 0.33 2 0 60 0 4 0 0 0 0 0 0 0 130 130 0 13240 13240 0 0 0
20230511 16:00:06.401 13 0 3 0 0 1 0 83 17 0 0 2230 2900 190 374 3 1.97 0.75 0.33 3 0 10 0 1 0 0 0 0 0 0 0 0 0 0 0 0 0 0 0
20230511 16:00:06.501 13 0 1 0 0 0 0 86 14 0 0 2800 1300 110 372 2 1.97 0.75 0.33 2 0 60 0 4 0 0 0 0 0 0 0 0 0 0 0 0 0 0 0
20230511 16:00:06.601 12 0 1 5 0 1 0 81 14 0 0 1250 2800 0 372 2 1.97 0.75 0.33 2 1 20 0 1 0 0 0 0 0 0 0 10 10 0 1240 1240 0 300 300
20230511 16:00:06.701 12 0 4 1 0 2 0 81 18 0 0 2890 2900 300 372 2 1.97 0.75 0.33 2 0 20 10 1 1 0 0 0 0 0 0 10 10 0 40 40 0 0 0
20230511 16:00:06.801 12 0 1 0 0 1 0 86 14 0 0 1770 1040 0 372 2 1.97 0.75 0.33 2 0 10 0 1 0 0 0 0 0 0 0 0 0 0 0 0 0 0 0
20230511 16:00:06.901 12 0 0 0 0 1 0 87 13 0 0 1100 590 0 372 2 1.97 0.75 0.33 2 0 0 0 0 0 0 30 0 0 0 0 0 0 0 0 0 0 0 0
20230511 16:00:07.001 12 0 1 0 0 1 0 86 14 0 0 990 420 0 372 2 1.97 0.75 0.33 2 0 40 0 2 0 0 0 0 0 0 0 0 0 0 0 0 0 0 0
20230511 16:00:07.101 12 0 1 0 0 0 0 87 13 0 0 980 410 0 372 2 1.97 0.75 0.33 2 0 20 0 1 0 0 0 0 0 0 0 0 0 0 0 0 0 0 0
20230511 16:00:07.201 11 0 1 0 0 1 0 87 13 0 0 960 500 0 372 2 1.97 0.75 0.33 2 0 20 0 1 0 0 0 0 0 0 0 0 0 0 0 0 0 0 0
20230511 16:00:07.301 11 0 2 0 0 0 0 87 13 0 0 910 300 0 372 2 1.97 0.75 0.33 2 0 30 0 2 0 0 0 0 0 0 0 0 0 0 0 0 0 0 0
20230511 16:00:07.401 11 0 3 0 0 1 0 85 15 0 0 2020 1780 0 372 2 1.97 0.75 0.33 2 0 20 0 1 0 0 10 0 0 0 0 0 0 0 0 0 0 0 0
20230511 16:00:07.501 12 0 1 0 0 1 0 87 13 0 0 1130 500 0 372 2 1.97 0.75 0.33 2 0 20 0 1 0 0 0 0 0 0 0 0 0 0 0 0 0 0 0
20230511 16:00:07.601 9 0 4 0 0 0 0 87 13 0 0 1320 1160 0 372 2 1.97 0.75 0.33 2 0 140 0 8 0 0 0 0 0 0 0 0 0 0 0 0 0 0 0
20230511 16:00:07.701 12 0 2 0 0 3 0 84 16 0 0 1870 1080 0 372 2 1.97 0.75 0.33 2 0 40 0 2 0 0 0 0 0 0 0 0 0 0 0 0 0 0 0
20230511 16:00:07.801 12 0 1 0 0 2 0 85 15 0 0 1280 680 0 372 2 1.97 0.75 0.33 2 0 20 0 1 0 0 0 0 0 0 0 0 0 0 0 0 0 0 0
20230511 16:00:07.901 12 0 0 0 0 1 0 87 13 0 0 980 320 0 372 2 1.97 0.75 0.33 2 0 10 0 1 0 0 20 0 0 0 0 0 0 0 0 0 0 0 0
20230511 16:00:08.001 12 0 1 0 0 1 0 86 14 0 0 1090 1470 0 372 2 1.97 0.75 0.33 2 0 40 0 2 0 0 0 0 0 0 0 0 0 0 0 0 0 0 0
20230511 16:00:08.101 12 0 0 0 0 1 0 87 13 0 0 1020 390 0 372 2 1.97 0.77 0.34 2 0 10 0 1 0 0 10 0 0 0 0 0 0 0 0 0 0 0 0
20230511 16:00:08.201 12 0 1 0 0 1 0 87 13 0 0 970 220 0 372 2 1.97 0.77 0.34 2 0 30 10 2 1 0 0 0 0 0 0 0 0 0 0 0 0 0 0
20230511 16:00:08.301 13 0 0 0 0 1 0 86 14 0 0 1040 270 0 372 2 1.97 0.77 0.34 2 0 120 0 7 0 0 0 0 0 0 0 0 0 0 0 0 0 0 0
20230511 16:00:08.401 13 0 1 0 0 0 0 85 15 0 0 2190 1940 0 372 2 1.97 0.77 0.34 2 0 10 0 1 0 0 10 0 0 0 0 0 0 0 0 0 0 0 0
20230511 16:00:08.501 12 0 1 0 0 1 0 86 14 0 0 1150 240 0 372 2 1.97 0.77 0.34 2 0 50 0 3 0 0 0 0 0 0 0 0 0 0 0 0 0 0 0
20230511 16:00:08.601 13 0 0 0 0 0 0 87 13 0 0 1050 620 0 372 2 1.97 0.77 0.34 2 0 20 0 1 0 0 0 0 0 0 0 0 0 0 0 0 0 0 0
20230511 16:00:08.701 12 0 1 0 0 2 0 85 15 0 0 1850 900 0 372 2 1.97 0.77 0.34 2 0 0 0 0 0 0 0 0 0 0 0 0 0 0 0 0 0 0 0
20230511 16:00:08.801 13 0 1 0 0 2 0 85 15 0 0 1390 800 0 372 2 1.97 0.77 0.34 2 0 20 0 6 0 0 0 0 0 0 0 0 0 0 0 0 0 0 0
20230511 16:00:08.901 12 0 0 0 0 1 0 86 14 0 0 1090 420 0 372 2 1.97 0.77 0.34 2 0 30 0 2 0 0 0 0 0 0 0 0 0 0 0 0 0 0 0
20230511 16:00:09.001 13 0 0 0 0 1 0 86 14 0 0 1030 330 0 372 2 1.97 0.77 0.34 2 0 10 0 1 0 0 0 0 0 0 0 0 0 0 0 0 0 0 0
20230511 16:00:09.101 12 0 0 0 0 0 0 88 12 0 0 1000 2220 0 372 2 1.97 0.77 0.34 2 0 30 0 2 0 0 10 0 0 0 0 0 0 0 0 0 0 0 0
20230511 16:00:09.201 12 0 1 0 0 0 0 87 13 0 0 1060 340 0 372 2 1.97 0.77 0.34 2 0 20 0 1 0 0 0 0 0 0 0 0 0 0 0 0 0 0 0
20230511 16:00:09.301 12 0 1 0 0 1 0 87 13 0 0 930 240 0 372 2 1.97 0.77 0.34 2 0 40 0 2 0 0 0 0 0 0 0 0 0 0 0 0 0 0 0
20230511 16:00:09.401 13 0 2 0 0 0 0 85 15 0 0 2040 2060 0 372 2 1.97 0.77 0.34 2 0 20 0 1 0 0 20 0 0 0 0 60 60 0 800 800 0 140 140
20230511 16:00:09.501 12 0 1 0 0 1 0 86 14 0 0 940 400 0 372 2 1.97 0.77 0.34 2 0 30 0 2 0 0 0 0 0 0 0 0 0 0 0 0 0 0 0
20230511 16:00:09.601 11 0 1 0 0 0 0 87 13 0 0 1120 480 0 372 2 1.97 0.77 0.34 2 0 100 0 6 0 0 20 0 0 0 0 0 0 0 0 0 0 0 0
20230511 16:00:09.701 12 0 2 0 0 2 0 84 16 0 0 2000 1200 0 372 2 1.97 0.77 0.34 2 0 30 10 2 1 0 0 0 0 0 0 0 0 0 0 0 0 0 0
20230511 16:00:09.801 11 0 2 0 0 1 0 86 14 0 0 1540 1540 0 372 1 1.97 0.77 0.34 2 0 50 0 3 0 0 0 0 0 0 300 0 300 4920 0 4920 0 0 0
20230511 16:00:09.901 7 0 2 3 0 1 0 87 9 0 0 4490 9790 0 372 2 1.97 0.77 0.34 1 1 10 0 1 0 0 10 0 0 0 3420 0 3420 293360 0 293360 0 0 0
20230511 16:00:10.001 6 0 3 3 0 0 0 88 9 0 0 3840 12330 0 372 2 1.97 0.77 0.34 2 0 30 0 2 0 0 0 0 0 0 2800 0 2800 358400 0 358400 0 0 0
20230511 16:00:10.101 7 0 3 2 0 1 0 87 11 0 0 3090 8060 0 372 2 1.97 0.77 0.34 2 0 30 0 2 0 0 0 0 0 0 2070 0 2070 264080 0 264080 0 0 0
20230511 16:00:10.201 4 0 7 2 0 0 0 86 12 0 0 2570 6330 0 372 2 1.97 0.77 0.34 2 0 10 10 1 1 0 20 0 0 0 1430 0 1430 183040 0 183040 0 0 0
20230511 16:00:10.301 6 0 3 2 0 0 0 89 9 0 0 2880 6970 0 372 2 1.97 0.77 0.34 2 0 120 0 7 0 0 0 0 0 0 1720 0 1720 221440 0 221440 0 0 0
20230511 16:00:10.401 7 0 5 2 0 0 0 86 12 0 0 3940 8730 0 372 1 1.97 0.77 0.34 1 1 10 0 1 0 0 20 0 0 0 1740 0 1740 218720 0 218720 0 0 0
20230511 16:00:10.501 5 0 6 2 0 0 0 87 11 0 0 2950 6420 0 372 2 1.97 0.77 0.34 1 1 60 10 9 1 0 0 0 0 0 1610 0 1610 201880 0 201880 20 0 20
20230511 16:00:10.601 9 0 3 1 0 0 0 87 12 0 0 2330 4340 0 372 2 1.97 0.77 0.34 2 0 60 20 4 1 0 0 0 0 0 1180 0 1180 127160 0 127160 60 0 60
20230511 16:00:10.701 9 0 2 6 0 1 0 82 12 0 0 2620 2880 0 372 1 1.97 0.77 0.34 1 2 0 0 0 0 0 20 0 0 0 470 500 970 58040 405680 463720 0 40 40
20230511 16:00:10.801 7 0 1 12 0 0 0 80 8 0 0 980 700 0 372 1 1.97 0.77 0.34 1 2 0 0 0 0 0 0 0 0 0 30 50 80 3840 53760 57600 0 0 0
20230511 16:00:10.901 6 0 1 12 0 1 0 81 7 0 0 570 500 0 372 1 1.97 0.77 0.34 1 2 40 0 2 0 0 0 0 0 0 10 10 20 1280 7680 8960 0 0 0
20230511 16:00:11.001 6 0 2 11 0 0 0 81 8 0 0 960 1180 0 372 2 1.97 0.77 0.34 2 1 70 0 4 0 0 0 0 0 0 120 120 240 14080 121120 135200 0 10 10
20230511 16:00:11.101 10 0 4 7 0 0 0 80 14 0 0 2280 3420 0 372 3 1.97 0.77 0.34 2 1 40 0 2 0 0 0 0 0 0 480 440 920 60160 399039 459199 0 30 30
20230511 16:00:11.201 9 0 3 6 0 0 0 83 11 0 0 3430 6350 0 372 2 1.97 0.77 0.34 2 1 10 0 1 0 0 20 0 0 0 550 1500 2050 67400 676321 743721 0 120 120
20230511 16:00:11.301 9 0 3 6 0 0 0 81 13 0 0 2230 4770 0 372 2 1.97 0.77 0.34 2 1 30 0 2 0 0 0 0 0 0 460 950 1410 56760 343520 400279 0 0 0
20230511 16:00:11.401 7 0 3 10 0 0 0 80 10 0 0 1750 2560 0 372 1 1.97 0.77 0.34 1 2 10 0 1 0 0 10 0 0 0 120 80 200 14920 84480 99400 0 10 10
20230511 16:00:11.501 9 0 1 10 0 1 0 79 10 0 0 1180 1230 0 372 1 1.97 0.77 0.34 2 1 120 0 7 0 0 0 0 0 0 290 80 370 35840 85760 121600 0 0 0
20230511 16:00:11.601 6 0 1 15 0 0 0 78 7 0 0 790 2200 0 372 1 1.97 0.77 0.34 1 3 30 0 2 0 0 0 0 0 0 80 80 160 9400 63600 73000 0 210 210
20230511 16:00:11.701 7 0 1 18 0 1 0 73 9 0 0 1370 1060 0 372 1 1.97 0.77 0.34 1 3 20 0 1 0 0 0 0 0 0 20 0 20 2560 0 2560 0 0 0
20230511 16:00:11.801 6 0 1 19 0 0 0 74 7 0 0 840 580 0 372 1 1.97 0.77 0.34 1 3 90 0 5 0 0 0 0 0 0 0 0 0 0 0 0 0 0 0
20230511 16:00:11.901 0 0 0 100 0 0 0 0 0 0 0 670 550 0 372 1 1.97 0.77 0.34 2 1 10 0 1 0 0 10 0 0 0 40 30 70 5120 20520 25640 0 0 0
20230511 16:00:12.001 9 0 1 9 0 1 0 81 11 0 0 1410 4450 0 372 3 1.97 0.77 0.34 1 2 30 0 2 0 0 0 0 0 0 490 150 640 60160 156160 216320 0 0 0
20230511 16:00:12.101 9 0 1 8 0 1 0 81 11 0 0 1600 2760 0 372 2 1.97 0.77 0.34 2 1 30 0 2 0 0 0 0 0 0 520 280 800 64840 286720 351559 0 10 10
20230511 16:00:12.201 9 0 1 8 0 0 0 82 10 0 0 1620 2970 0 372 2 1.97 0.77 0.34 2 1 20 0 1 0 0 0 0 0 0 540 270 810 65720 279040 344760 0 0 0
20230511 16:00:12.301 9 0 2 7 0 1 0 81 12 0 0 1560 2650 0 372 2 1.97 0.77 0.34 2 1 10 0 1 0 0 0 0 0 0 490 270 760 61000 273920 334920 0 0 0
20230511 16:00:12.401 10 0 4 8 0 1 0 78 15 0 0 3180 6500 0 372 1 1.97 0.77 0.34 1 2 120 0 7 0 0 10 0 0 0 550 500 1050 68280 512000 580281 0 0 0
20230511 16:00:12.501 9 0 1 9 0 0 0 81 11 0 0 1830 3290 0 372 2 1.97 0.77 0.34 2 1 30 0 2 0 0 0 0 0 0 420 500 920 51200 512000 563201 0 10 10
20230511 16:00:12.601 6 0 1 11 0 0 0 82 7 0 0 1020 1530 0 372 1 1.97 0.77 0.34 1 2 120 0 7 0 0 0 0 0 0 200 120 320 23000 122880 145880 10 0 10
20230511 16:00:12.701 8 0 2 8 0 0 0 82 10 0 0 2000 2800 0 372 1 1.97 0.77 0.34 1 2 10 0 1 0 0 0 0 0 0 490 110 600 60960 115200 176160 0 0 0
20230511 16:00:12.801 8 0 1 9 0 1 0 81 10 0 0 1750 3190 0 372 1 1.97 0.77 0.34 1 2 10 0 1 0 0 0 0 0 0 700 80 780 84440 81920 166360 0 0 0
20230511 16:00:12.901 12 0 2 6 0 0 0 80 14 0 0 1160 880 0 372 2 1.97 0.77 0.34 2 1 30 0 2 0 0 10 0 0 0 30 80 110 1880 81920 83800 0 0 0
20230511 16:00:13.001 11 0 2 4 0 0 0 82 14 0 0 1140 1010 0 372 2 1.97 0.77 0.34 2 1 40 0 2 0 0 0 0 0 0 0 120 120 0 115280 115280 0 0 0
20230511 16:00:13.101 12 0 1 6 0 0 0 82 13 0 0 980 390 0 372 2 2.06 0.81 0.35 2 1 30 0 2 0 0 0 0 0 0 0 90 90 0 88320 88320 0 0 0
20230511 16:00:13.201 10 0 3 6 0 0 0 81 13 0 0 2130 1660 0 372 1 2.06 0.81 0.35 2 1 10 0 1 0 0 0 0 0 0 150 1010 1160 600 502600 503200 0 40 40
20230511 16:00:13.301 7 0 3 9 0 0 0 81 9 0 0 3010 3420 0 372 1 2.06 0.81 0.35 1 2 30 0 2 0 0 0 0 0 0 710 1700 2410 15280 766959 782239 0 30 30
20230511 16:00:13.401 7 0 4 8 0 0 0 81 11 0 0 2510 2860 0 372 1 2.06 0.81 0.35 1 2 10 0 1 0 0 10 0 0 0 220 640 860 13120 654081 667201 0 10 10
20230511 16:00:13.501 7 0 2 5 0 0 0 86 9 0 0 1340 1450 0 372 1 2.06 0.81 0.35 1 1 30 0 2 0 0 0 0 0 0 560 190 750 17800 125120 142920 0 20 20
20230511 16:00:13.601 6 0 1 5 0 0 0 88 7 0 0 1710 3450 0 372 1 2.06 0.81 0.35 0 2 40 0 2 0 0 0 0 0 0 1170 0 1170 81320 0 81320 0 0 0
20230511 16:00:13.701 4 0 4 6 0 1 0 86 8 0 0 2850 5970 0 372 1 2.06 0.81 0.35 0 2 20 0 1 0 0 0 0 0 0 1510 0 1510 156560 0 156560 0 0 0
20230511 16:00:13.801 6 0 2 6 0 1 0 85 9 0 0 2050 4510 0 372 2 2.06 0.81 0.35 2 0 20 0 1 0 0 0 0 0 0 1060 0 1060 135680 0 135680 0 0 0
20230511 16:00:13.901 6 0 2 6 0 0 0 86 8 0 0 1800 4230 0 372 0 2.06 0.81 0.35 2 0 40 0 2 0 0 30 0 0 0 1000 0 1000 128000 0 128000 0 0 0
20230511 16:00:14.001 6 0 2 5 0 0 0 87 8 0 0 1710 5700 0 372 2 2.06 0.81 0.35 0 2 30 0 2 0 0 0 0 0 0 1010 0 1010 129280 0 129280 0 0 0
20230511 16:00:14.101 6 0 3 3 0 1 0 88 9 0 0 1970 6090 0 372 2 2.06 0.81 0.35 2 0 110 0 6 0 0 0 0 0 0 1110 0 1110 143280 0 143280 10 0 10
20230511 16:00:14.201 8 0 2 2 0 1 0 88 11 0 0 2600 5620 0 372 2 2.06 0.81 0.35 2 0 40 0 2 0 0 10 0 0 0 1460 0 1460 184720 0 184720 0 0 0
20230511 16:00:14.301 8 0 3 1 0 0 0 88 11 0 0 1980 4520 0 372 3 2.06 0.81 0.35 2 0 10 0 1 0 0 0 0 0 0 1280 0 1280 163840 0 163840 20 0 20
20230511 16:00:14.401 6 0 4 8 0 1 0 80 12 0 0 2660 5180 0 372 0 2.06 0.81 0.35 0 3 60 0 4 0 0 10 0 0 0 860 40 900 110080 640 110720 10 120 130
20230511 16:00:14.501 2 0 3 8 0 0 0 88 5 0 0 770 1330 0 372 2 2.06 0.81 0.35 2 0 50 0 3 0 0 0 0 0 0 360 10 370 44800 40 44840 0 0 0
20230511 16:00:14.601 5 0 1 6 0 0 0 88 6 0 0 1680 3660 0 372 2 2.06 0.81 0.35 1 1 100 0 6 0 0 0 0 0 0 930 0 930 119040 0 119040 20 0 20
20230511 16:00:14.701 5 0 2 6 0 0 0 87 7 0 0 2520 4970 0 372 0 2.06 0.81 0.35 2 0 40 10 2 1 0 0 0 0 0 1220 0 1220 153520 0 153520 10 0 10
20230511 16:00:14.801 5 0 4 5 0 1 0 85 10 0 0 2110 4040 0 372 1 2.06 0.81 0.35 2 0 20 0 1 0 0 0 0 0 0 1120 0 1120 133920 0 133920 10 0 10
20230511 16:00:14.901 4 0 3 4 0 1 0 88 8 0 0 1550 3230 0 372 1 2.06 0.81 0.35 1 1 40 0 2 0 0 0 0 0 0 870 0 870 109680 0 109680 20 0 20
20230511 16:00:15.001 8 0 1 4 0 0 0 87 9 0 0 2400 4900 0 372 2 2.06 0.81 0.35 1 1 120 10 7 1 0 0 0 0 0 1290 0 1290 156960 0 156960 10 0 10
20230511 16:00:15.101 10 0 3 0 0 1 0 86 14 0 0 1320 730 0 372 1 2.06 0.81 0.35 1 1 120 0 7 0 0 0 0 0 0 210 0 210 26640 0 26640 10 0 10
20230511 16:00:15.201 9 0 2 1 0 0 0 88 11 0 0 2280 4490 0 372 2 2.06 0.81 0.35 2 0 10 0 1 0 0 0 0 0 0 1350 0 1350 171720 0 171720 50 0 50
20230511 16:00:15.301 7 0 5 1 0 1 0 87 12 0 0 1870 2920 0 372 2 2.06 0.81 0.35 2 0 10 0 1 0 0 0 0 0 0 960 0 960 121400 0 121400 10 0 10
20230511 16:00:15.401 8 0 4 1 0 1 0 85 14 0 0 2990 6300 0 372 2 2.06 0.81 0.35 2 0 30 0 2 0 0 0 0 0 0 1160 0 1160 146240 0 146240 0 0 0
20230511 16:00:15.501 10 0 1 1 0 1 0 87 12 0 0 2210 4970 0 372 2 2.06 0.81 0.35 1 1 30 10 2 1 0 10 0 0 0 1230 0 1230 157440 0 157440 0 0 0
20230511 16:00:15.601 11 0 1 1 0 1 0 86 12 0 0 2190 4490 0 372 2 2.06 0.81 0.35 2 0 200 20 13 1 0 0 0 0 0 1030 0 1030 131840 0 131840 0 0 0
20230511 16:00:15.701 10 0 4 1 0 2 0 84 15 0 0 2810 4020 0 372 2 2.06 0.81 0.35 1 1 30 0 2 0 0 10 0 0 0 990 0 990 118800 0 118800 0 0 0
20230511 16:00:15.801 10 0 2 1 0 2 0 85 14 0 0 2010 2880 0 372 2 2.06 0.81 0.35 2 0 40 0 2 0 0 0 0 0 0 680 0 680 87040 0 87040 0 0 0
20230511 16:00:15.901 10 0 2 0 0 1 0 86 14 0 0 1280 910 0 372 2 2.06 0.81 0.35 2 0 100 0 6 0 0 0 0 0 0 170 0 170 16920 0 16920 0 0 0
20230511 16:00:16.001 11 0 1 0 0 1 0 87 13 0 0 1240 1970 0 372 2 2.06 0.81 0.35 2 0 20 0 1 0 0 10 0 0 0 0 0 0 0 0 0 0 0 0
20230511 16:00:16.101 11 0 2 0 0 1 0 86 14 0 0 970 260 0 372 2 2.06 0.81 0.35 2 0 40 0 2 0 0 0 0 0 0 0 0 0 0 0 0 0 0 0
20230511 16:00:16.201 9 0 3 0 0 1 0 87 13 0 0 1100 810 0 372 2 2.06 0.81 0.35 2 0 20 0 1 0 0 10 0 0 0 10 0 10 840 0 840 0 0 0
20230511 16:00:16.301 12 0 1 0 0 1 0 86 14 0 0 1030 380 0 372 2 2.06 0.81 0.35 2 0 50 0 3 0 0 0 0 0 0 0 0 0 0 0 0 0 0 0
20230511 16:00:16.401 13 0 3 0 0 0 0 85 15 0 0 1960 2300 0 372 2 2.06 0.81 0.35 2 0 10 0 1 0 0 0 0 0 0 0 0 0 0 0 0 0 0 0
20230511 16:00:16.501 10 0 4 2 0 1 0 83 15 0 0 2080 1370 0 372 2 2.06 0.81 0.35 3 0 60 0 4 0 0 0 0 0 0 0 860 860 0 599281 599281 0 40 40
20230511 16:00:16.601 10 0 2 4 0 0 0 83 12 0 0 3180 5390 0 372 2 2.06 0.81 0.35 3 0 20 0 1 0 0 0 0 0 0 10 1990 2000 400 732639 733039 0 420 420
20230511 16:00:16.701 11 0 2 5 0 1 0 80 15 0 0 2770 2580 0 372 2 2.06 0.81 0.35 2 1 30 0 7 0 0 10 0 0 0 0 1070 1070 0 588721 588721 0 40 40
20230511 16:00:16.801 11 0 4 3 0 0 0 81 16 0 0 2050 1090 0 372 2 2.06 0.81 0.35 2 1 30 0 2 0 0 0 0 0 0 0 510 510 0 523519 523519 0 10 10
20230511 16:00:16.901 13 0 1 4 0 1 0 81 14 0 0 1220 290 0 372 2 2.06 0.81 0.35 2 1 20 0 1 0 0 0 0 0 0 0 120 120 0 119200 119200 0 0 0
20230511 16:00:17.001 12 0 0 6 0 1 0 81 13 0 0 1370 790 0 372 2 2.06 0.81 0.35 2 1 150 0 9 0 0 10 0 0 0 0 80 80 0 85600 85600 0 0 0
20230511 16:00:17.101 12 0 1 6 0 0 0 81 13 0 0 1090 200 0 372 2 2.06 0.81 0.35 2 1 110 0 6 0 0 0 0 0 0 0 110 110 0 110080 110080 0 0 0
20230511 16:00:17.201 13 0 0 6 0 1 0 81 13 0 0 1190 440 0 372 2 2.06 0.81 0.35 2 1 0 0 0 0 0 10 0 0 0 0 90 90 0 94720 94720 0 0 0
20230511 16:00:17.301 12 0 0 6 0 1 0 81 13 0 0 960 200 0 372 2 2.06 0.81 0.35 2 1 0 0 0 0 0 0 0 0 0 0 70 70 0 69120 69120 0 0 0
20230511 16:00:17.401 9 0 3 9 0 0 0 79 12 0 0 1790 2420 0 372 1 2.06 0.81 0.35 1 2 20 0 1 0 0 0 0 0 0 0 160 160 0 163840 163840 0 0 0
20230511 16:00:17.501 10 0 1 5 0 0 0 84 11 0 0 1220 860 0 372 2 2.06 0.81 0.35 3 0 30 0 2 0 0 10 0 0 0 20 450 470 440 464560 465000 0 10 10
20230511 16:00:17.601 11 0 3 4 0 1 0 80 15 0 0 2220 2290 0 372 2 2.06 0.81 0.35 2 1 160 0 9 0 0 0 0 0 0 110 750 860 14920 668919 683839 20 30 50
20230511 16:00:17.701 10 0 4 4 0 1 0 81 15 0 0 2610 1710 0 372 1 2.06 0.81 0.35 1 2 30 0 2 0 0 20 0 0 0 120 600 720 15360 602161 617521 10 0 10
20230511 16:00:17.801 7 0 1 11 0 1 0 80 9 0 0 990 890 0 372 2 2.06 0.81 0.35 2 1 60 0 4 0 0 0 0 0 0 40 110 150 3840 112640 116480 10 0 10
20230511 16:00:17.901 9 0 2 6 0 0 0 82 12 0 0 1470 1070 0 372 1 2.06 0.81 0.35 1 2 30 0 2 0 0 0 0 0 0 140 380 520 19200 91920 111120 0 0 0
20230511 16:00:18.001 10 0 2 9 0 0 0 79 12 0 0 1770 2040 0 372 2 2.06 0.81 0.35 2 1 20 0 1 0 0 10 0 0 0 130 640 770 12760 120320 133080 0 30 30
20230511 16:00:18.101 11 0 1 7 0 1 0 81 12 0 0 1590 1010 0 372 2 2.13 0.85 0.36 2 1 190 0 11 0 0 0 0 0 0 170 430 600 18040 78080 96120 0 0 0
20230511 16:00:18.201 11 0 2 6 0 0 0 81 13 0 0 1580 620 0 372 3 2.13 0.85 0.36 2 1 30 10 2 1 0 10 0 0 0 0 460 460 0 113720 113720 0 10 10
20230511 16:00:18.301 12 0 1 4 0 1 0 82 14 0 0 1050 220 0 372 2 2.13 0.85 0.36 2 1 50 0 3 0 0 0 0 0 0 0 130 130 0 130720 130720 0 10 10
20230511 16:00:18.401 12 0 2 5 0 1 0 79 16 0 0 2970 1970 0 372 2 2.13 0.85 0.36 2 1 10 0 1 0 0 0 0 0 0 0 1010 1010 0 196760 196760 0 0 0
20230511 16:00:18.501 13 0 0 6 0 1 0 80 14 0 0 1240 340 0 372 2 2.13 0.85 0.36 2 1 50 0 3 0 0 0 0 0 0 0 80 80 0 74400 74400 0 0 0
20230511 16:00:18.601 13 0 1 6 0 0 0 81 13 0 0 1530 670 0 372 2 2.13 0.85 0.36 2 1 10 0 1 0 0 0 0 0 0 0 470 470 0 129160 129160 0 10 10
20230511 16:00:18.701 12 0 1 6 0 2 0 79 15 0 0 2170 730 0 372 2 2.13 0.85 0.36 2 1 50 0 8 0 0 20 0 0 0 0 460 460 0 81920 81920 0 10 10
20230511 16:00:18.801 13 0 1 6 0 1 0 80 15 0 0 1690 770 0 372 2 2.13 0.85 0.36 2 1 20 0 1 0 0 0 0 0 0 0 540 540 0 98560 98560 0 0 0
20230511 16:00:18.901 11 0 2 6 0 1 0 80 14 0 0 1590 530 0 372 2 2.13 0.85 0.36 2 1 20 0 1 0 0 0 0 0 0 0 570 570 0 102320 102320 0 90 90
20230511 16:00:19.001 12 0 1 6 0 1 0 80 14 0 0 1260 630 0 372 2 2.13 0.85 0.36 2 1 40 0 2 0 0 0 0 0 0 0 170 170 0 93280 93280 0 0 0
20230511 16:00:19.101 12 0 2 5 0 1 0 80 15 0 0 2720 1620 0 372 2 2.13 0.85 0.36 2 1 40 0 2 0 0 0 0 0 0 0 1640 1640 0 567599 567599 0 40 40
20230511 16:00:19.201 12 0 1 1 0 0 0 86 13 0 0 1350 600 0 372 2 2.13 0.85 0.36 2 0 0 0 0 0 0 0 0 0 0 0 370 370 0 186200 186200 0 0 0
20230511 16:00:19.301 9 0 2 1 0 0 0 88 11 0 0 1870 3260 0 372 2 2.13 0.85 0.36 2 0 0 0 0 0 0 0 0 0 0 1060 0 1060 104560 0 104560 0 0 0
20230511 16:00:19.401 9 0 4 4 0 1 0 83 13 0 0 2660 4370 0 372 1 2.13 0.85 0.36 1 2 10 0 1 0 0 0 0 0 0 860 30 890 110080 520 110600 0 100 100
20230511 16:00:19.501 7 0 3 4 0 0 0 86 9 0 0 1580 2290 0 372 2 2.13 0.85 0.36 2 0 20 0 1 0 0 20 0 0 0 670 10 680 85760 40 85800 0 0 0
20230511 16:00:19.601 11 0 2 1 0 0 0 87 12 0 0 1810 2680 0 372 2 2.13 0.85 0.36 2 0 70 0 4 0 0 0 0 0 0 780 0 780 99840 0 99840 0 0 0
20230511 16:00:19.701 11 0 2 1 0 2 0 84 15 0 0 2450 1920 0 372 2 2.13 0.85 0.36 2 0 50 10 3 1 0 0 0 0 0 450 0 450 53320 0 53320 0 0 0
20230511 16:00:19.801 12 0 1 0 0 0 0 86 14 0 0 1520 1000 0 372 2 2.13 0.85 0.36 2 0 160 0 9 0 0 0 0 0 0 0 0 0 0 0 0 0 0 0
20230511 16:00:19.901 12 0 1 0 0 0 0 87 13 0 0 970 310 0 372 2 2.13 0.85 0.36 2 0 10 0 1 0 0 0 0 0 0 0 0 0 0 0 0 0 0 0
20230511 16:00:20.001 11 0 1 0 0 0 0 87 13 0 0 1120 1900 0 372 2 2.13 0.85 0.36 2 0 0 0 0 0 0 30 0 0 0 10 0 10 1080 0 1080 0 0 0
20230511 16:00:20.101 12 0 0 0 0 1 0 87 13 0 0 1150 390 0 372 2 2.13 0.85 0.36 2 0 130 10 8 1 0 0 0 0 0 0 0 0 0 0 0 0 0 0
20230511 16:00:20.201 12 0 1 0 0 0 0 87 13 0 0 1100 420 0 372 2 2.13 0.85 0.36 2 0 30 0 2 0 0 10 0 0 0 0 0 0 0 0 0 0 0 0
20230511 16:00:20.301 11 0 2 0 0 0 0 88 12 0 0 960 530 0 372 2 2.13 0.85 0.36 2 0 40 0 2 0 0 0 0 0 0 10 0 10 840 0 840 0 0 0
20230511 16:00:20.401 13 0 4 0 0 1 0 82 18 0 0 2300 3100 190 374 3 2.13 0.85 0.36 3 0 20 0 1 0 0 0 0 0 0 10 0 10 560 0 560 0 0 0
20230511 16:00:20.501 12 0 2 0 0 1 0 85 15 0 0 2540 1470 90 372 2 2.13 0.85 0.36 2 0 60 10 4 1 0 0 0 0 0 0 0 0 0 0 0 0 0 0
20230511 16:00:20.601 13 0 1 0 0 0 0 86 14 0 0 1250 840 0 372 2 2.13 0.85 0.36 2 0 30 20 3 1 0 0 0 0 0 0 0 0 0 0 0 0 0 0
20230511 16:00:20.701 11 0 6 0 0 1 0 82 18 0 0 3110 2800 280 372 2 2.13 0.85 0.36 2 0 40 0 2 0 0 10 0 0 0 0 0 0 0 0 0 0 0 0
20230511 16:00:20.801 12 0 1 0 0 0 0 87 13 0 0 1740 810 0 372 2 2.13 0.85 0.36 2 0 10 0 1 0 0 0 0 0 0 0 0 0 0 0 0 0 0 0
20230511 16:00:20.901 12 0 1 0 0 0 0 88 12 0 0 1030 400 0 372 2 2.13 0.85 0.36 2 0 40 0 2 0 0 0 0 0 0 0 0 0 0 0 0 0 0 0
20230511 16:00:21.001 10 0 2 1 0 0 0 87 12 0 0 2000 2740 0 372 2 2.13 0.85 0.36 1 1 10 0 1 0 0 10 0 0 0 970 0 970 80280 0 80280 30 0 30
20230511 16:00:21.101 8 0 4 1 0 1 0 87 12 0 0 3310 5710 0 372 2 2.13 0.85 0.36 2 0 100 0 6 0 0 0 0 0 0 2220 0 2220 283120 0 283120 220 0 220
20230511 16:00:21.201 8 0 4 2 0 0 0 86 12 0 0 3420 7150 0 372 2 2.13 0.85 0.36 1 1 20 0 1 0 0 0 0 0 0 2360 0 2360 282400 0 282400 20 0 20
20230511 16:00:21.301 12 0 0 1 0 1 0 86 12 0 0 1870 3160 0 372 2 2.13 0.85 0.36 2 0 0 0 0 0 0 0 0 0 0 890 0 890 108760 0 108760 0 0 0
20230511 16:00:21.401 12 0 3 0 0 0 0 84 16 0 0 1820 1780 0 372 2 2.13 0.85 0.36 2 0 10 0 1 0 0 0 0 0 0 0 0 0 0 0 0 0 0 0
20230511 16:00:21.501 11 0 1 0 0 0 0 88 12 0 0 1090 440 0 372 2 2.13 0.85 0.36 2 0 20 0 1 0 0 30 0 0 0 0 0 0 0 0 0 0 0 0
20230511 16:00:21.601 13 0 0 0 0 0 0 87 13 0 0 1170 1760 0 372 2 2.13 0.85 0.36 2 0 40 0 2 0 0 0 0 0 0 0 0 0 0 0 0 0 0 0
20230511 16:00:21.701 13 0 0 0 0 2 0 85 15 0 0 2070 700 0 372 2 2.13 0.85 0.36 2 0 150 0 9 0 0 10 0 0 0 0 20 20 0 1280 1280 0 300 300
20230511 16:00:21.801 12 0 1 0 0 0 0 87 13 0 0 1370 1020 0 372 2 2.13 0.85 0.36 2 0 0 0 0 0 0 0 0 0 0 0 0 0 0 0 0 0 0 0
20230511 16:00:21.901 12 0 1 0 0 0 0 87 13 0 0 1110 220 0 372 2 2.13 0.85 0.36 2 0 120 0 7 0 0 0 0 0 0 0 0 0 0 0 0 0 0 0
20230511 16:00:22.001 13 0 0 0 0 0 0 87 13 0 0 1140 2060 0 372 2 2.13 0.85 0.36 2 0 0 0 0 0 0 20 0 0 0 10 0 10 840 0 840 0 0 0
20230511 16:00:22.101 13 0 0 0 0 0 0 87 13 0 0 910 170 0 372 2 2.13 0.85 0.36 2 0 60 0 4 0 0 0 0 0 0 0 0 0 0 0 0 0 0 0
20230511 16:00:22.201 12 0 1 0 0 0 0 88 12 0 0 1040 270 0 372 2 2.13 0.85 0.36 2 0 40 0 2 0 0 0 0 0 0 0 0 0 0 0 0 0 0 0
20230511 16:00:22.301 13 0 0 0 0 1 0 86 14 0 0 1090 470 0 372 2 2.13 0.85 0.36 2 0 50 10 3 1 0 20 0 0 0 10 0 10 400 0 400 0 0 0
20230511 16:00:22.401 12 0 3 0 0 0 0 84 16 0 0 1940 1970 0 372 2 2.13 0.85 0.36 2 0 10 0 1 0 0 0 0 0 0 0 0 0 0 0 0 0 0 0
20230511 16:00:22.501 11 0 1 0 0 1 0 87 13 0 0 1230 480 0 372 2 2.13 0.85 0.36 2 0 50 0 3 0 0 10 0 0 0 0 0 0 0 0 0 0 0 0
20230511 16:00:22.601 11 0 2 0 0 0 0 87 13 0 0 1160 800 0 372 2 2.13 0.85 0.36 2 0 10 0 1 0 0 0 0 0 0 20 0 20 1600 0 1600 0 0 0
20230511 16:00:22.701 13 0 1 0 0 2 0 84 16 0 0 1790 700 0 372 2 2.13 0.85 0.36 2 0 20 0 1 0 0 0 0 0 0 0 0 0 0 0 0 0 0 0
20230511 16:00:22.801 12 0 1 0 0 0 0 87 13 0 0 1370 1100 0 372 2 2.13 0.85 0.36 2 0 10 0 1 0 0 0 0 0 0 0 0 0 0 0 0 0 0 0
20230511 16:00:22.901 11 0 1 1 0 0 0 87 12 0 0 1600 2740 0 372 1 2.13 0.85 0.36 2 0 10 0 1 0 0 0 0 0 0 680 0 680 75800 0 75800 0 0 0
20230511 16:00:23.001 9 0 2 1 0 0 0 87 11 0 0 2510 5270 0 372 1 2.13 0.85 0.36 2 0 0 0 0 0 0 0 0 0 0 1460 0 1460 186880 0 186880 0 0 0
20230511 16:00:23.101 11 0 1 2 0 0 0 86 12 0 0 2580 4930 0 372 2 2.12 0.87 0.37 2 0 40 0 2 0 0 0 0 0 0 1700 0 1700 217600 0 217600 0 0 0
20230511 16:00:23.201 11 0 1 1 0 1 0 87 12 0 0 2250 3880 0 372 2 2.12 0.87 0.37 2 0 10 0 1 0 0 0 0 0 0 1270 0 1270 157920 0 157920 0 0 0
20230511 16:00:23.301 12 0 1 0 0 0 0 87 13 0 0 930 300 0 372 2 2.12 0.87 0.37 2 0 10 0 1 0 0 10 0 0 0 0 0 0 0 0 0 0 0 0
20230511 16:00:23.401 13 0 1 0 0 1 0 86 14 0 0 1900 1820 0 372 2 2.12 0.87 0.37 2 0 40 0 2 0 0 0 0 0 0 0 0 0 0 0 0 0 0 0
20230511 16:00:23.501 12 0 2 3 0 0 0 83 14 0 0 1960 980 0 372 2 2.12 0.87 0.37 2 1 20 0 1 0 0 10 0 0 0 10 700 710 320 555241 555561 0 60 60
20230511 16:00:23.601 11 0 4 4 0 0 0 81 15 0 0 1990 1210 0 372 2 2.12 0.87 0.37 3 0 20 0 1 0 0 0 0 0 0 0 890 890 0 758639 758639 0 70 70
20230511 16:00:23.701 13 0 1 4 0 1 0 81 15 0 0 2420 1010 0 372 3 2.12 0.87 0.37 2 1 30 0 2 0 0 0 0 0 0 0 810 810 0 747641 747641 0 20 20
20230511 16:00:23.801 7 0 4 7 0 1 0 81 12 0 0 1730 1690 0 372 1 2.12 0.87 0.37 1 2 0 0 0 0 0 0 0 0 0 0 420 420 0 431359 431359 0 0 0
20230511 16:00:23.901 6 0 0 12 0 0 0 81 6 0 0 540 200 0 372 1 2.12 0.87 0.37 1 2 130 0 8 0 0 0 0 0 0 0 30 30 0 33280 33280 0 0 0
20230511 16:00:24.001 11 0 0 6 0 0 0 83 11 0 0 1200 2000 0 372 2 2.12 0.87 0.37 2 1 0 0 0 0 0 20 0 0 0 20 90 110 1560 81920 83480 0 0 0
20230511 16:00:24.101 12 0 1 4 0 0 0 82 13 0 0 1120 2090 0 372 2 2.12 0.87 0.37 3 0 40 0 2 0 0 0 0 0 0 0 120 120 0 122880 122880 0 10 10
20230511 16:00:24.201 12 0 1 6 0 0 0 81 13 0 0 1220 610 0 372 3 2.12 0.87 0.37 2 1 80 0 5 0 0 0 0 0 0 0 80 80 0 78200 78200 0 0 0
20230511 16:00:24.301 13 0 0 6 0 0 0 81 13 0 0 1210 640 0 372 2 2.12 0.87 0.37 2 1 30 0 2 0 0 0 0 0 0 0 110 110 0 113760 113760 0 0 0
20230511 16:00:24.401 12 0 2 6 0 1 0 78 15 0 0 2340 3040 0 372 2 2.12 0.87 0.37 2 1 10 0 1 0 0 0 0 0 0 0 360 360 0 91880 91880 0 0 0
20230511 16:00:24.501 12 0 2 3 0 1 0 82 15 0 0 2780 920 0 372 2 2.12 0.87 0.37 2 0 30 0 2 0 0 0 0 0 0 0 1700 1700 0 692201 692201 0 620 620
20230511 16:00:24.601 9 0 2 12 0 0 0 76 11 0 0 2620 1140 0 372 1 2.12 0.87 0.37 1 3 40 0 8 0 0 0 0 0 0 0 1590 1590 0 486679 486679 0 640 640
20230511 16:00:24.701 6 0 1 15 0 0 0 79 6 0 0 1550 1320 0 372 1 2.12 0.87 0.37 1 2 20 10 1 1 0 0 0 0 0 270 170 440 3880 147240 151120 0 10 10
20230511 16:00:24.801 4 0 3 12 0 1 0 81 8 0 0 2630 5260 0 372 2 2.12 0.87 0.37 1 2 30 0 2 0 0 20 0 0 0 780 810 1590 76200 518399 594599 0 70 70
20230511 16:00:24.901 5 0 3 8 0 0 0 84 8 0 0 1990 4220 0 372 2 2.12 0.87 0.37 2 1 10 0 1 0 0 0 0 0 0 780 260 1040 99840 115080 214920 0 0 0
20230511 16:00:25.001 7 0 1 10 0 0 0 82 9 0 0 1570 2880 0 372 1 2.12 0.87 0.37 2 1 10 0 1 0 0 0 0 0 0 530 310 840 67840 81920 149760 0 10 10
20230511 16:00:25.101 5 0 1 12 0 0 0 82 6 0 0 1370 2190 0 372 2 2.12 0.87 0.37 2 1 80 0 5 0 0 0 0 0 0 390 440 830 49920 116760 166680 0 10 10
20230511 16:00:25.201 5 0 0 11 0 0 0 84 5 0 0 1050 1890 0 372 0 2.12 0.87 0.37 0 3 20 0 1 0 0 0 0 0 0 410 180 590 52480 80640 133120 0 10 10
20230511 16:00:25.301 1 0 0 18 0 0 0 82 1 0 0 430 650 0 372 0 2.12 0.87 0.37 0 3 30 10 2 1 0 10 0 0 0 70 120 190 8960 76440 85400 0 10 10
20230511 16:00:25.401 5 0 3 13 0 0 0 79 8 0 0 2010 3900 0 372 2 2.12 0.87 0.37 2 1 10 0 1 0 0 0 0 0 0 420 260 680 53760 128600 182360 0 50 50
20230511 16:00:25.501 4 0 2 11 0 0 0 83 6 0 0 1340 2180 0 372 1 2.12 0.87 0.37 2 1 30 10 2 1 0 20 0 0 0 330 310 640 42240 210080 252320 0 110 110
20230511 16:00:25.601 5 0 3 11 0 0 0 81 8 0 0 2240 2490 0 372 3 2.12 0.87 0.37 0 3 70 50 5 4 0 0 0 0 0 310 860 1170 39680 799999 839679 0 300 300
20230511 16:00:25.701 4 0 3 12 0 0 0 81 6 0 0 4140 3710 0 372 1 2.12 0.87 0.37 2 1 20 0 4 0 0 0 0 0 0 360 2560 2920 46080 781801 827881 0 140 140
20230511 16:00:25.801 9 0 3 2 0 1 0 85 13 0 0 2320 4060 0 372 2 2.12 0.87 0.37 2 0 60 0 9 0 0 20 0 0 0 840 110 950 107520 20880 128400 0 30 30
20230511 16:00:25.901 9 0 2 1 0 0 0 88 11 0 0 1860 3420 0 372 2 2.12 0.87 0.37 2 0 40 0 2 0 0 0 0 0 0 990 0 990 120760 0 120760 0 0 0
20230511 16:00:26.001 13 0 0 0 0 0 0 87 13 0 0 1060 2770 0 372 2 2.12 0.87 0.37 2 0 10 0 1 0 0 30 0 0 0 0 0 0 0 0 0 0 0 0
20230511 16:00:26.101 12 0 1 0 0 0 0 87 13 0 0 920 240 0 372 2 2.12 0.87 0.37 2 0 20 0 1 0 0 0 0 0 0 0 0 0 0 0 0 0 0 0
20230511 16:00:26.201 9 0 3 0 0 1 0 87 13 0 0 1020 840 0 372 2 2.12 0.87 0.37 2 0 30 0 2 0 0 0 0 0 0 0 0 0 0 0 0 0 0 0
20230511 16:00:26.301 11 0 2 0 0 0 0 87 13 0 0 1100 840 0 372 2 2.12 0.87 0.37 2 0 30 0 2 0 0 20 0 0 0 0 0 0 0 0 0 0 0 0
20230511 16:00:26.401 12 0 2 0 0 0 0 85 15 0 0 1850 2360 0 372 2 2.12 0.87 0.37 2 0 0 0 0 0 0 0 0 0 0 0 0 0 0 0 0 0 0 0
20230511 16:00:26.501 12 0 1 0 0 0 0 87 13 0 0 1110 520 0 372 2 2.12 0.87 0.37 2 0 20 0 1 0 0 0 0 0 0 0 0 0 0 0 0 0 0 0
20230511 16:00:26.601 11 0 2 0 0 0 0 87 13 0 0 1220 2190 0 372 2 2.12 0.87 0.37 2 0 30 0 2 0 0 0 0 0 0 0 0 0 0 0 0 0 0 0
20230511 16:00:26.701 11 0 2 2 0 2 0 82 15 0 0 1860 840 0 372 2 2.12 0.87 0.37 2 0 10 0 1 0 0 0 0 0 0 0 20 20 0 1720 1720 0 410 410
20230511 16:00:26.801 12 0 1 0 0 1 0 86 14 0 0 1380 1020 0 372 2 2.12 0.87 0.37 2 0 10 0 1 0 0 10 0 0 0 0 0 0 0 0 0 0 0 0
20230511 16:00:26.901 11 0 2 0 0 1 0 87 13 0 0 1130 480 0 372 2 2.12 0.87 0.37 2 0 20 0 1 0 0 0 0 0 0 0 0 0 0 0 0 0 0 0
20230511 16:00:27.001 12 0 1 0 0 1 0 86 14 0 0 1170 710 0 372 2 2.12 0.87 0.37 2 0 50 0 3 0 0 20 0 0 0 0 0 0 0 0 0 0 0 0
20230511 16:00:27.101 11 0 1 0 0 0 0 87 13 0 0 940 360 0 372 2 2.12 0.87 0.37 2 0 30 0 2 0 0 0 0 0 0 0 0 0 0 0 0 0 0 0
20230511 16:00:27.201 12 0 1 0 0 0 0 88 12 0 0 1000 520 0 372 2 2.12 0.87 0.37 2 0 20 0 1 0 0 0 0 0 0 0 0 0 0 0 0 0 0 0
20230511 16:00:27.301 11 0 1 0 0 0 0 87 13 0 0 960 620 0 372 2 2.12 0.87 0.37 2 0 10 0 1 0 0 0 0 0 0 0 0 0 0 0 0 0 0 0
20230511 16:00:27.401 12 0 3 0 0 0 0 84 16 0 0 1760 1960 0 372 2 2.12 0.87 0.37 2 0 30 0 2 0 0 0 0 0 0 0 0 0 0 0 0 0 0 0
20230511 16:00:27.501 12 0 1 0 0 0 0 88 12 0 0 1080 280 0 372 2 2.12 0.87 0.37 2 0 40 0 2 0 0 10 0 0 0 0 0 0 0 0 0 0 0 0
20230511 16:00:27.601 10 0 2 1 0 0 0 87 12 0 0 3050 4910 0 372 2 2.12 0.87 0.37 2 0 40 0 2 0 0 0 0 0 0 1980 0 1980 168120 0 168120 0 0 0
20230511 16:00:27.701 6 0 3 4 0 1 0 87 9 0 0 5200 12970 0 372 2 2.12 0.87 0.37 2 0 10 0 1 0 0 0 0 0 0 3790 0 3790 486320 0 486320 20 0 20
20230511 16:00:27.801 8 0 2 3 0 0 0 87 10 0 0 4080 11140 0 372 2 2.12 0.87 0.37 0 2 10 0 1 0 0 10 0 0 0 2970 0 2970 380159 0 380159 0 0 0
20230511 16:00:27.901 8 0 2 3 0 1 0 86 11 0 0 3350 8780 0 372 2 2.12 0.87 0.37 2 0 120 0 7 0 0 0 0 0 0 2470 0 2470 316160 0 316160 0 0 0
20230511 16:00:28.001 6 0 3 3 0 0 0 89 9 0 0 2800 8870 0 372 2 2.12 0.87 0.37 1 1 10 0 1 0 0 30 0 0 0 2010 0 2010 257280 0 257280 0 0 0
20230511 16:00:28.101 6 0 6 1 0 0 0 86 12 0 0 2130 5040 0 372 2 2.12 0.87 0.37 2 0 30 0 2 0 0 0 0 0 0 1150 0 1150 147200 0 147200 0 0 0
20230511 16:00:28.201 4 0 8 1 0 0 0 87 11 0 0 2090 4500 0 372 2 2.11 0.89 0.38 2 0 20 0 1 0 0 0 0 0 0 1160 0 1160 147560 0 147560 0 0 0
20230511 16:00:28.301 9 0 3 0 0 0 0 88 12 0 0 1400 2290 0 372 2 2.11 0.89 0.38 2 0 10 0 1 0 0 20 0 0 0 440 0 440 53920 0 53920 0 0 0
20230511 16:00:28.401 11 0 4 0 0 1 0 85 15 0 0 1980 2080 0 372 2 2.11 0.89 0.38 2 0 10 0 1 0 0 0 0 0 0 10 0 10 40 0 40 0 0 0
20230511 16:00:28.501 11 0 2 0 0 1 0 86 14 0 0 1260 680 0 372 2 2.11 0.89 0.38 2 0 10 0 1 0 0 0 0 0 0 0 0 0 0 0 0 0 0 0
20230511 16:00:28.601 11 0 1 0 0 0 0 87 13 0 0 1260 860 0 372 2 2.11 0.89 0.38 2 0 10 0 1 0 0 10 0 0 0 0 0 0 0 0 0 0 0 0
20230511 16:00:28.701 7 0 2 0 0 0 0 91 9 0 0 1690 1120 0 371 1 2.11 0.89 0.38 1 0 20 0 1 0 0 0 0 0 0 70 0 70 5280 0 5280 0 0 0
20230511 16:00:28.801 7 0 0 0 0 0 0 93 7 0 0 860 880 0 371 1 2.11 0.89 0.38 1 0 30 0 2 0 0 0 0 0 0 0 0 0 0 0 0 0 0 0
20230511 16:00:28.901 6 0 0 0 0 0 0 94 6 0 0 420 200 0 371 1 2.11 0.89 0.38 1 0 10 0 1 0 0 0 0 0 0 0 0 0 0 0 0 0 0 0
20230511 16:00:29.001 6 0 0 0 0 0 0 94 6 0 0 590 270 0 371 1 2.11 0.89 0.38 1 0 120 0 7 0 0 0 0 0 0 0 0 0 0 0 0 0 0 0
20230511 16:00:29.101 6 0 1 0 0 0 0 93 7 0 0 480 2610 0 371 1 2.11 0.89 0.38 1 0 30 0 2 0 0 0 0 0 0 0 0 0 0 0 0 0 0 0
20230511 16:00:29.201 6 0 1 0 0 0 0 93 7 0 0 700 440 0 371 1 2.11 0.89 0.38 1 0 140 0 8 0 0 0 0 0 0 10 0 10 400 0 400 0 0 0
20230511 16:00:29.301 6 0 0 0 0 0 0 94 6 0 0 570 480 0 371 1 2.11 0.89 0.38 1 0 10 0 1 0 0 10 0 0 0 0 0 0 0 0 0 0 0 0
20230511 16:00:29.401 6 0 2 0 0 0 0 92 8 0 0 1270 1540 0 371 1 2.11 0.89 0.38 1 0 10 0 1 0 0 0 0 0 0 0 0 0 0 0 0 0 0 0
20230511 16:00:29.501 6 0 1 0 0 0 0 93 7 0 0 550 180 0 371 1 2.11 0.89 0.38 1 0 20 0 1 0 0 0 0 0 0 0 0 0 0 0 0 0 0 0
20230511 16:00:29.601 6 0 0 1 0 0 0 93 6 0 0 670 680 0 371 1 2.11 0.89 0.38 1 0 70 0 4 0 0 20 0 0 0 0 50 50 0 680 680 0 120 120
20230511 16:00:29.701 7 0 0 0 0 1 0 92 8 0 0 1200 580 0 371 1 2.11 0.89 0.38 1 0 30 0 2 0 0 0 0 0 0 0 0 0 0 0 0 0 0 0
20230511 16:00:29.801 7 0 0 0 0 0 0 93 7 0 0 830 1060 0 371 1 2.11 0.89 0.38 1 0 20 10 1 1 0 10 0 0 0 0 0 0 0 0 0 0 0 0
20230511 16:00:29.901 6 0 0 0 0 0 0 94 6 0 0 460 210 0 371 1 2.11 0.89 0.38 1 0 20 0 1 0 0 0 0 0 0 0 0 0 0 0 0 0 0 0
20230511 16:00:30.001 6 0 1 0 0 0 0 93 7 0 0 520 2250 0 371 1 2.11 0.89 0.38 1 0 30 0 2 0 0 0 0 0 0 0 0 0 0 0 0 0 0 0
20230511 16:00:30.101 6 0 1 0 0 0 0 93 7 0 0 480 400 0 371 1 2.11 0.89 0.38 1 0 20 0 1 0 0 20 0 0 0 0 0 0 0 0 0 0 0 0
20230511 16:00:30.201 6 0 0 0 0 0 0 94 6 0 0 480 220 0 371 1 2.11 0.89 0.38 1 0 50 0 3 0 0 0 0 0 0 0 0 0 0 0 0 0 0 0
20230511 16:00:30.301 7 0 0 0 0 0 0 93 7 0 0 530 280 0 371 1 2.11 0.89 0.38 1 0 100 0 6 0 0 20 0 0 0 0 0 0 0 0 0 0 0 0
20230511 16:00:30.401 6 0 2 0 0 1 0 91 9 0 0 1230 1660 0 371 1 2.11 0.89 0.38 1 0 10 0 1 0 0 0 0 0 0 0 0 0 0 0 0 0 0 0
20230511 16:00:30.501 6 0 1 0 0 0 0 93 7 0 0 550 420 0 371 1 2.11 0.89 0.38 1 0 20 10 1 1 0 0 0 0 0 0 0 0 0 0 0 0 0 0
20230511 16:00:30.601 7 0 0 0 0 0 0 93 7 0 0 880 1280 0 370 1 2.11 0.89 0.38 1 0 40 20 3 3 0 0 0 0 0 40 0 40 160 0 160 0 0 0
20230511 16:00:30.701 3 0 4 0 0 0 0 93 7 0 0 1180 870 0 370 1 2.11 0.89 0.38 1 0 20 0 1 0 0 0 0 0 0 0 0 0 0 0 0 0 0 0
20230511 16:00:30.801 1 0 8 4 0 1 0 88 9 0 0 2370 2670 0 370 1 2.11 0.89 0.38 1 1 20 0 1 0 0 10 0 0 0 0 1230 1230 0 696599 696599 0 90 90
20230511 16:00:30.901 1 0 8 3 0 0 0 89 8 0 0 1690 2310 0 370 1 2.11 0.89 0.38 1 1 30 0 2 0 0 0 0 0 0 0 1000 1000 0 715681 715681 0 180 180
20230511 16:00:31.001 1 0 7 4 0 0 0 89 8 0 0 1990 1630 0 370 1 2.11 0.89 0.38 1 1 40 0 2 0 0 0 0 0 0 0 1250 1250 0 882841 882841 0 20 20
20230511 16:00:31.101 1 0 6 5 0 0 0 88 7 0 0 1040 2040 0 370 1 2.11 0.89 0.38 1 1 10 0 1 0 0 0 0 0 0 0 310 310 0 194640 194640 0 10 10
20230511 16:00:31.201 0 0 5 6 0 0 0 89 5 0 0 1010 2230 0 370 0 2.11 0.89 0.38 0 2 50 0 3 0 0 0 0 0 0 0 480 480 0 119120 119120 0 20 20
20230511 16:00:31.301 0 0 0 13 0 0 0 87 0 0 0 340 300 0 370 0 2.11 0.89 0.38 0 2 20 0 1 0 0 10 0 0 0 0 200 200 0 83240 83240 0 0 0
20230511 16:00:31.401 0 0 0 100 0 0 0 0 0 0 0 1300 1800 0 370 0 2.11 0.89 0.38 0 2 40 0 2 0 0 0 0 0 0 0 300 300 0 118080 118080 0 60 60
20230511 16:00:31.501 0 0 0 12 0 0 0 88 0 0 0 380 160 0 370 0 2.11 0.89 0.38 0 2 50 0 3 0 0 0 0 0 0 0 220 220 0 82640 82640 0 0 0
20230511 16:00:31.601 1 0 4 9 0 0 0 86 5 0 0 1200 3220 40 372 1 2.11 0.89 0.38 1 2 150 0 14 0 0 10 0 0 0 0 230 230 0 89600 89600 0 60 60
20230511 16:00:31.701 1 0 2 12 0 0 0 85 3 0 0 2470 1170 50 373 1 2.11 0.89 0.38 0 2 50 0 3 0 0 0 0 0 0 0 460 460 0 257640 257640 0 20 20
20230511 16:00:31.801 1 0 6 3 0 1 0 90 7 0 0 1610 1620 0 373 1 2.11 0.89 0.38 1 2 30 0 2 0 0 0 0 0 0 0 670 670 0 667559 667559 0 260 260
20230511 16:00:31.901 0 0 5 13 0 0 0 82 5 0 0 860 1360 0 373 0 2.11 0.89 0.38 0 3 30 0 2 0 0 0 0 0 0 0 280 280 0 284600 284600 0 0 0
20230511 16:00:32.001 0 0 3 9 0 0 0 87 3 0 0 810 2460 0 373 1 2.11 0.89 0.38 1 1 30 0 2 0 0 0 0 0 0 0 300 300 0 225680 225680 0 240 240
20230511 16:00:32.101 1 0 6 6 0 1 0 88 7 0 0 1810 2550 0 373 1 2.11 0.89 0.38 1 1 10 0 1 0 0 10 0 0 0 0 1210 1210 0 545559 545559 0 140 140
20230511 16:00:32.201 0 0 6 6 0 0 0 88 6 0 0 780 1010 0 373 2 2.11 0.89 0.38 0 2 30 0 2 0 0 0 0 0 0 0 190 190 0 101280 101280 0 0 0
20230511 16:00:32.301 1 0 2 5 0 0 0 92 3 0 0 760 1130 0 373 0 2.11 0.89 0.38 0 2 20 0 1 0 0 20 0 0 0 0 180 180 0 106400 106400 0 120 120
20230511 16:00:32.401 1 0 2 11 0 0 0 86 3 0 0 1550 2200 0 373 0 2.11 0.89 0.38 0 2 0 0 0 0 0 0 0 0 0 0 150 150 0 80400 80400 0 0 0
20230511 16:00:32.501 1 0 3 9 0 0 0 87 4 0 0 700 640 0 373 0 2.11 0.89 0.38 0 2 30 10 2 1 0 0 0 0 0 0 120 120 0 121600 121600 30 0 30
20230511 16:00:32.601 1 0 0 12 0 0 0 87 1 0 0 540 1060 0 373 0 2.11 0.89 0.38 0 2 30 20 3 2 0 10 0 0 0 0 90 90 0 83200 83200 0 0 0
20230511 16:00:32.701 1 0 1 12 0 0 0 86 2 0 0 2030 1360 30 370 2 2.11 0.89 0.38 0 2 50 10 4 1 0 0 0 0 0 10 120 130 160 122880 123040 20 0 20
20230511 16:00:32.801 1 0 2 1 0 0 0 96 3 0 0 1670 2490 0 370 0 2.11 0.89 0.38 0 1 20 10 1 2 0 0 0 0 0 50 470 520 480 478719 479199 50 0 50
