Date Time [CPU]User% [CPU]Nice% [CPU]Sys% [CPU]Wait% [CPU]Irq% [CPU]Soft% [CPU]Steal% [CPU]Idle% [CPU]Totl% [CPU]Guest% [CPU]GuestN% [CPU]Intrpt/sec [CPU]Ctx/sec [CPU]Proc/sec [CPU]ProcQue [CPU]ProcRun [CPU]L-Avg1 [CPU]L-Avg5 [CPU]L-Avg15 [CPU]RunTot [CPU]BlkTot [NET]RxPktTot [NET]TxPktTot [NET]RxKBTot [NET]TxKBTot [NET]RxCmpTot [NET]RxMltTot [NET]TxCmpTot [NET]RxErrsTot [NET]TxErrsTot [DSK]ReadTot [DSK]WriteTot [DSK]OpsTot [DSK]ReadKBTot [DSK]WriteKBTot [DSK]KbTot [DSK]ReadMrgTot [DSK]WriteMrgTot [DSK]MrgTot
20230509 17:23:17.001 11 0 4 0 0 0 0 85 15 0 0 2810 2220 0 573 3 2.76 2.40 3.23 2 0 700 30 43 4 0 0 0 0 0 0 0 0 0 0 0 0 0 0
20230509 17:23:17.101 12 0 1 0 0 0 0 87 13 0 0 2350 2900 0 573 2 2.76 2.40 3.23 2 0 880 30 53 4 0 0 0 0 0 0 0 0 0 0 0 0 0 0
20230509 17:23:17.201 12 0 2 0 0 0 0 86 14 0 0 1790 840 0 573 2 2.76 2.40 3.23 2 0 760 20 46 2 0 10 0 0 0 0 0 0 0 0 0 0 0 0
20230509 17:23:17.301 13 0 3 0 0 1 0 83 17 0 0 2190 1260 70 575 3 2.76 2.40 3.23 3 0 610 10 37 1 0 0 0 0 0 0 0 0 0 0 0 0 0 0
20230509 17:23:17.401 13 0 6 0 0 0 0 81 19 0 0 4010 10350 50 576 2 2.76 2.40 3.23 2 0 490 10 30 1 0 0 0 0 0 0 0 0 0 0 0 0 0 0
20230509 17:23:17.501 12 0 1 0 0 0 0 88 12 0 0 1910 360 0 576 2 2.76 2.40 3.23 2 0 870 0 51 0 0 10 0 0 0 0 0 0 0 0 0 0 0 0
20230509 17:23:17.601 11 0 2 0 0 0 0 87 13 0 0 1570 2960 0 576 2 2.76 2.40 3.23 2 0 500 10 29 1 0 0 0 0 0 0 0 0 0 0 0 0 0 0
20230509 17:23:17.701 13 0 6 0 0 0 0 80 20 0 0 3250 6240 0 576 2 2.76 2.40 3.23 2 0 510 0 30 0 0 10 0 0 0 0 0 0 0 0 0 0 0 0
20230509 17:23:17.801 11 0 2 0 0 1 0 87 13 0 0 1890 570 0 576 2 2.76 2.40 3.23 2 0 780 0 46 0 0 0 0 0 0 0 0 0 0 0 0 0 0 0
20230509 17:23:17.901 12 0 6 0 0 0 0 81 19 0 0 2300 4600 10 576 2 2.76 2.40 3.23 4 0 550 20 32 3 0 0 0 0 0 0 0 0 0 0 0 0 0 0
20230509 17:23:18.001 11 0 2 0 0 2 0 85 15 0 0 2640 1560 0 576 2 2.76 2.40 3.23 2 0 400 20 25 2 0 0 0 0 0 0 0 0 0 0 0 0 0 0
20230509 17:23:18.101 11 0 1 0 0 0 0 88 12 0 0 1780 360 0 576 2 2.76 2.40 3.23 2 0 760 0 45 0 0 0 0 0 0 0 0 0 0 0 0 0 0 0
20230509 17:23:18.201 11 0 2 0 0 0 0 87 13 0 0 1290 360 0 576 2 2.76 2.40 3.23 2 0 390 0 23 0 0 0 0 0 0 0 0 0 0 0 0 0 0 0
20230509 17:23:18.301 10 0 2 0 0 0 0 88 12 0 0 1330 260 0 576 2 2.76 2.40 3.23 2 0 340 0 20 0 0 0 0 0 0 0 0 0 0 0 0 0 0 0
20230509 17:23:18.401 12 0 11 0 0 0 0 78 22 0 0 4620 10590 90 573 2 2.76 2.40 3.23 2 0 870 0 51 0 0 0 0 0 0 10 0 10 40 0 40 0 0 0
20230509 17:23:18.501 12 0 0 0 0 1 0 86 14 0 0 1280 360 0 573 2 2.76 2.40 3.23 2 0 480 0 28 0 0 0 0 0 0 0 0 0 0 0 0 0 0 0
20230509 17:23:18.601 12 0 1 0 0 0 0 87 13 0 0 1600 330 0 573 2 2.76 2.40 3.23 2 0 520 0 30 0 0 0 0 0 0 0 0 0 0 0 0 0 0 0
20230509 17:23:18.701 13 0 6 0 0 1 0 81 19 0 0 3260 6230 0 573 2 2.76 2.40 3.23 2 0 480 0 28 0 0 20 0 0 0 0 0 0 0 0 0 0 0 0
20230509 17:23:18.801 12 0 1 0 0 0 0 87 13 0 0 1380 660 0 573 2 2.76 2.40 3.23 2 0 330 0 19 0 0 0 0 0 0 0 90 90 0 3120 3120 0 690 690
20230509 17:23:18.901 11 0 5 0 0 2 0 82 18 0 0 2210 5120 0 573 2 2.76 2.40 3.23 6 0 730 0 43 0 0 0 0 0 0 0 0 0 0 0 0 0 0 0
20230509 17:23:19.001 12 0 2 0 0 0 0 86 14 0 0 2470 1460 0 573 2 2.70 2.39 3.22 2 0 570 0 33 0 0 0 0 0 0 0 0 0 0 0 0 0 0 0
20230509 17:23:19.101 12 0 1 0 0 1 0 86 14 0 0 1630 300 0 573 2 2.70 2.39 3.22 2 0 660 0 39 0 0 0 0 0 0 0 0 0 0 0 0 0 0 0
20230509 17:23:19.201 12 0 1 0 0 0 0 88 12 0 0 1710 320 0 573 2 2.70 2.39 3.22 2 0 790 0 46 0 0 0 0 0 0 0 0 0 0 0 0 0 0 0
20230509 17:23:19.301 12 0 1 0 0 1 0 86 14 0 0 1630 420 0 573 2 2.70 2.39 3.22 2 0 710 0 42 0 0 0 0 0 0 0 0 0 0 0 0 0 0 0
20230509 17:23:19.401 12 0 9 0 0 0 0 79 21 0 0 4810 12410 300 573 2 2.70 2.39 3.22 2 0 710 10 42 1 0 0 0 0 0 0 0 0 0 0 0 0 0 0
20230509 17:23:19.501 11 0 2 0 0 0 0 87 13 0 0 2020 400 0 573 2 2.70 2.39 3.22 2 0 460 0 27 0 0 10 0 0 0 0 0 0 0 0 0 0 0 0
20230509 17:23:19.601 12 0 1 0 0 1 0 86 14 0 0 1550 2140 0 573 2 2.70 2.39 3.22 2 0 570 0 33 0 0 0 0 0 0 0 0 0 0 0 0 0 0 0
20230509 17:23:19.701 12 0 10 0 0 0 0 78 22 0 0 4560 8090 300 573 2 2.70 2.39 3.22 2 0 740 0 43 0 0 0 0 0 0 0 0 0 0 0 0 0 0 0
20230509 17:23:19.801 11 0 4 0 0 1 0 84 16 0 0 2970 1630 20 573 3 2.70 2.39 3.22 3 0 790 10 46 1 0 0 0 0 0 0 0 0 0 0 0 0 0 0
20230509 17:23:19.901 12 0 7 0 0 1 0 80 20 0 0 3080 4680 10 573 2 2.70 2.39 3.22 10 0 860 10 50 2 0 0 0 0 0 0 0 0 0 0 0 0 0 0
20230509 17:23:20.001 12 0 2 0 0 0 0 85 15 0 0 2460 2880 0 573 2 2.70 2.39 3.22 2 0 380 40 26 3 0 0 0 0 0 0 0 0 0 0 0 0 0 0
20230509 17:23:20.101 11 0 1 0 0 2 0 85 15 0 0 1900 2760 0 573 2 2.70 2.39 3.22 2 0 760 0 45 0 0 0 0 0 0 0 0 0 0 0 0 0 0 0
20230509 17:23:20.201 9 0 4 0 0 0 0 87 13 0 0 1450 680 0 573 2 2.70 2.39 3.22 2 0 420 20 26 2 0 10 0 0 0 0 0 0 0 0 0 0 0 0
20230509 17:23:20.301 11 0 1 0 0 2 0 85 15 0 0 1570 450 0 573 2 2.70 2.39 3.22 3 0 440 10 26 1 0 0 0 0 0 0 0 0 0 0 0 0 0 0
20230509 17:23:20.401 12 0 6 0 0 1 0 81 19 0 0 4030 8030 0 573 2 2.70 2.39 3.22 2 0 890 0 52 0 0 0 0 0 0 0 0 0 0 0 0 0 0 0
20230509 17:23:20.501 12 0 1 0 0 2 0 85 15 0 0 1750 320 0 573 2 2.70 2.39 3.22 2 0 690 0 40 0 0 30 0 0 0 0 0 0 0 0 0 0 0 0
20230509 17:23:20.601 12 0 1 0 0 1 0 86 14 0 0 1640 260 0 573 2 2.70 2.39 3.22 2 0 720 0 42 0 0 0 0 0 0 0 0 0 0 0 0 0 0 0
20230509 17:23:20.701 13 0 8 0 0 0 0 80 20 0 0 3780 4800 0 573 2 2.70 2.39 3.22 2 0 810 0 47 0 0 0 0 0 0 0 20 20 0 1000 1000 0 230 230
20230509 17:23:20.801 12 0 1 0 0 1 0 87 13 0 0 1570 620 0 573 2 2.70 2.39 3.22 2 0 430 0 25 0 0 10 0 0 0 0 0 0 0 0 0 0 0 0
20230509 17:23:20.901 11 0 5 0 0 1 0 83 17 0 0 2330 4690 0 573 2 2.70 2.39 3.22 6 0 1110 0 65 0 0 0 0 0 0 0 0 0 0 0 0 0 0 0
20230509 17:23:21.001 11 0 4 0 0 0 0 85 15 0 0 3410 1100 0 573 2 2.70 2.39 3.22 2 0 900 0 53 0 0 0 0 0 0 0 0 0 0 0 0 0 0 0
20230509 17:23:21.101 11 0 1 0 0 1 0 87 13 0 0 1380 540 0 573 2 2.70 2.39 3.22 2 0 330 0 19 0 0 0 0 0 0 0 0 0 0 0 0 0 0 0
20230509 17:23:21.201 10 0 2 0 0 1 0 87 13 0 0 1590 160 0 573 2 2.70 2.39 3.22 2 0 690 20 40 2 0 0 0 0 0 0 0 0 0 0 0 0 0 0
20230509 17:23:21.301 11 0 2 0 0 0 0 87 13 0 0 1580 420 0 573 2 2.70 2.39 3.22 2 0 520 0 30 0 0 0 0 0 0 0 0 0 0 0 0 0 0 0
20230509 17:23:21.401 12 0 7 0 0 1 0 81 19 0 0 3400 10260 0 573 2 2.70 2.39 3.22 3 0 510 0 30 0 0 0 0 0 0 0 0 0 0 0 0 0 0 0
20230509 17:23:21.501 12 0 1 0 0 0 0 87 13 0 0 1580 340 0 573 2 2.70 2.39 3.22 2 0 510 0 30 0 0 30 0 0 0 0 0 0 0 0 0 0 0 0
20230509 17:23:21.601 11 0 1 0 0 1 0 87 13 0 0 1590 2200 0 573 2 2.70 2.39 3.22 2 0 670 0 39 0 0 0 0 0 0 0 0 0 0 0 0 0 0 0
20230509 17:23:21.701 12 0 10 0 0 0 0 78 22 0 0 3460 6100 0 573 2 2.70 2.39 3.22 2 0 910 0 53 0 0 0 0 0 0 0 0 0 0 0 0 0 0 0
20230509 17:23:21.801 12 0 1 0 0 2 0 86 14 0 0 2220 850 0 573 2 2.70 2.39 3.22 2 0 1070 10 63 1 0 0 0 0 0 0 0 0 0 0 0 0 0 0
20230509 17:23:21.901 13 0 4 0 0 1 0 83 17 0 0 2360 4130 0 573 4 2.70 2.39 3.22 7 0 740 20 44 2 0 0 0 0 0 0 0 0 0 0 0 0 0 0
20230509 17:23:22.001 12 0 2 0 0 0 0 86 14 0 0 2880 730 0 573 2 2.70 2.39 3.22 2 0 630 0 37 0 0 10 0 0 0 0 0 0 0 0 0 0 0 0
20230509 17:23:22.101 12 0 1 0 0 0 0 87 13 0 0 1560 360 0 573 2 2.70 2.39 3.22 2 0 560 0 33 0 0 0 0 0 0 0 0 0 0 0 0 0 0 0
20230509 17:23:22.201 10 0 2 0 0 1 0 86 14 0 0 1810 340 0 573 2 2.70 2.39 3.22 2 0 860 10 50 1 0 0 0 0 0 0 0 0 0 0 0 0 0 0
20230509 17:23:22.301 13 0 3 0 0 1 0 83 17 0 0 2040 1110 60 576 3 2.70 2.39 3.22 3 0 480 0 28 0 0 0 0 0 0 0 0 0 0 0 0 0 0 0
20230509 17:23:22.401 13 0 5 0 0 0 0 82 18 0 0 4360 9330 60 576 2 2.70 2.39 3.22 3 0 790 0 46 0 0 0 0 0 0 0 0 0 0 0 0 0 0 0
20230509 17:23:22.501 11 0 2 0 0 1 0 86 14 0 0 1790 410 0 576 2 2.70 2.39 3.22 2 0 890 0 52 0 0 10 0 0 0 0 0 0 0 0 0 0 0 0
20230509 17:23:22.601 11 0 1 0 0 0 0 88 12 0 0 1720 1650 0 576 2 2.70 2.39 3.22 2 0 380 10 22 1 0 0 0 0 0 0 0 0 0 0 0 0 0 0
20230509 17:23:22.701 13 0 11 0 0 0 0 77 23 0 0 3660 8420 0 576 2 2.70 2.39 3.22 3 0 770 0 45 0 0 0 0 0 0 0 0 0 0 0 0 0 0 0
20230509 17:23:22.801 12 0 1 0 0 0 0 87 13 0 0 1800 550 0 576 2 2.70 2.39 3.22 2 0 720 0 42 0 0 10 0 0 0 0 0 0 0 0 0 0 0 0
20230509 17:23:22.901 12 0 4 0 0 1 0 83 17 0 0 1990 4930 0 576 2 2.70 2.39 3.22 8 0 430 0 25 0 0 0 0 0 0 0 0 0 0 0 0 0 0 0
20230509 17:23:23.001 13 0 2 0 0 0 0 85 15 0 0 2900 970 0 576 2 2.70 2.39 3.22 2 0 990 10 58 1 0 10 0 0 0 0 0 0 0 0 0 0 0 0
20230509 17:23:23.101 12 0 0 0 0 1 0 86 14 0 0 1570 330 0 576 2 2.70 2.39 3.22 2 0 540 0 32 0 0 0 0 0 0 0 0 0 0 0 0 0 0 0
20230509 17:23:23.201 12 0 0 0 0 0 0 88 12 0 0 1580 140 0 576 2 2.70 2.39 3.22 2 0 720 0 42 0 0 0 0 0 0 0 0 0 0 0 0 0 0 0
20230509 17:23:23.301 12 0 1 0 0 1 0 86 14 0 0 1770 340 0 576 2 2.70 2.39 3.22 2 0 760 10 45 1 0 0 0 0 0 0 0 0 0 0 0 0 0 0
20230509 17:23:23.401 13 0 7 0 0 0 0 81 19 0 0 4340 10440 90 573 2 2.70 2.39 3.22 2 0 850 0 50 0 0 0 0 0 0 0 0 0 0 0 0 0 0 0
20230509 17:23:23.501 12 0 1 0 0 0 0 87 13 0 0 1900 370 0 573 2 2.70 2.39 3.22 2 0 670 0 39 0 0 10 0 0 0 0 0 0 0 0 0 0 0 0
20230509 17:23:23.601 12 0 1 0 0 0 0 87 13 0 0 1720 1910 0 573 2 2.70 2.39 3.22 2 0 760 0 45 0 0 0 0 0 0 0 0 0 0 0 0 0 0 0
20230509 17:23:23.701 13 0 9 0 0 0 0 78 22 0 0 3530 7610 0 573 2 2.70 2.39 3.22 2 0 620 0 36 0 0 0 0 0 0 0 0 0 0 0 0 0 0 0
20230509 17:23:23.801 12 0 1 1 0 0 0 86 13 0 0 1660 630 0 573 2 2.70 2.39 3.22 2 0 530 0 31 0 0 0 0 0 0 0 70 70 0 1160 1160 0 220 220
20230509 17:23:23.901 12 0 4 0 0 1 0 82 18 0 0 2250 4350 0 573 2 2.70 2.39 3.22 5 0 640 0 38 0 0 0 0 0 0 0 0 0 0 0 0 0 0 0
20230509 17:23:24.001 12 0 1 0 0 1 0 85 15 0 0 2410 1000 0 573 2 2.65 2.38 3.21 2 0 490 0 29 0 0 0 0 0 0 0 0 0 0 0 0 0 0 0
20230509 17:23:24.101 12 0 0 0 0 1 0 87 13 0 0 1520 480 0 573 2 2.65 2.38 3.21 2 0 600 0 35 0 0 0 0 0 0 0 0 0 0 0 0 0 0 0
20230509 17:23:24.201 12 0 1 0 0 0 0 87 13 0 0 1990 140 0 573 2 2.65 2.38 3.21 2 0 910 0 53 0 0 0 0 0 0 0 0 0 0 0 0 0 0 0
20230509 17:23:24.301 12 0 1 0 0 0 0 87 13 0 0 1650 400 0 573 2 2.65 2.38 3.21 2 0 580 0 34 0 0 10 0 0 0 0 0 0 0 0 0 0 0 0
20230509 17:23:24.401 12 0 6 0 0 0 0 82 18 0 0 3890 9910 0 573 2 2.65 2.38 3.21 2 0 720 0 42 0 0 0 0 0 0 0 0 0 0 0 0 0 0 0
20230509 17:23:24.501 13 0 0 0 0 0 0 87 13 0 0 1620 360 0 573 2 2.65 2.38 3.21 2 0 600 0 35 0 0 10 0 0 0 0 0 0 0 0 0 0 0 0
20230509 17:23:24.601 12 0 1 0 0 0 0 87 13 0 0 1600 340 0 573 2 2.65 2.38 3.21 2 0 620 0 36 0 0 0 0 0 0 0 0 0 0 0 0 0 0 0
20230509 17:23:24.701 13 0 11 0 0 1 0 76 24 0 0 3230 8990 0 573 2 2.65 2.38 3.21 2 0 530 0 31 0 0 0 0 0 0 0 0 0 0 0 0 0 0 0
20230509 17:23:24.801 13 0 0 0 0 0 0 87 13 0 0 1680 520 0 573 2 2.65 2.38 3.21 2 0 700 0 41 0 0 10 0 0 0 0 0 0 0 0 0 0 0 0
20230509 17:23:24.902 13 0 7 0 0 0 0 80 20 0 0 2366 5842 0 573 2 2.65 2.38 3.21 6 0 762 0 45 0 0 0 0 0 0 0 0 0 0 0 0 0 0 0
20230509 17:23:25.001 13 0 1 0 0 1 0 85 15 0 0 2798 1343 0 573 2 2.65 2.38 3.21 2 0 818 0 48 0 0 20 0 0 0 0 0 0 0 0 0 0 0 0
20230509 17:23:25.101 12 0 1 0 0 0 0 87 13 0 0 2070 2580 0 573 2 2.65 2.38 3.21 2 0 740 0 43 0 0 0 0 0 0 0 0 0 0 0 0 0 0 0
20230509 17:23:25.201 12 0 0 0 0 0 0 88 12 0 0 1460 240 0 573 2 2.65 2.38 3.21 2 0 570 0 33 0 0 0 0 0 0 0 0 0 0 0 0 0 0 0
20230509 17:23:25.301 12 0 1 0 0 1 0 86 14 0 0 1860 360 0 573 2 2.65 2.38 3.21 2 0 830 0 51 0 0 20 0 0 0 0 0 0 0 0 0 0 0 0
20230509 17:23:25.401 13 0 7 0 0 0 0 80 20 0 0 3570 9110 0 573 2 2.65 2.38 3.21 2 0 550 0 32 0 0 0 0 0 0 0 0 0 0 0 0 0 0 0
20230509 17:23:25.501 12 0 0 0 0 0 0 88 12 0 0 1540 320 0 573 2 2.65 2.38 3.21 2 0 510 0 30 0 0 20 0 0 0 0 0 0 0 0 0 0 0 0
20230509 17:23:25.601 12 0 1 0 0 0 0 87 13 0 0 1900 1740 0 573 2 2.65 2.38 3.21 2 0 970 0 57 0 0 0 0 0 0 0 0 0 0 0 0 0 0 0
20230509 17:23:25.701 14 0 10 0 0 0 0 76 24 0 0 3260 8100 0 573 2 2.65 2.38 3.21 2 0 730 0 43 0 0 0 0 0 0 0 20 20 0 160 160 0 20 20
20230509 17:23:25.801 12 0 0 0 0 2 0 85 15 0 0 1970 540 0 573 2 2.65 2.38 3.21 2 0 730 0 43 0 0 10 0 0 0 0 0 0 0 0 0 0 0 0
20230509 17:23:25.901 12 0 4 0 0 1 0 83 17 0 0 2220 5000 0 573 2 2.65 2.38 3.21 4 0 560 0 33 0 0 0 0 0 0 0 0 0 0 0 0 0 0 0
20230509 17:23:26.001 12 0 1 0 0 0 0 86 14 0 0 2550 840 0 573 2 2.65 2.38 3.21 2 0 600 0 35 0 0 10 0 0 0 0 0 0 0 0 0 0 0 0
20230509 17:23:26.101 12 0 1 0 0 1 0 87 13 0 0 1610 440 0 573 2 2.65 2.38 3.21 3 0 460 0 27 0 0 0 0 0 0 0 0 0 0 0 0 0 0 0
20230509 17:23:26.201 12 0 1 0 0 0 0 87 13 0 0 1870 180 0 573 2 2.65 2.38 3.21 2 0 910 0 53 0 0 0 0 0 0 0 0 0 0 0 0 0 0 0
20230509 17:23:26.301 13 0 0 0 0 0 0 87 13 0 0 1550 340 0 573 2 2.65 2.38 3.21 2 0 490 0 29 0 0 0 0 0 0 0 0 0 0 0 0 0 0 0
20230509 17:23:26.401 13 0 6 0 0 0 0 81 19 0 0 3600 9520 0 573 2 2.65 2.38 3.21 2 0 410 0 24 0 0 0 0 0 0 0 0 0 0 0 0 0 0 0
20230509 17:23:26.501 12 0 1 0 0 1 0 86 14 0 0 1580 300 0 573 2 2.65 2.38 3.21 2 0 690 0 40 0 0 10 0 0 0 0 0 0 0 0 0 0 0 0
20230509 17:23:26.601 13 0 0 0 0 0 0 87 13 0 0 1480 280 0 573 2 2.65 2.38 3.21 2 0 670 0 39 0 0 0 0 0 0 0 0 0 0 0 0 0 0 0
20230509 17:23:26.701 14 0 8 0 0 0 0 79 21 0 0 3860 6400 0 573 2 2.65 2.38 3.21 2 0 540 0 32 0 0 0 0 0 0 0 0 0 0 0 0 0 0 0
20230509 17:23:26.801 12 0 1 0 0 0 0 87 13 0 0 1480 640 0 573 2 2.65 2.38 3.21 2 0 470 0 28 0 0 10 0 0 0 0 0 0 0 0 0 0 0 0
20230509 17:23:26.901 13 0 4 0 0 0 0 83 17 0 0 1760 5290 0 573 2 2.65 2.38 3.21 6 0 150 30 9 2 0 0 0 0 0 0 0 0 0 0 0 0 0 0
20230509 17:23:27.001 13 0 2 0 0 0 0 85 15 0 0 2880 1230 0 573 2 2.65 2.38 3.21 2 0 870 0 51 0 0 0 0 0 0 0 0 0 0 0 0 0 0 0
20230509 17:23:27.101 12 0 0 0 0 0 0 88 12 0 0 1700 460 0 573 2 2.65 2.38 3.21 2 0 520 0 30 0 0 20 0 0 0 0 0 0 0 0 0 0 0 0
20230509 17:23:27.201 12 0 1 0 0 1 0 86 14 0 0 1620 250 0 573 2 2.65 2.38 3.21 3 0 700 0 41 0 0 0 0 0 0 0 0 0 0 0 0 0 0 0
20230509 17:23:27.301 12 0 1 0 0 0 0 87 13 0 0 1730 390 0 573 2 2.65 2.38 3.21 3 0 710 0 42 0 0 10 0 0 0 0 0 0 0 0 0 0 0 0
20230509 17:23:27.401 14 0 5 0 0 1 0 81 19 0 0 4310 8480 0 573 2 2.65 2.38 3.21 2 0 1120 0 66 0 0 0 0 0 0 0 0 0 0 0 0 0 0 0
20230509 17:23:27.501 12 0 1 0 0 0 0 87 13 0 0 1580 260 0 573 2 2.65 2.38 3.21 2 0 410 0 24 0 0 0 0 0 0 0 0 0 0 0 0 0 0 0
20230509 17:23:27.601 13 0 1 0 0 1 0 85 15 0 0 1900 3190 0 573 2 2.65 2.38 3.21 2 0 740 10 43 1 0 10 0 0 0 0 0 0 0 0 0 0 0 0
20230509 17:23:27.701 13 0 9 0 0 0 0 78 22 0 0 3480 7820 0 573 2 2.65 2.38 3.21 2 0 590 0 35 0 0 0 0 0 0 0 0 0 0 0 0 0 0 0
20230509 17:23:27.801 12 0 1 0 0 1 0 87 13 0 0 1670 590 0 573 2 2.65 2.38 3.21 3 0 620 0 36 0 0 10 0 0 0 0 0 0 0 0 0 0 0 0
20230509 17:23:27.901 13 0 4 0 0 0 0 83 17 0 0 2290 4360 0 573 2 2.65 2.38 3.21 8 0 740 0 43 0 0 0 0 0 0 0 0 0 0 0 0 0 0 0
20230509 17:23:28.001 13 0 2 0 0 0 0 84 16 0 0 2390 1320 0 573 2 2.65 2.38 3.21 2 0 420 0 25 0 0 0 0 0 0 0 0 0 0 0 0 0 0 0
20230509 17:23:28.101 12 0 1 0 0 0 0 87 13 0 0 1620 440 0 573 2 2.65 2.38 3.21 2 0 730 0 43 0 0 0 0 0 0 0 0 0 0 0 0 0 0 0
20230509 17:23:28.201 12 0 0 0 0 1 0 87 13 0 0 1980 230 0 573 2 2.65 2.38 3.21 3 0 880 0 52 0 0 0 0 0 0 0 0 0 0 0 0 0 0 0
20230509 17:23:28.301 12 0 1 0 0 0 0 87 13 0 0 1760 490 0 573 2 2.65 2.38 3.21 2 0 640 0 37 0 0 10 0 0 0 0 0 0 0 0 0 0 0 0
20230509 17:23:28.401 13 0 4 0 0 0 0 83 17 0 0 3930 8810 0 573 2 2.65 2.38 3.21 2 0 540 0 32 0 0 0 0 0 0 0 0 0 0 0 0 0 0 0
20230509 17:23:28.501 12 0 1 0 0 0 0 87 13 0 0 1420 240 0 573 2 2.65 2.38 3.21 2 0 440 0 26 0 0 0 0 0 0 0 0 0 0 0 0 0 0 0
20230509 17:23:28.601 12 0 1 0 0 0 0 87 13 0 0 1750 400 0 573 2 2.65 2.38 3.21 2 0 750 0 44 0 0 10 0 0 0 0 0 0 0 0 0 0 0 0
20230509 17:23:28.701 13 0 7 0 0 0 0 80 20 0 0 3710 6070 0 573 2 2.65 2.38 3.21 2 0 740 0 43 0 0 0 0 0 0 0 0 0 0 0 0 0 0 0
20230509 17:23:28.801 13 0 0 0 0 0 0 87 13 0 0 1430 640 0 573 2 2.65 2.38 3.21 2 0 320 0 19 0 0 0 0 0 0 0 70 70 0 1080 1080 0 200 200
20230509 17:23:28.901 13 0 4 0 0 0 0 83 17 0 0 2040 4430 0 573 12 2.65 2.38 3.21 12 0 690 0 40 0 0 0 0 0 0 0 0 0 0 0 0 0 0 0
20230509 17:23:29.001 12 0 3 0 0 1 0 84 16 0 0 3350 2020 0 573 2 2.59 2.38 3.21 2 0 800 0 47 0 0 0 0 0 0 0 0 0 0 0 0 0 0 0
20230509 17:23:29.101 13 0 0 0 0 0 0 87 13 0 0 1700 410 0 573 2 2.59 2.38 3.21 2 0 610 0 36 0 0 10 0 0 0 0 0 0 0 0 0 0 0 0
20230509 17:23:29.201 12 0 0 0 0 1 0 87 13 0 0 1680 260 0 573 2 2.59 2.38 3.21 2 0 750 0 44 0 0 0 0 0 0 0 0 0 0 0 0 0 0 0
20230509 17:23:29.301 12 0 1 0 0 0 0 87 13 0 0 1690 340 0 573 2 2.59 2.38 3.21 2 0 700 0 41 0 0 0 0 0 0 0 0 0 0 0 0 0 0 0
20230509 17:23:29.401 14 0 6 0 0 0 0 81 19 0 0 3750 9190 0 573 2 2.59 2.38 3.21 2 0 650 0 38 0 0 0 0 0 0 0 0 0 0 0 0 0 0 0
20230509 17:23:29.501 13 0 0 0 0 0 0 87 13 0 0 1620 330 0 573 2 2.59 2.38 3.21 2 0 660 0 39 0 0 0 0 0 0 0 0 0 0 0 0 0 0 0
20230509 17:23:29.601 12 0 0 0 0 0 0 88 12 0 0 1700 2150 0 573 2 2.59 2.38 3.21 2 0 770 0 45 0 0 20 0 0 0 0 0 0 0 0 0 0 0 0
20230509 17:23:29.701 14 0 8 0 0 0 0 78 22 0 0 3430 7540 0 573 2 2.59 2.38 3.21 2 0 640 0 38 0 0 0 0 0 0 0 0 0 0 0 0 0 0 0
20230509 17:23:29.801 12 0 1 0 0 1 0 86 14 0 0 1670 500 0 573 2 2.59 2.38 3.21 2 0 630 0 37 0 0 0 0 0 0 0 0 0 0 0 0 0 0 0
20230509 17:23:29.901 12 0 4 0 0 0 0 84 16 0 0 2150 4100 0 573 8 2.59 2.38 3.21 9 0 690 0 40 0 0 0 0 0 0 0 0 0 0 0 0 0 0 0
20230509 17:23:30.001 13 0 2 0 0 0 0 85 15 0 0 2450 1460 0 573 2 2.59 2.38 3.21 2 0 340 0 20 0 0 0 0 0 0 0 0 0 0 0 0 0 0 0
20230509 17:23:30.101 12 0 0 0 0 2 0 86 14 0 0 1520 2380 0 573 2 2.59 2.38 3.21 2 0 420 0 25 0 0 20 0 0 0 0 0 0 0 0 0 0 0 0
20230509 17:23:30.201 12 0 1 0 0 0 0 87 13 0 0 1600 280 0 573 2 2.59 2.38 3.21 2 0 670 0 39 0 0 0 0 0 0 0 0 0 0 0 0 0 0 0
20230509 17:23:30.301 13 0 0 0 0 0 0 87 13 0 0 1810 370 0 573 2 2.59 2.38 3.21 3 0 820 0 48 0 0 0 0 0 0 0 0 0 0 0 0 0 0 0
20230509 17:23:30.401 13 0 7 0 0 1 0 79 21 0 0 3790 8710 0 573 2 2.59 2.38 3.21 2 0 570 0 33 0 0 10 0 0 0 0 0 0 0 0 0 0 0 0
20230509 17:23:30.501 12 0 1 0 0 0 0 87 13 0 0 1500 220 0 573 2 2.59 2.38 3.21 2 0 680 0 40 0 0 0 0 0 0 0 0 0 0 0 0 0 0 0
20230509 17:23:30.601 12 0 0 0 0 1 0 88 12 0 0 1930 220 0 573 2 2.59 2.38 3.21 2 0 940 0 55 0 0 0 0 0 0 0 0 0 0 0 0 0 0 0
20230509 17:23:30.701 13 0 9 0 0 1 0 77 23 0 0 3880 7800 0 573 2 2.59 2.38 3.21 2 0 830 0 49 0 0 0 0 0 0 0 20 20 0 160 160 0 20 20
20230509 17:23:30.801 12 0 0 0 0 0 0 88 12 0 0 1350 590 0 573 2 2.59 2.38 3.21 2 0 340 0 20 0 0 10 0 0 0 0 0 0 0 0 0 0 0 0
20230509 17:23:30.901 13 0 4 0 0 0 0 84 16 0 0 2170 3380 0 573 6 2.59 2.38 3.21 6 0 660 0 39 0 0 0 0 0 0 0 0 0 0 0 0 0 0 0
20230509 17:23:31.001 12 0 2 0 0 1 0 86 14 0 0 2450 1600 0 573 2 2.59 2.38 3.21 2 0 580 0 34 0 0 0 0 0 0 0 0 0 0 0 0 0 0 0
20230509 17:23:31.101 12 0 1 0 0 0 0 87 13 0 0 1870 380 0 573 2 2.59 2.38 3.21 2 0 830 0 49 0 0 0 0 0 0 0 0 0 0 0 0 0 0 0
20230509 17:23:31.201 13 0 0 0 0 1 0 86 14 0 0 1700 260 0 573 2 2.59 2.38 3.21 2 0 720 0 42 0 0 0 0 0 0 0 0 0 0 0 0 0 0 0
20230509 17:23:31.301 12 0 1 0 0 0 0 88 12 0 0 1700 360 0 573 2 2.59 2.38 3.21 2 0 790 0 46 0 0 0 0 0 0 0 0 0 0 0 0 0 0 0
20230509 17:23:31.401 13 0 8 0 0 0 0 80 20 0 0 4110 9860 0 573 2 2.59 2.38 3.21 2 0 870 0 51 0 0 0 0 0 0 0 0 0 0 0 0 0 0 0
20230509 17:23:31.501 12 0 0 0 0 1 0 87 13 0 0 1590 200 0 573 2 2.59 2.38 3.21 2 0 660 0 39 0 0 0 0 0 0 0 0 0 0 0 0 0 0 0
20230509 17:23:31.601 13 0 0 0 0 0 0 87 13 0 0 1400 2100 0 573 2 2.59 2.38 3.21 2 0 510 0 30 0 0 20 0 0 0 0 0 0 0 0 0 0 0 0
20230509 17:23:31.701 11 0 10 0 0 1 0 79 21 0 0 3540 5920 0 573 2 2.59 2.38 3.21 2 0 760 0 45 0 0 0 0 0 0 0 0 0 0 0 0 0 0 0
20230509 17:23:31.801 11 0 2 0 0 0 0 87 13 0 0 1640 630 0 573 2 2.59 2.38 3.21 2 0 680 0 40 0 0 0 0 0 0 0 0 0 0 0 0 0 0 0
20230509 17:23:31.901 13 0 4 0 0 0 0 84 16 0 0 1900 3740 0 573 4 2.59 2.38 3.21 7 0 400 30 24 2 0 0 0 0 0 0 0 0 0 0 0 0 0 0
20230509 17:23:32.001 10 0 4 0 0 1 0 85 15 0 0 2530 1350 0 573 2 2.59 2.38 3.21 2 0 530 0 31 0 0 0 0 0 0 0 0 0 0 0 0 0 0 0
20230509 17:23:32.101 11 0 1 0 0 0 0 87 13 0 0 1660 400 0 573 2 2.59 2.38 3.21 2 0 600 0 35 0 0 0 0 0 0 0 0 0 0 0 0 0 0 0
20230509 17:23:32.201 12 0 1 0 0 1 0 86 14 0 0 1740 180 0 573 2 2.59 2.38 3.21 2 0 840 0 49 0 0 0 0 0 0 0 0 0 0 0 0 0 0 0
20230509 17:23:32.301 12 0 0 0 0 0 0 88 12 0 0 1720 380 0 573 2 2.59 2.38 3.21 2 0 740 0 43 0 0 0 0 0 0 0 0 0 0 0 0 0 0 0
20230509 17:23:32.401 13 0 6 0 0 0 0 81 19 0 0 3700 8250 0 573 2 2.59 2.38 3.21 2 0 600 0 35 0 0 0 0 0 0 0 0 0 0 0 0 0 0 0
20230509 17:23:32.501 8 0 4 0 0 1 0 87 13 0 0 1640 300 0 573 2 2.59 2.38 3.21 2 0 690 0 40 0 0 0 0 0 0 0 0 0 0 0 0 0 0 0
20230509 17:23:32.601 9 0 4 0 0 1 0 86 14 0 0 1540 2030 0 573 2 2.59 2.38 3.21 2 0 540 10 32 1 0 10 0 0 0 0 0 0 0 0 0 0 0 0
20230509 17:23:32.701 11 0 9 0 0 1 0 79 21 0 0 3730 6800 0 573 2 2.59 2.38 3.21 2 0 600 0 35 0 0 0 0 0 0 0 0 0 0 0 0 0 0 0
20230509 17:23:32.801 12 0 1 0 0 1 0 87 13 0 0 1760 520 0 573 2 2.59 2.38 3.21 2 0 720 0 42 0 0 20 0 0 0 0 0 0 0 0 0 0 0 0
20230509 17:23:32.901 12 0 5 0 0 1 0 82 18 0 0 2030 3550 0 573 6 2.59 2.38 3.21 10 0 800 0 47 0 0 0 0 0 0 0 0 0 0 0 0 0 0 0
20230509 17:23:33.001 11 0 4 0 0 0 0 86 14 0 0 3270 1840 0 573 2 2.59 2.38 3.21 2 0 770 0 45 0 0 0 0 0 0 0 0 0 0 0 0 0 0 0
20230509 17:23:33.101 12 0 1 0 0 1 0 86 14 0 0 1430 340 0 573 2 2.59 2.38 3.21 2 0 440 0 26 0 0 0 0 0 0 0 0 0 0 0 0 0 0 0
20230509 17:23:33.201 12 0 1 0 0 0 0 87 13 0 0 1410 180 0 573 2 2.59 2.38 3.21 2 0 590 0 35 0 0 0 0 0 0 0 0 0 0 0 0 0 0 0
20230509 17:23:33.301 12 0 0 0 0 1 0 88 12 0 0 2000 320 0 573 2 2.59 2.38 3.21 2 0 1030 0 60 0 0 0 0 0 0 0 0 0 0 0 0 0 0 0
20230509 17:23:33.401 14 0 8 0 0 0 0 79 21 0 0 4640 11080 280 573 2 2.59 2.38 3.21 2 0 400 0 23 0 0 10 0 0 0 0 0 0 0 0 0 0 0 0
20230509 17:23:33.501 10 0 2 0 0 1 0 87 13 0 0 2110 380 0 573 2 2.59 2.38 3.21 2 0 620 0 36 0 0 0 0 0 0 0 0 0 0 0 0 0 0 0
20230509 17:23:33.601 4 0 8 0 0 0 0 87 13 0 0 1390 1780 0 573 2 2.59 2.38 3.21 2 0 400 0 23 0 0 10 0 0 0 0 0 0 0 0 0 0 0 0
20230509 17:23:33.701 11 0 13 0 0 0 0 76 24 0 0 4620 8090 280 573 2 2.59 2.38 3.21 2 0 870 0 51 0 0 0 0 0 0 0 0 0 0 0 0 0 0 0
20230509 17:23:33.801 8 0 5 1 0 0 0 86 13 0 0 2310 660 0 573 2 2.59 2.38 3.21 2 0 660 0 39 0 0 0 0 0 0 0 80 80 0 1160 1160 0 210 210
20230509 17:23:33.901 13 0 3 0 0 1 0 83 17 0 0 2200 4610 0 573 5 2.59 2.38 3.21 7 0 650 0 38 0 0 10 0 0 0 0 0 0 0 0 0 0 0 0
20230509 17:23:34.001 12 0 2 0 0 0 0 85 15 0 0 2540 830 0 573 2 2.55 2.37 3.20 2 0 490 0 29 0 0 0 0 0 0 0 0 0 0 0 0 0 0 0
20230509 17:23:34.101 12 0 1 0 0 1 0 86 14 0 0 1830 380 0 573 2 2.55 2.37 3.20 2 0 810 0 47 0 0 0 0 0 0 0 0 0 0 0 0 0 0 0
20230509 17:23:34.201 10 0 3 0 0 0 0 87 13 0 0 1780 200 0 573 2 2.55 2.37 3.20 2 0 900 0 53 0 0 0 0 0 0 0 0 0 0 0 0 0 0 0
20230509 17:23:34.301 9 0 4 0 0 0 0 87 13 0 0 1740 280 0 573 2 2.55 2.37 3.20 2 0 780 0 46 0 0 0 0 0 0 0 0 0 0 0 0 0 0 0
20230509 17:23:34.401 11 0 8 0 0 0 0 81 19 0 0 4270 10120 0 573 2 2.55 2.37 3.20 2 0 630 0 37 0 0 0 0 0 0 0 540 540 0 3960 3960 0 90 90
20230509 17:23:34.501 9 0 3 0 0 1 0 87 13 0 0 1650 300 0 573 2 2.55 2.37 3.20 2 0 850 0 50 0 0 0 0 0 0 0 0 0 0 0 0 0 0 0
20230509 17:23:34.601 11 0 2 0 0 0 0 87 13 0 0 1630 280 0 573 2 2.55 2.37 3.20 2 0 560 0 33 0 0 0 0 0 0 0 0 0 0 0 0 0 0 0
20230509 17:23:34.701 12 0 10 0 0 1 0 77 23 0 0 3890 7040 0 573 2 2.55 2.37 3.20 2 0 810 0 47 0 0 0 0 0 0 0 0 0 0 0 0 0 0 0
20230509 17:23:34.801 11 0 2 0 0 0 0 87 13 0 0 1760 480 0 573 2 2.55 2.37 3.20 2 0 830 0 49 0 0 0 0 0 0 0 0 0 0 0 0 0 0 0
20230509 17:23:34.901 12 0 4 0 0 1 0 84 16 0 0 2070 5370 0 573 2 2.55 2.37 3.20 6 0 610 0 36 0 0 10 0 0 0 0 0 0 0 0 0 0 0 0
20230509 17:23:35.001 13 0 4 0 0 0 0 83 17 0 0 3240 620 0 573 2 2.55 2.37 3.20 2 0 980 0 57 0 0 0 0 0 0 0 0 0 0 0 0 0 0 0
20230509 17:23:35.101 12 0 1 0 0 2 0 85 15 0 0 1780 2390 0 573 2 2.55 2.37 3.20 2 0 630 0 37 0 0 20 0 0 0 0 0 0 0 0 0 0 0 0
20230509 17:23:35.201 8 0 4 0 0 0 0 87 13 0 0 1310 200 0 573 2 2.55 2.37 3.20 2 0 420 0 25 0 0 0 0 0 0 0 0 0 0 0 0 0 0 0
20230509 17:23:35.301 12 0 1 0 0 0 0 87 13 0 0 1670 280 0 573 2 2.55 2.37 3.20 2 0 880 0 52 0 0 0 0 0 0 0 0 0 0 0 0 0 0 0
20230509 17:23:35.401 11 0 6 0 0 1 0 81 19 0 0 3950 9610 0 573 2 2.55 2.37 3.20 2 0 560 0 33 0 0 10 0 0 0 0 0 0 0 0 0 0 0 0
20230509 17:23:35.501 9 0 4 0 0 1 0 87 13 0 0 1760 340 0 573 2 2.55 2.37 3.20 2 0 760 0 45 0 0 0 0 0 0 0 0 0 0 0 0 0 0 0
20230509 17:23:35.601 12 0 1 0 0 0 0 87 13 0 0 1570 2000 0 573 2 2.55 2.37 3.20 2 0 560 0 33 0 0 10 0 0 0 0 0 0 0 0 0 0 0 0
20230509 17:23:35.701 11 0 8 0 0 0 0 81 19 0 0 3740 5990 0 573 2 2.55 2.37 3.20 2 0 680 0 40 0 0 0 0 0 0 0 20 20 0 680 680 0 150 150
20230509 17:23:35.801 12 0 1 0 0 0 0 88 12 0 0 1410 480 0 573 2 2.55 2.37 3.20 2 0 440 0 26 0 0 0 0 0 0 0 0 0 0 0 0 0 0 0
20230509 17:23:35.901 13 0 4 0 0 1 0 83 17 0 0 2520 4570 0 573 2 2.55 2.37 3.20 7 0 940 0 55 0 0 0 0 0 0 0 0 0 0 0 0 0 0 0
20230509 17:23:36.001 13 0 3 0 0 0 0 84 16 0 0 2670 1180 0 573 2 2.55 2.37 3.20 2 0 470 0 28 0 0 0 0 0 0 0 0 0 0 0 0 0 0 0
20230509 17:23:36.101 12 0 1 0 0 0 0 88 12 0 0 1520 480 0 573 2 2.55 2.37 3.20 2 0 640 0 37 0 0 10 0 0 0 0 0 0 0 0 0 0 0 0
20230509 17:23:36.201 12 0 1 0 0 1 0 86 14 0 0 1540 200 0 573 2 2.55 2.37 3.20 2 0 500 0 29 0 0 0 0 0 0 0 0 0 0 0 0 0 0 0
20230509 17:23:36.301 12 0 0 0 0 1 0 87 13 0 0 1580 340 0 573 2 2.55 2.37 3.20 3 0 510 0 30 0 0 0 0 0 0 0 0 0 0 0 0 0 0 0
20230509 17:23:36.401 13 0 6 0 0 0 0 81 19 0 0 3850 9290 0 573 2 2.55 2.37 3.20 3 0 670 0 39 0 0 0 0 0 0 0 0 0 0 0 0 0 0 0
20230509 17:23:36.501 12 0 1 0 0 1 0 87 13 0 0 1770 380 0 573 2 2.55 2.37 3.20 2 0 680 0 40 0 0 0 0 0 0 0 0 0 0 0 0 0 0 0
20230509 17:23:36.601 12 0 1 0 0 0 0 87 13 0 0 1570 240 0 573 2 2.55 2.37 3.20 2 0 660 0 39 0 0 10 0 0 0 0 0 0 0 0 0 0 0 0
20230509 17:23:36.701 10 0 13 0 0 0 0 77 23 0 0 3730 7590 0 573 2 2.55 2.37 3.20 2 0 380 0 22 0 0 0 0 0 0 0 0 0 0 0 0 0 0 0
20230509 17:23:36.801 9 0 4 0 0 1 0 87 13 0 0 1620 640 0 573 2 2.55 2.37 3.20 2 0 650 0 39 0 0 0 0 0 0 0 0 0 0 0 0 0 0 0
20230509 17:23:36.901 11 0 5 0 0 0 0 83 17 0 0 2210 5450 0 573 2 2.55 2.37 3.20 7 0 910 30 54 2 0 10 0 0 0 0 0 0 0 0 0 0 0 0
20230509 17:23:37.001 10 0 6 0 0 1 0 83 17 0 0 3050 1810 0 573 2 2.55 2.37 3.20 2 0 570 0 33 0 0 0 0 0 0 0 0 0 0 0 0 0 0 0
20230509 17:23:37.101 11 0 2 0 0 0 0 87 13 0 0 1550 360 0 573 2 2.55 2.37 3.20 2 0 530 0 31 0 0 0 0 0 0 0 0 0 0 0 0 0 0 0
20230509 17:23:37.201 12 0 1 0 0 1 0 87 13 0 0 1590 240 0 573 2 2.55 2.37 3.20 2 0 680 0 40 0 0 0 0 0 0 0 0 0 0 0 0 0 0 0
20230509 17:23:37.301 12 0 1 0 0 0 0 88 12 0 0 1680 300 0 573 2 2.55 2.37 3.20 2 0 660 0 39 0 0 0 0 0 0 0 0 0 0 0 0 0 0 0
20230509 17:23:37.401 13 0 6 0 0 1 0 80 20 0 0 3610 9090 0 573 2 2.55 2.37 3.20 2 0 600 0 35 0 0 0 0 0 0 0 0 0 0 0 0 0 0 0
20230509 17:23:37.501 12 0 0 0 0 0 0 88 12 0 0 1530 340 0 573 2 2.55 2.37 3.20 2 0 540 0 32 0 0 0 0 0 0 0 0 0 0 0 0 0 0 0
20230509 17:23:37.601 12 0 1 0 0 1 0 86 14 0 0 1420 2950 0 573 2 2.55 2.37 3.20 2 0 330 10 19 1 0 20 0 0 0 0 0 0 0 0 0 0 0 0
20230509 17:23:37.701 13 0 10 0 0 0 0 77 23 0 0 3510 7460 0 573 2 2.55 2.37 3.20 2 0 560 0 33 0 0 0 0 0 0 0 0 0 0 0 0 0 0 0
20230509 17:23:37.801 12 0 1 0 0 1 0 86 14 0 0 1660 480 0 573 2 2.55 2.37 3.20 2 0 640 0 37 0 0 0 0 0 0 0 0 0 0 0 0 0 0 0
20230509 17:23:37.901 12 0 4 0 0 0 0 84 16 0 0 2330 4310 0 573 2 2.55 2.37 3.20 9 0 850 0 50 0 0 0 0 0 0 0 0 0 0 0 0 0 0 0
20230509 17:23:38.001 10 0 6 0 0 1 0 83 17 0 0 2990 1370 0 573 2 2.55 2.37 3.20 2 0 660 0 39 0 0 0 0 0 0 0 0 0 0 0 0 0 0 0
20230509 17:23:38.101 11 0 2 0 0 0 0 87 13 0 0 1740 380 0 573 2 2.55 2.37 3.20 2 0 720 0 42 0 0 0 0 0 0 0 0 0 0 0 0 0 0 0
20230509 17:23:38.201 8 0 4 0 0 0 0 87 13 0 0 1740 220 0 573 2 2.55 2.37 3.20 2 0 840 0 49 0 0 0 0 0 0 0 0 0 0 0 0 0 0 0
20230509 17:23:38.301 9 0 4 0 0 1 0 86 14 0 0 1640 280 0 573 2 2.55 2.37 3.20 2 0 660 0 39 0 0 0 0 0 0 0 0 0 0 0 0 0 0 0
20230509 17:23:38.401 12 0 6 0 0 0 0 81 19 0 0 3970 7980 0 573 2 2.55 2.37 3.20 2 0 640 0 38 0 0 0 0 0 0 0 0 0 0 0 0 0 0 0
20230509 17:23:38.501 10 0 2 0 0 1 0 87 13 0 0 1700 360 0 573 2 2.55 2.37 3.20 2 0 890 0 52 0 0 0 0 0 0 0 0 0 0 0 0 0 0 0
20230509 17:23:38.601 11 0 1 0 0 0 0 88 12 0 0 1760 280 0 573 2 2.55 2.37 3.20 2 0 660 0 39 0 0 20 0 0 0 0 0 0 0 0 0 0 0 0
20230509 17:23:38.701 12 0 11 0 0 0 0 77 23 0 0 3570 8160 0 573 2 2.55 2.37 3.20 2 0 390 0 23 0 0 0 0 0 0 0 0 0 0 0 0 0 0 0
20230509 17:23:38.801 12 0 1 0 0 1 0 86 14 0 0 2020 610 0 573 2 2.55 2.37 3.20 2 0 960 0 56 0 0 0 0 0 0 0 70 70 0 1080 1080 0 200 200
20230509 17:23:38.901 11 0 4 0 0 0 0 84 16 0 0 2020 3380 0 573 8 2.55 2.37 3.20 9 0 540 0 32 0 0 20 0 0 0 0 0 0 0 0 0 0 0 0
20230509 17:23:39.001 12 0 4 0 0 0 0 84 16 0 0 3100 2350 0 573 2 2.50 2.36 3.19 2 0 840 0 49 0 0 0 0 0 0 0 0 0 0 0 0 0 0 0
20230509 17:23:39.101 11 0 1 0 0 0 0 88 12 0 0 1530 280 0 573 2 2.50 2.36 3.19 2 0 560 0 33 0 0 0 0 0 0 0 0 0 0 0 0 0 0 0
20230509 17:23:39.201 10 0 2 0 0 1 0 87 13 0 0 1760 300 0 573 2 2.50 2.36 3.19 2 0 810 0 47 0 0 0 0 0 0 0 0 0 0 0 0 0 0 0
20230509 17:23:39.301 10 0 3 0 0 0 0 87 13 0 0 1870 240 0 573 2 2.50 2.36 3.19 2 0 960 0 56 0 0 0 0 0 0 0 0 0 0 0 0 0 0 0
20230509 17:23:39.401 12 0 6 0 0 1 0 81 19 0 0 3870 9410 0 573 2 2.50 2.36 3.19 2 0 630 0 37 0 0 10 0 0 0 0 0 0 0 0 0 0 0 0
20230509 17:23:39.501 11 0 2 0 0 0 0 87 13 0 0 1920 360 0 573 2 2.50 2.36 3.19 2 0 590 0 35 0 0 0 0 0 0 0 310 310 0 5240 5240 0 1000 1000
20230509 17:23:39.601 12 0 1 0 0 1 0 86 14 0 0 1560 1440 0 573 2 2.50 2.36 3.19 2 0 680 0 40 0 0 0 0 0 0 0 0 0 0 0 0 0 0 0
20230509 17:23:39.701 13 0 16 0 0 0 0 71 29 0 0 3700 9110 0 573 2 2.50 2.36 3.19 2 0 250 0 15 0 0 10 0 0 0 0 0 0 0 0 0 0 0 0
20230509 17:23:39.801 8 0 5 0 0 0 0 88 12 0 0 1740 530 0 573 2 2.50 2.36 3.19 2 0 640 0 37 0 0 0 0 0 0 0 0 0 0 0 0 0 0 0
20230509 17:23:39.901 10 0 6 0 0 1 0 83 17 0 0 2380 4710 0 573 6 2.50 2.36 3.19 11 0 940 0 55 0 0 0 0 0 0 0 0 0 0 0 0 0 0 0
20230509 17:23:40.001 13 0 4 0 0 0 0 83 17 0 0 2980 2530 0 573 2 2.50 2.36 3.19 2 0 810 0 47 0 0 0 0 0 0 0 0 0 0 0 0 0 0 0
20230509 17:23:40.101 12 0 2 0 0 1 0 86 14 0 0 1730 2280 0 573 2 2.50 2.36 3.19 2 0 700 0 41 0 0 0 0 0 0 0 0 0 0 0 0 0 0 0
20230509 17:23:40.201 9 0 3 0 0 0 0 87 13 0 0 1970 430 0 573 2 2.50 2.36 3.19 2 0 860 0 50 0 0 0 0 0 0 0 0 0 0 0 0 0 0 0
20230509 17:23:40.301 12 0 1 0 0 0 0 87 13 0 0 1700 380 0 573 2 2.50 2.36 3.19 3 0 750 0 44 0 0 0 0 0 0 0 0 0 0 0 0 0 0 0
20230509 17:23:40.401 12 0 7 0 0 0 0 81 19 0 0 3820 9470 0 573 2 2.50 2.36 3.19 2 0 570 0 33 0 0 0 0 0 0 0 0 0 0 0 0 0 0 0
20230509 17:23:40.501 11 0 2 0 0 1 0 87 13 0 0 1650 360 0 573 2 2.50 2.36 3.19 2 0 660 0 39 0 0 0 0 0 0 0 0 0 0 0 0 0 0 0
20230509 17:23:40.601 11 0 1 0 0 1 0 87 13 0 0 1600 300 0 573 2 2.50 2.36 3.19 2 0 620 0 39 0 0 0 0 0 0 0 0 0 0 0 0 0 0 0
20230509 17:23:40.701 12 0 9 0 0 0 0 79 21 0 0 3350 7430 0 573 2 2.50 2.36 3.19 2 0 250 0 15 0 0 0 0 0 0 0 20 20 0 200 200 0 30 30
20230509 17:23:40.801 12 0 1 0 0 0 0 87 13 0 0 1670 480 0 573 2 2.50 2.36 3.19 2 0 700 0 41 0 0 0 0 0 0 0 0 0 0 0 0 0 0 0
20230509 17:23:40.902 12 0 8 0 0 0 0 80 20 0 0 2396 5485 0 573 2 2.50 2.36 3.19 6 0 941 0 55 0 0 0 0 0 0 0 0 0 0 0 0 0 0 0
20230509 17:23:41.001 11 0 2 0 0 1 0 86 14 0 0 2990 848 0 573 2 2.50 2.36 3.19 2 0 859 0 50 0 0 0 0 0 0 0 0 0 0 0 0 0 0 0
20230509 17:23:41.101 11 0 2 0 0 1 0 87 13 0 0 1710 320 0 573 2 2.50 2.36 3.19 2 0 730 0 43 0 0 0 0 0 0 0 0 0 0 0 0 0 0 0
20230509 17:23:41.201 12 0 1 0 0 0 0 87 13 0 0 1650 300 0 573 2 2.50 2.36 3.19 2 0 700 0 41 0 0 10 0 0 0 0 0 0 0 0 0 0 0 0
20230509 17:23:41.301 11 0 2 0 0 0 0 87 13 0 0 1860 310 0 573 2 2.50 2.36 3.19 3 0 810 0 47 0 0 0 0 0 0 0 0 0 0 0 0 0 0 0
20230509 17:23:41.401 12 0 6 0 0 1 0 81 19 0 0 3910 8370 0 573 2 2.50 2.36 3.19 2 0 500 0 29 0 0 10 0 0 0 0 0 0 0 0 0 0 0 0
20230509 17:23:41.501 9 0 4 0 0 0 0 87 13 0 0 1600 360 0 573 2 2.50 2.36 3.19 2 0 570 0 33 0 0 0 0 0 0 0 0 0 0 0 0 0 0 0
20230509 17:23:41.601 8 0 4 0 0 1 0 87 13 0 0 1550 1340 0 573 2 2.50 2.36 3.19 2 0 650 0 38 0 0 0 0 0 0 0 0 0 0 0 0 0 0 0
20230509 17:23:41.701 11 0 12 0 0 0 0 77 23 0 0 3630 6470 0 573 2 2.50 2.36 3.19 3 0 580 0 34 0 0 20 0 0 0 0 0 0 0 0 0 0 0 0
20230509 17:23:41.801 11 0 1 0 0 1 0 87 13 0 0 1750 830 0 573 2 2.50 2.36 3.19 2 0 630 20 37 2 0 0 0 0 0 0 0 0 0 0 0 0 0 0
20230509 17:23:41.902 11 0 9 0 0 0 0 80 20 0 0 2198 5703 0 573 2 2.50 2.36 3.19 8 0 505 20 30 2 0 10 0 0 0 0 0 0 0 0 0 0 0 0
20230509 17:23:42.001 13 0 1 0 0 0 0 87 13 0 0 2838 788 0 573 2 2.50 2.36 3.19 2 0 818 0 48 0 0 0 0 0 0 0 0 0 0 0 0 0 0 0
20230509 17:23:42.101 12 0 1 0 0 1 0 86 14 0 0 1690 300 0 573 2 2.50 2.36 3.19 2 0 670 0 39 0 0 0 0 0 0 0 0 0 0 0 0 0 0 0
20230509 17:23:42.201 12 0 1 0 0 0 0 87 13 0 0 1680 280 0 573 2 2.50 2.36 3.19 2 0 740 0 43 0 0 10 0 0 0 0 0 0 0 0 0 0 0 0
20230509 17:23:42.301 12 0 1 0 0 1 0 87 13 0 0 1790 360 0 573 2 2.50 2.36 3.19 2 0 790 0 46 0 0 0 0 0 0 0 0 0 0 0 0 0 0 0
20230509 17:23:42.401 14 0 6 0 0 0 0 81 19 0 0 3940 8570 0 573 2 2.50 2.36 3.19 2 0 830 0 49 0 0 0 0 0 0 0 0 0 0 0 0 0 0 0
20230509 17:23:42.501 11 0 1 0 0 1 0 87 13 0 0 1550 380 0 573 2 2.50 2.36 3.19 2 0 670 0 39 0 0 0 0 0 0 0 0 0 0 0 0 0 0 0
20230509 17:23:42.601 12 0 1 0 0 1 0 86 14 0 0 1580 2070 0 573 2 2.50 2.36 3.19 2 0 370 10 22 1 0 0 0 0 0 0 0 0 0 0 0 0 0 0
20230509 17:23:42.701 12 0 9 0 0 1 0 78 22 0 0 3280 6270 0 573 2 2.50 2.36 3.19 3 0 210 0 12 0 0 0 0 0 0 0 0 0 0 0 0 0 0 0
20230509 17:23:42.801 12 0 1 0 0 1 0 87 13 0 0 1730 540 0 573 2 2.50 2.36 3.19 2 0 700 0 41 0 0 0 0 0 0 0 0 0 0 0 0 0 0 0
20230509 17:23:42.902 12 0 7 0 0 0 0 80 20 0 0 2129 4604 0 573 7 2.50 2.36 3.19 21 0 495 0 29 0 0 10 0 0 0 0 0 0 0 0 0 0 0 0
20230509 17:23:43.001 12 0 2 0 0 0 0 86 14 0 0 2747 2818 0 573 2 2.50 2.36 3.19 2 0 697 0 41 0 0 0 0 0 0 0 0 0 0 0 0 0 0 0
20230509 17:23:43.101 9 0 4 0 0 1 0 87 13 0 0 1670 360 0 573 2 2.50 2.36 3.19 2 0 680 0 40 0 0 0 0 0 0 0 0 0 0 0 0 0 0 0
20230509 17:23:43.201 10 0 3 0 0 0 0 87 13 0 0 2200 580 10 573 2 2.50 2.36 3.19 2 0 700 30 42 2 0 10 0 0 0 0 0 0 0 0 0 0 0 0
20230509 17:23:43.301 12 0 0 0 0 1 0 88 12 0 0 1900 420 0 573 2 2.50 2.36 3.19 2 0 960 0 56 0 0 0 0 0 0 0 0 0 0 0 0 0 0 0
20230509 17:23:43.401 14 0 6 0 0 0 0 81 19 0 0 4090 8500 0 573 2 2.50 2.36 3.19 2 0 540 0 32 0 0 10 0 0 0 0 0 0 0 0 0 0 0 0
20230509 17:23:43.501 12 0 1 0 0 1 0 87 13 0 0 1860 320 0 573 2 2.50 2.36 3.19 2 0 840 0 49 0 0 0 0 0 0 0 0 0 0 0 0 0 0 0
20230509 17:23:43.601 11 0 1 0 0 0 0 87 13 0 0 1290 2230 0 573 2 2.50 2.36 3.19 2 0 360 0 21 0 0 0 0 0 0 0 0 0 0 0 0 0 0 0
20230509 17:23:43.701 10 0 12 0 0 0 0 78 22 0 0 3770 8070 0 573 2 2.50 2.36 3.19 2 0 610 0 36 0 0 20 0 0 0 0 0 0 0 0 0 0 0 0
20230509 17:23:43.801 12 0 1 1 0 1 0 86 14 0 0 1720 640 0 573 2 2.50 2.36 3.19 2 0 600 0 35 0 0 0 0 0 0 0 70 70 0 1040 1040 0 190 190
20230509 17:23:43.901 11 0 5 0 0 0 0 84 16 0 0 2100 4060 0 573 12 2.50 2.36 3.19 19 0 700 0 41 0 0 10 0 0 0 0 0 0 0 0 0 0 0 0
20230509 17:23:44.001 12 0 6 0 0 0 0 82 18 0 0 2960 3680 0 573 2 2.46 2.36 3.19 2 0 780 0 46 0 0 0 0 0 0 0 0 0 0 0 0 0 0 0
20230509 17:23:44.101 12 0 0 0 0 1 0 87 13 0 0 1860 300 0 573 2 2.46 2.36 3.19 2 0 920 0 54 0 0 0 0 0 0 0 0 0 0 0 0 0 0 0
20230509 17:23:44.201 13 0 0 0 0 0 0 87 13 0 0 1400 180 0 573 2 2.46 2.36 3.19 2 0 490 0 29 0 0 10 0 0 0 0 0 0 0 0 0 0 0 0
20230509 17:23:44.301 12 0 1 0 0 1 0 86 14 0 0 1740 440 0 573 2 2.46 2.36 3.19 2 0 720 0 42 0 0 0 0 0 0 0 0 0 0 0 0 0 0 0
20230509 17:23:44.401 12 0 6 0 0 0 0 82 18 0 0 3650 8090 0 573 2 2.46 2.36 3.19 2 0 370 0 22 0 0 0 0 0 0 0 0 0 0 0 0 0 0 0
20230509 17:23:44.501 12 0 1 0 0 0 0 87 13 0 0 1580 420 0 573 2 2.46 2.36 3.19 2 0 500 0 29 0 0 0 0 0 0 0 0 0 0 0 0 0 0 0
20230509 17:23:44.601 12 0 1 0 0 0 0 88 12 0 0 1530 300 0 573 2 2.46 2.36 3.19 2 0 590 0 35 0 0 0 0 0 0 0 0 0 0 0 0 0 0 0
20230509 17:23:44.701 14 0 9 0 0 0 0 77 23 0 0 3310 8320 0 573 2 2.46 2.36 3.19 2 0 560 0 33 0 0 0 0 0 0 0 0 0 0 0 0 0 0 0
20230509 17:23:44.801 11 0 1 0 0 1 0 87 13 0 0 1770 600 0 573 2 2.46 2.36 3.19 2 0 670 0 39 0 0 0 0 0 0 0 0 0 0 0 0 0 0 0
20230509 17:23:44.901 13 0 4 0 0 0 0 83 17 0 0 2290 5880 0 573 2 2.46 2.36 3.19 10 0 1130 0 66 0 0 10 0 0 0 0 0 0 0 0 0 0 0 0
20230509 17:23:45.001 12 0 4 0 0 1 0 83 17 0 0 2980 820 0 573 2 2.46 2.36 3.19 2 0 750 0 44 0 0 0 0 0 0 0 0 0 0 0 0 0 0 0
20230509 17:23:45.101 12 0 1 0 0 0 0 87 13 0 0 1630 2030 0 573 2 2.46 2.36 3.19 2 0 500 0 29 0 0 0 0 0 0 0 0 0 0 0 0 0 0 0
20230509 17:23:45.201 11 0 2 0 0 1 0 87 13 0 0 1690 310 0 573 2 2.46 2.36 3.19 2 0 750 0 44 0 0 10 0 0 0 0 0 0 0 0 0 0 0 0
20230509 17:23:45.301 11 0 2 0 0 0 0 87 13 0 0 1960 340 0 573 2 2.46 2.36 3.19 2 0 960 0 56 0 0 0 0 0 0 0 0 0 0 0 0 0 0 0
20230509 17:23:45.401 10 0 9 0 0 1 0 80 20 0 0 4040 8640 0 573 2 2.46 2.36 3.19 2 0 840 0 49 0 0 0 0 0 0 0 0 0 0 0 0 0 0 0
20230509 17:23:45.501 11 0 2 0 0 0 0 87 13 0 0 1560 400 0 573 2 2.46 2.36 3.19 2 0 530 0 31 0 0 0 0 0 0 0 0 0 0 0 0 0 0 0
20230509 17:23:45.601 11 0 2 0 0 0 0 87 13 0 0 1390 1390 0 573 2 2.46 2.36 3.19 2 0 510 0 30 0 0 0 0 0 0 0 0 0 0 0 0 0 0 0
20230509 17:23:45.701 12 0 10 0 0 0 0 78 22 0 0 3370 8250 0 573 2 2.46 2.36 3.19 2 0 430 0 25 0 0 20 0 0 0 0 20 20 0 200 200 0 30 30
20230509 17:23:45.801 13 0 0 0 0 0 0 87 13 0 0 1430 520 0 573 2 2.46 2.36 3.19 2 0 540 0 32 0 0 0 0 0 0 0 0 0 0 0 0 0 0 0
20230509 17:23:45.901 12 0 4 0 0 1 0 82 18 0 0 2370 5970 0 573 2 2.46 2.36 3.19 7 0 700 0 41 0 0 10 0 0 0 0 0 0 0 0 0 0 0 0
20230509 17:23:46.001 13 0 4 0 0 0 0 83 17 0 0 2930 1190 0 573 2 2.46 2.36 3.19 2 0 690 0 40 0 0 0 0 0 0 0 0 0 0 0 0 0 0 0
20230509 17:23:46.101 12 0 0 0 0 1 0 87 13 0 0 1700 340 0 573 2 2.46 2.36 3.19 3 0 630 0 37 0 0 0 0 0 0 0 0 0 0 0 0 0 0 0
20230509 17:23:46.201 12 0 1 0 0 0 0 87 13 0 0 1840 220 0 573 2 2.46 2.36 3.19 2 0 850 0 50 0 0 0 0 0 0 0 0 0 0 0 0 0 0 0
20230509 17:23:46.301 11 0 2 0 0 0 0 87 13 0 0 1650 400 0 573 2 2.46 2.36 3.19 2 0 610 0 36 0 0 0 0 0 0 0 0 0 0 0 0 0 0 0
20230509 17:23:46.401 13 0 6 0 0 3 0 78 22 0 0 4120 10250 0 573 2 2.46 2.36 3.19 2 0 700 0 41 0 0 0 0 0 0 0 0 0 0 0 0 0 0 0
20230509 17:23:46.501 11 0 1 0 0 0 0 87 13 0 0 1620 420 0 573 2 2.46 2.36 3.19 2 0 790 0 46 0 0 0 0 0 0 0 0 0 0 0 0 0 0 0
20230509 17:23:46.601 12 0 1 0 0 1 0 86 14 0 0 1520 160 0 573 2 2.46 2.36 3.19 2 0 460 0 27 0 0 0 0 0 0 0 0 0 0 0 0 0 0 0
20230509 17:23:46.701 12 0 11 0 0 0 0 77 23 0 0 3380 8740 0 573 2 2.46 2.36 3.19 2 0 250 0 15 0 0 10 0 0 0 0 0 0 0 0 0 0 0 0
20230509 17:23:46.801 12 0 1 0 0 0 0 87 13 0 0 1860 670 0 573 2 2.46 2.36 3.19 2 0 790 0 47 0 0 0 0 0 0 0 0 0 0 0 0 0 0 0
20230509 17:23:46.901 12 0 5 0 0 1 0 82 18 0 0 2390 5050 0 573 2 2.46 2.36 3.19 8 0 970 30 57 2 0 0 0 0 0 0 0 0 0 0 0 0 0 0
20230509 17:23:47.001 11 0 6 0 0 0 0 83 17 0 0 2510 1560 0 573 2 2.46 2.36 3.19 2 0 520 0 31 0 0 10 0 0 0 0 0 0 0 0 0 0 0 0
20230509 17:23:47.101 12 0 1 0 0 1 0 86 14 0 0 1660 320 0 573 2 2.46 2.36 3.19 2 0 620 0 36 0 0 0 0 0 0 0 0 0 0 0 0 0 0 0
20230509 17:23:47.201 9 0 4 0 0 0 0 88 12 0 0 1450 180 0 573 2 2.46 2.36 3.19 2 0 550 0 32 0 0 0 0 0 0 0 0 0 0 0 0 0 0 0
20230509 17:23:47.301 9 0 4 0 0 0 0 88 12 0 0 1750 340 0 573 2 2.46 2.36 3.19 2 0 750 0 44 0 0 0 0 0 0 0 0 0 0 0 0 0 0 0
20230509 17:23:47.401 12 0 8 0 0 0 0 80 20 0 0 3740 8240 0 573 2 2.46 2.36 3.19 2 0 540 0 32 0 0 0 0 0 0 0 0 0 0 0 0 0 0 0
20230509 17:23:47.501 9 0 3 0 0 0 0 87 13 0 0 1530 390 0 573 2 2.46 2.36 3.19 2 0 470 0 28 0 0 10 0 0 0 0 0 0 0 0 0 0 0 0
20230509 17:23:47.601 13 0 0 0 0 1 0 86 14 0 0 1720 2590 0 573 2 2.46 2.36 3.19 2 0 470 10 28 1 0 0 0 0 0 0 0 0 0 0 0 0 0 0
20230509 17:23:47.701 12 0 9 0 0 0 0 78 22 0 0 3450 7240 0 573 2 2.46 2.36 3.19 2 0 460 0 27 0 0 20 0 0 0 0 0 0 0 0 0 0 0 0
20230509 17:23:47.801 12 0 0 0 0 1 0 87 13 0 0 1480 540 0 573 2 2.46 2.36 3.19 2 0 520 0 30 0 0 0 0 0 0 0 0 0 0 0 0 0 0 0
20230509 17:23:47.901 14 0 3 0 0 0 0 83 17 0 0 2020 4960 0 573 2 2.46 2.36 3.19 11 0 700 0 41 0 0 0 0 0 0 0 0 0 0 0 0 0 0 0
20230509 17:23:48.001 13 0 5 0 0 0 0 82 18 0 0 2610 1650 0 573 2 2.46 2.36 3.19 2 0 560 0 33 0 0 0 0 0 0 0 0 0 0 0 0 0 0 0
20230509 17:23:48.101 12 0 0 0 0 0 0 88 12 0 0 1490 380 0 573 2 2.46 2.36 3.19 2 0 530 0 31 0 0 0 0 0 0 0 0 0 0 0 0 0 0 0
20230509 17:23:48.201 13 0 0 0 0 0 0 87 13 0 0 1710 240 0 573 2 2.46 2.36 3.19 2 0 770 0 45 0 0 20 0 0 0 0 0 0 0 0 0 0 0 0
20230509 17:23:48.301 13 0 0 0 0 0 0 87 13 0 0 1770 360 0 573 2 2.46 2.36 3.19 2 0 790 0 46 0 0 0 0 0 0 0 0 0 0 0 0 0 0 0
20230509 17:23:48.401 15 0 6 0 0 1 0 78 22 0 0 4870 10720 300 573 2 2.46 2.36 3.19 2 0 730 0 43 0 0 0 0 0 0 0 0 0 0 0 0 0 0 0
20230509 17:23:48.501 11 0 1 0 0 0 0 88 12 0 0 2010 440 0 573 2 2.46 2.36 3.19 2 0 410 0 24 0 0 0 0 0 0 0 0 0 0 0 0 0 0 0
20230509 17:23:48.601 12 0 1 0 0 1 0 86 14 0 0 1460 420 0 573 2 2.46 2.36 3.19 2 0 440 0 26 0 0 0 0 0 0 0 0 0 0 0 0 0 0 0
20230509 17:23:48.701 13 0 11 0 0 0 0 76 24 0 0 4330 8800 300 573 2 2.46 2.36 3.19 2 0 650 0 38 0 0 0 0 0 0 0 0 0 0 0 0 0 0 0
20230509 17:23:48.801 11 0 2 0 0 0 0 87 13 0 0 2420 760 0 573 2 2.46 2.36 3.19 2 0 700 0 41 0 0 0 0 0 0 0 80 80 0 1200 1200 0 220 220
20230509 17:23:48.901 8 0 12 0 0 0 0 80 20 0 0 2500 6000 0 573 2 2.46 2.36 3.19 10 0 1110 0 65 0 0 0 0 0 0 0 0 0 0 0 0 0 0 0
20230509 17:23:49.001 10 0 4 0 0 0 0 86 14 0 0 2970 1760 0 573 2 2.50 2.37 3.18 2 0 480 0 28 0 0 10 0 0 0 0 0 0 0 0 0 0 0 0
20230509 17:23:49.101 11 0 2 0 0 1 0 86 14 0 0 1880 440 0 573 2 2.50 2.37 3.18 2 0 820 0 48 0 0 0 0 0 0 0 0 0 0 0 0 0 0 0
20230509 17:23:49.201 11 0 1 0 0 1 0 87 13 0 0 1310 220 0 573 2 2.50 2.37 3.18 2 0 410 0 24 0 0 0 0 0 0 0 0 0 0 0 0 0 0 0
20230509 17:23:49.301 12 0 1 0 0 1 0 86 14 0 0 1620 320 0 573 2 2.50 2.37 3.18 2 0 620 0 36 0 0 0 0 0 0 0 0 0 0 0 0 0 0 0
20230509 17:23:49.401 10 0 9 0 0 1 0 80 20 0 0 4060 8640 0 573 2 2.50 2.37 3.18 2 0 910 0 53 0 0 0 0 0 0 0 0 0 0 0 0 0 0 0
20230509 17:23:49.501 11 0 2 0 0 0 0 87 13 0 0 1630 340 0 573 2 2.50 2.37 3.18 2 0 640 0 38 0 0 10 0 0 0 0 0 0 0 0 0 0 0 0
20230509 17:23:49.601 11 0 2 0 0 1 0 86 14 0 0 1650 1460 0 573 2 2.50 2.37 3.18 2 0 680 10 40 1 0 0 0 0 0 0 0 0 0 0 0 0 0 0
20230509 17:23:49.701 11 0 12 0 0 1 0 77 23 0 0 3510 6910 0 573 3 2.50 2.37 3.18 3 0 690 0 40 0 0 20 0 0 0 0 60 60 0 47040 47040 0 10 10
20230509 17:23:49.801 11 0 2 4 0 1 0 81 14 0 0 2560 940 0 573 3 2.50 2.37 3.18 3 0 570 0 33 0 0 0 0 0 0 0 820 820 0 838399 838399 0 0 0
20230509 17:23:49.901 13 0 6 4 0 1 0 77 19 0 0 2950 7770 0 573 3 2.50 2.37 3.18 8 0 680 0 40 0 0 0 0 0 0 0 740 740 0 750081 750081 0 0 0
20230509 17:23:50.001 12 0 7 4 0 1 0 77 20 0 0 6780 960 0 573 2 2.50 2.37 3.18 2 1 680 0 40 0 0 0 0 0 0 0 3680 3680 0 1022961 1022961 0 30 30
20230509 17:23:50.101 12 0 2 4 0 1 0 81 15 0 0 3020 1560 0 573 2 2.50 2.37 3.18 3 0 480 0 28 0 0 0 0 0 0 0 1350 1350 0 1244438 1244438 0 80 80
20230509 17:23:50.201 9 0 6 4 0 1 0 81 16 0 0 2620 540 0 573 3 2.50 2.37 3.18 3 0 520 0 30 0 0 0 0 0 0 0 1320 1320 0 1044561 1044561 0 0 0
20230509 17:23:50.301 11 0 6 1 0 2 0 80 19 0 0 3110 810 0 573 3 2.50 2.37 3.18 3 0 570 0 33 0 0 0 0 0 0 0 1340 1340 0 1252078 1252078 0 70 70
20230509 17:23:50.401 14 0 7 4 0 0 0 75 21 0 0 7240 10880 0 573 3 2.50 2.37 3.18 3 0 740 0 43 0 0 0 0 0 0 0 3400 3400 0 1035281 1035281 0 20 20
20230509 17:23:50.501 11 0 6 2 0 1 0 81 17 0 0 3290 870 0 573 2 2.50 2.37 3.18 2 1 920 0 54 0 0 0 0 0 0 0 1250 1250 0 1237401 1237401 0 50 50
20230509 17:23:50.601 11 0 2 4 0 1 0 81 15 0 0 2830 440 0 573 2 2.50 2.37 3.18 2 1 370 0 22 0 0 0 0 0 0 0 1200 1200 0 1114678 1114678 0 10 10
20230509 17:23:50.701 11 0 8 8 0 0 0 74 18 0 0 4430 6740 0 573 2 2.50 2.37 3.18 2 2 790 0 46 0 0 0 0 0 0 0 690 690 0 697201 697201 0 210 210
20230509 17:23:50.801 12 0 1 10 0 0 0 76 14 0 0 2290 590 0 573 3 2.50 2.37 3.18 3 0 910 0 53 0 0 0 0 0 0 0 300 300 0 294440 294440 0 0 0
20230509 17:23:50.901 11 0 5 5 0 1 0 77 18 0 0 2630 5360 0 573 2 2.50 2.37 3.18 9 1 660 0 39 0 0 0 0 0 0 0 680 680 0 489680 489680 0 30 30
20230509 17:23:51.001 11 0 6 5 0 0 0 78 17 0 0 5750 3450 0 573 2 2.50 2.37 3.18 2 1 580 0 34 0 0 20 0 0 0 0 2610 2610 0 456400 456400 0 10 10
20230509 17:23:51.101 9 0 5 4 0 1 0 81 14 0 0 3620 3190 0 573 2 2.50 2.37 3.18 3 1 620 0 36 0 0 0 0 0 0 0 1890 1890 0 788359 788359 0 50 50
20230509 17:23:51.201 10 0 7 1 0 1 0 81 18 0 0 5460 2650 0 573 2 2.50 2.37 3.18 3 0 670 0 39 0 0 0 0 0 0 0 3710 3710 0 1127081 1127081 0 40 40
20230509 17:23:51.301 11 0 4 2 0 2 0 80 18 0 0 5510 610 0 573 3 2.50 2.37 3.18 3 0 510 0 30 0 0 0 0 0 0 0 4150 4150 0 1240838 1240838 0 70 70
20230509 17:23:51.401 13 0 9 3 0 0 0 75 22 0 0 10330 9790 0 573 3 2.50 2.37 3.18 3 0 400 0 23 0 0 0 0 0 0 0 6250 6250 0 1044001 1044001 0 0 0
20230509 17:23:51.501 12 0 3 2 0 1 0 81 17 0 0 3100 450 0 573 2 2.50 2.37 3.18 2 1 590 0 35 0 0 10 0 0 0 0 1230 1230 0 1249281 1249281 0 0 0
20230509 17:23:51.601 12 0 2 4 0 1 0 81 16 0 0 2600 1890 0 573 3 2.50 2.37 3.18 3 0 510 0 30 0 0 0 0 0 0 0 1100 1100 0 1038079 1038079 0 20 20
20230509 17:23:51.701 13 0 13 3 0 0 0 72 25 0 0 5450 9230 0 573 2 2.50 2.37 3.18 2 1 630 0 37 0 0 10 0 0 0 0 1290 1290 0 1228481 1228481 0 0 0
20230509 17:23:51.801 9 0 6 5 0 1 0 80 15 0 0 2670 1130 0 573 2 2.50 2.37 3.18 2 1 590 0 35 0 0 0 0 0 0 0 830 830 0 844879 844879 0 0 0
20230509 17:23:51.901 10 0 6 6 0 1 0 77 18 0 0 2190 6460 0 573 5 2.50 2.37 3.18 18 1 600 30 36 2 0 0 0 0 0 0 110 110 0 104880 104880 0 0 0
20230509 17:23:52.001 11 0 6 6 0 1 0 77 18 0 0 2940 2680 0 573 2 2.50 2.37 3.18 2 1 720 0 42 0 0 0 0 0 0 0 80 80 0 81920 81920 0 10 10
20230509 17:23:52.101 12 0 1 6 0 0 0 81 13 0 0 1930 380 0 573 2 2.50 2.37 3.18 2 1 930 0 54 0 0 0 0 0 0 0 80 80 0 81920 81920 0 0 0
20230509 17:23:52.201 11 0 1 6 0 0 0 82 13 0 0 1610 200 0 573 2 2.50 2.37 3.18 2 1 420 0 25 0 0 0 0 0 0 0 80 80 0 81920 81920 0 0 0
20230509 17:23:52.301 12 0 1 6 0 0 0 81 13 0 0 1590 500 0 573 2 2.50 2.37 3.18 2 1 460 10 27 1 0 10 0 0 0 0 100 100 0 102400 102400 0 0 0
20230509 17:23:52.401 13 0 6 6 0 0 0 75 19 0 0 4190 9280 0 573 2 2.50 2.37 3.18 2 1 730 0 43 0 0 0 0 0 0 0 100 100 0 102400 102400 0 0 0
20230509 17:23:52.501 12 0 1 6 0 1 0 80 14 0 0 1600 340 0 573 2 2.50 2.37 3.18 2 1 530 0 31 0 0 20 0 0 0 0 80 80 0 78600 78600 0 0 0
20230509 17:23:52.601 11 0 2 6 0 1 0 80 14 0 0 1790 1670 0 573 2 2.50 2.37 3.18 2 1 470 10 28 1 0 0 0 0 0 0 300 300 0 198240 198240 0 40 40
20230509 17:23:52.701 12 0 7 6 0 0 0 75 19 0 0 3740 6150 0 573 2 2.50 2.37 3.18 2 1 330 0 19 0 0 0 0 0 0 0 120 120 0 120320 120320 0 0 0
20230509 17:23:52.801 12 0 1 6 0 1 0 80 14 0 0 1740 660 0 573 2 2.50 2.37 3.18 4 1 580 0 34 0 0 0 0 0 0 0 80 80 0 81920 81920 0 0 0
20230509 17:23:52.901 12 0 4 6 0 0 0 78 17 0 0 2330 7020 0 573 3 2.50 2.37 3.18 9 1 990 0 58 0 0 0 0 0 0 0 110 110 0 115200 115200 0 0 0
20230509 17:23:53.001 12 0 5 6 0 1 0 77 17 0 0 3280 2190 0 573 2 2.50 2.37 3.18 2 1 730 0 43 0 0 10 0 0 0 0 90 90 0 89600 89600 0 0 0
20230509 17:23:53.101 12 0 1 6 0 0 0 81 12 0 0 1470 360 0 573 2 2.50 2.37 3.18 3 1 390 0 23 0 0 0 0 0 0 0 80 80 0 81920 81920 0 0 0
20230509 17:23:53.201 12 0 1 6 0 1 0 80 14 0 0 1780 220 0 573 2 2.50 2.37 3.18 2 1 710 0 42 0 0 0 0 0 0 0 190 190 0 197120 197120 0 0 0
20230509 17:23:53.301 12 0 3 3 0 1 0 81 16 0 0 2570 470 0 573 3 2.50 2.37 3.18 4 0 540 0 32 0 0 10 0 0 0 0 890 890 0 908799 908799 0 0 0
20230509 17:23:53.401 11 0 9 8 0 0 0 72 21 0 0 4590 8920 0 573 2 2.50 2.37 3.18 3 0 630 0 37 0 0 0 0 0 0 10 780 790 40 798721 798761 0 0 0
20230509 17:23:53.501 9 0 8 4 0 1 0 79 17 0 0 3650 4210 0 573 2 2.50 2.37 3.18 2 1 790 0 46 0 0 0 0 0 0 0 1750 1750 0 1139361 1139361 0 90 90
20230509 17:23:53.601 10 0 3 4 0 0 0 82 13 0 0 3590 2400 0 573 2 2.50 2.37 3.18 3 0 260 0 15 0 0 0 0 0 0 0 2450 2450 0 1013639 1013639 0 80 80
20230509 17:23:53.701 13 0 8 4 0 1 0 75 21 0 0 6600 6990 0 573 2 2.50 2.37 3.18 3 1 850 0 50 0 0 0 0 0 0 0 2950 2950 0 1240721 1240721 0 100 100
20230509 17:23:53.801 12 0 2 7 0 0 0 78 15 0 0 3400 990 0 573 2 2.50 2.37 3.18 2 2 640 0 37 0 0 10 0 0 0 0 1560 1560 0 812999 812999 0 270 270
20230509 17:23:53.901 13 0 4 7 0 1 0 75 18 0 0 2790 4880 0 573 3 2.50 2.37 3.18 6 1 640 0 38 0 0 0 0 0 0 0 490 490 0 491560 491560 0 10 10
20230509 17:23:54.001 13 0 4 5 0 0 0 78 17 0 0 3500 1660 0 573 2 2.54 2.38 3.18 2 1 740 0 43 0 0 0 0 0 0 0 470 470 0 478720 478720 0 0 0
20230509 17:23:54.101 11 0 2 6 0 0 0 82 13 0 0 2080 480 0 573 2 2.54 2.38 3.18 2 1 560 0 33 0 0 0 0 0 0 0 470 470 0 483839 483839 0 0 0
20230509 17:23:54.201 11 0 2 6 0 0 0 81 14 0 0 1430 370 0 573 2 2.54 2.38 3.18 2 1 150 0 9 0 0 0 0 0 0 0 360 360 0 377960 377960 0 30 30
20230509 17:23:54.301 11 0 2 4 0 2 0 81 15 0 0 3200 1070 0 573 2 2.54 2.38 3.18 2 1 540 10 32 2 0 0 0 0 0 0 1540 1540 0 937559 937559 0 10 10
20230509 17:23:54.401 13 0 7 4 0 1 0 75 21 0 0 4790 8960 0 573 2 2.54 2.38 3.18 2 1 510 0 30 0 0 0 0 0 0 0 1200 1200 0 1228801 1228801 0 0 0
20230509 17:23:54.501 10 0 7 2 0 1 0 80 18 0 0 5750 1880 0 573 3 2.54 2.38 3.18 3 0 750 0 44 0 0 0 0 0 0 0 4130 4130 0 1046241 1046241 0 60 60
20230509 17:23:54.601 8 0 8 2 0 0 0 82 16 0 0 4160 1850 0 573 2 2.54 2.38 3.18 2 1 540 0 32 0 0 0 0 0 0 0 2250 2250 0 1245758 1245758 0 40 40
20230509 17:23:54.701 8 0 12 4 0 0 0 76 20 0 0 7130 9060 0 573 2 2.54 2.38 3.18 2 1 440 0 26 0 0 0 0 0 0 0 3460 3460 0 1156081 1156081 0 20 20
20230509 17:23:54.801 11 0 4 4 0 1 0 80 17 0 0 3020 650 0 573 3 2.54 2.38 3.18 3 0 760 0 45 0 0 20 0 0 0 0 1100 1100 0 1099598 1099598 0 50 50
20230509 17:23:54.902 9 0 13 1 0 1 0 75 24 0 0 3762 4970 0 573 12 2.54 2.38 3.18 11 0 762 0 45 0 0 0 0 0 0 0 1208 1208 0 1244517 1244517 0 10 10
20230509 17:23:55.001 11 0 6 3 0 0 0 80 17 0 0 3818 3384 0 573 3 2.54 2.38 3.18 3 0 798 0 47 0 0 20 0 0 0 0 1071 1071 0 1035273 1035273 0 61 61
20230509 17:23:55.101 12 0 4 2 0 2 0 80 17 0 0 3800 2880 0 573 3 2.54 2.38 3.18 3 0 700 0 41 0 0 0 0 0 0 0 1900 1900 0 1224918 1224918 0 90 90
20230509 17:23:55.201 12 0 4 4 0 0 0 81 16 0 0 5900 610 0 573 2 2.54 2.38 3.18 2 1 640 0 38 0 0 0 0 0 0 0 4280 4280 0 1045641 1045641 0 20 20
20230509 17:23:55.301 12 0 2 3 0 1 0 81 16 0 0 3130 420 0 573 3 2.54 2.38 3.18 3 0 870 0 51 0 0 0 0 0 0 0 1330 1330 0 1233238 1233238 0 30 30
20230509 17:23:55.401 12 0 7 4 0 2 0 75 21 0 0 6320 10810 0 573 3 2.54 2.38 3.18 3 0 800 0 50 0 0 0 0 0 0 0 1970 1970 0 1047321 1047321 0 60 60
20230509 17:23:55.501 12 0 5 2 0 1 0 80 18 0 0 3560 470 0 573 3 2.54 2.38 3.18 2 1 540 0 32 0 0 10 0 0 0 0 1730 1730 0 1251441 1251441 0 60 60
20230509 17:23:55.601 11 0 2 1 0 0 0 86 13 0 0 1690 1520 0 573 2 2.54 2.38 3.18 2 0 330 0 19 0 0 0 0 0 0 0 210 210 0 214360 214360 0 10 10
20230509 17:23:55.701 11 0 9 3 0 0 0 76 21 0 0 3990 7650 0 573 2 2.54 2.38 3.18 2 1 870 0 51 0 0 0 0 0 0 0 10 10 0 2480 2480 0 610 610
20230509 17:23:55.801 13 0 0 1 0 0 0 86 13 0 0 1700 550 0 573 2 2.54 2.38 3.18 2 0 640 0 37 0 0 30 0 0 0 0 10 10 0 40 40 0 0 0
20230509 17:23:55.901 13 0 3 0 0 0 0 84 16 0 0 1950 5320 0 573 2 2.54 2.38 3.18 8 0 570 0 33 0 0 0 0 0 0 0 0 0 0 0 0 0 0 0
20230509 17:23:56.001 12 0 6 0 0 0 0 82 18 0 0 2910 1240 0 573 2 2.54 2.38 3.18 2 0 620 0 36 0 0 0 0 0 0 0 0 0 0 0 0 0 0 0
20230509 17:23:56.101 12 0 0 0 0 0 0 88 12 0 0 1730 480 0 573 2 2.54 2.38 3.18 2 0 830 0 49 0 0 0 0 0 0 0 0 0 0 0 0 0 0 0
20230509 17:23:56.201 13 0 0 0 0 0 0 87 13 0 0 1570 140 0 573 2 2.54 2.38 3.18 2 0 490 0 29 0 0 0 0 0 0 0 0 0 0 0 0 0 0 0
20230509 17:23:56.301 10 0 2 0 0 1 0 86 14 0 0 1870 390 0 573 2 2.54 2.38 3.18 3 0 860 0 50 0 0 0 0 0 0 0 0 0 0 0 0 0 0 0
20230509 17:23:56.401 9 0 10 0 0 1 0 80 20 0 0 3860 10120 0 573 2 2.54 2.38 3.18 2 0 460 0 27 0 0 0 0 0 0 0 0 0 0 0 0 0 0 0
20230509 17:23:56.501 6 0 7 0 0 0 0 87 13 0 0 1390 380 0 573 2 2.54 2.38 3.18 2 0 300 0 18 0 0 10 0 0 0 0 0 0 0 0 0 0 0 0
20230509 17:23:56.601 9 0 3 0 0 0 0 87 13 0 0 1620 320 0 573 2 2.54 2.38 3.18 2 0 630 0 37 0 0 0 0 0 0 0 0 0 0 0 0 0 0 0
20230509 17:23:56.701 11 0 9 0 0 0 0 80 20 0 0 3810 5870 0 573 2 2.54 2.38 3.18 2 0 740 0 43 0 0 0 0 0 0 0 0 0 0 0 0 0 0 0
20230509 17:23:56.801 13 0 0 0 0 0 0 87 13 0 0 1430 710 0 573 2 2.54 2.38 3.18 2 0 340 0 20 0 0 0 0 0 0 0 0 0 0 0 0 0 0 0
20230509 17:23:56.901 12 0 4 0 0 1 0 83 17 0 0 2300 3180 0 573 7 2.54 2.38 3.18 10 0 810 30 48 2 0 0 0 0 0 0 0 0 0 0 0 0 0 0
20230509 17:23:57.001 12 0 3 0 0 1 0 84 16 0 0 2970 1760 0 573 2 2.54 2.38 3.18 2 0 700 0 41 0 0 20 0 0 0 0 0 0 0 0 0 0 0 0
20230509 17:23:57.101 11 0 1 0 0 1 0 87 13 0 0 1610 340 0 573 2 2.54 2.38 3.18 2 0 640 0 37 0 0 0 0 0 0 0 0 0 0 0 0 0 0 0
20230509 17:23:57.201 11 0 1 0 0 0 0 87 13 0 0 1580 250 0 573 2 2.54 2.38 3.18 2 0 670 0 39 0 0 0 0 0 0 0 0 0 0 0 0 0 0 0
20230509 17:23:57.301 12 0 1 0 0 0 0 87 13 0 0 1740 330 0 573 2 2.54 2.38 3.18 2 0 760 0 45 0 0 0 0 0 0 0 0 0 0 0 0 0 0 0
20230509 17:23:57.401 12 0 7 0 0 1 0 80 20 0 0 3780 9900 0 573 2 2.54 2.38 3.18 2 0 690 0 40 0 0 0 0 0 0 0 0 0 0 0 0 0 0 0
20230509 17:23:57.501 12 0 1 0 0 0 0 87 13 0 0 1820 340 0 573 2 2.54 2.38 3.18 2 0 800 0 47 0 0 0 0 0 0 0 0 0 0 0 0 0 0 0
20230509 17:23:57.601 12 0 1 0 0 1 0 86 14 0 0 1620 4530 0 573 2 2.54 2.38 3.18 2 0 580 10 34 1 0 0 0 0 0 0 0 0 0 0 0 0 0 0
20230509 17:23:57.701 12 0 7 0 0 0 0 80 20 0 0 3740 4050 0 573 2 2.54 2.38 3.18 2 0 780 0 46 0 0 0 0 0 0 0 0 0 0 0 0 0 0 0
20230509 17:23:57.801 11 0 1 0 0 1 0 86 14 0 0 1940 580 0 573 2 2.54 2.38 3.18 2 0 750 0 44 0 0 10 0 0 0 0 0 0 0 0 0 0 0 0
20230509 17:23:57.901 12 0 4 0 0 0 0 84 16 0 0 1910 4130 0 573 5 2.54 2.38 3.18 7 0 540 0 32 0 0 0 0 0 0 0 0 0 0 0 0 0 0 0
20230509 17:23:58.001 12 0 4 0 0 0 0 83 17 0 0 3260 910 0 573 2 2.54 2.38 3.18 2 0 790 0 46 0 0 0 0 0 0 0 0 0 0 0 0 0 0 0
20230509 17:23:58.101 11 0 1 0 0 0 0 88 12 0 0 1690 400 0 573 2 2.54 2.38 3.18 2 0 720 0 42 0 0 0 0 0 0 0 0 0 0 0 0 0 0 0
20230509 17:23:58.201 12 0 1 0 0 1 0 86 14 0 0 1480 160 0 573 2 2.54 2.38 3.18 2 0 560 0 33 0 0 0 0 0 0 0 0 0 0 0 0 0 0 0
20230509 17:23:58.301 10 0 3 0 0 0 0 87 13 0 0 1740 320 0 573 2 2.54 2.38 3.18 2 0 770 0 45 0 0 0 0 0 0 0 0 0 0 0 0 0 0 0
20230509 17:23:58.401 9 0 9 0 0 1 0 81 19 0 0 3800 8720 0 573 2 2.54 2.38 3.18 2 0 640 0 38 0 0 0 0 0 0 0 0 0 0 0 0 0 0 0
20230509 17:23:58.502 10 0 3 0 0 1 0 86 14 0 0 1416 238 0 573 2 2.54 2.38 3.18 2 0 446 0 26 0 0 0 0 0 0 0 0 0 0 0 0 0 0 0
20230509 17:23:58.601 11 0 1 0 0 0 0 88 12 0 0 1848 323 0 573 2 2.54 2.38 3.18 2 0 879 0 51 0 0 10 0 0 0 0 0 0 0 0 0 0 0 0
20230509 17:23:58.701 14 0 6 0 0 0 0 80 20 0 0 3520 4440 0 573 2 2.54 2.38 3.18 3 0 760 0 45 0 0 0 0 0 0 0 0 0 0 0 0 0 0 0
20230509 17:23:58.801 12 0 0 1 0 1 0 86 13 0 0 1570 690 0 573 2 2.54 2.38 3.18 2 0 420 0 25 0 0 0 0 0 0 0 70 70 0 1120 1120 0 210 210
20230509 17:23:58.901 12 0 4 0 0 0 0 84 16 0 0 1960 3400 0 573 4 2.54 2.38 3.18 5 0 550 0 32 0 0 0 0 0 0 0 0 0 0 0 0 0 0 0
20230509 17:23:59.001 13 0 3 0 0 0 0 84 16 0 0 2400 1950 0 573 2 2.50 2.37 3.18 2 0 440 0 26 0 0 0 0 0 0 0 0 0 0 0 0 0 0 0
20230509 17:23:59.101 11 0 1 0 0 0 0 88 12 0 0 1430 400 0 573 2 2.50 2.37 3.18 3 0 440 0 26 0 0 10 0 0 0 0 0 0 0 0 0 0 0 0
20230509 17:23:59.201 10 0 3 0 0 1 0 86 14 0 0 1420 220 0 573 2 2.50 2.37 3.18 2 0 470 0 28 0 0 0 0 0 0 0 0 0 0 0 0 0 0 0
20230509 17:23:59.301 11 0 1 0 0 0 0 88 12 0 0 1720 350 0 573 2 2.50 2.37 3.18 3 0 800 0 47 0 0 0 0 0 0 0 0 0 0 0 0 0 0 0
20230509 17:23:59.401 12 0 7 0 0 2 0 79 21 0 0 4240 10610 0 573 2 2.50 2.37 3.18 2 0 850 0 50 0 0 0 0 0 0 0 0 0 0 0 0 0 0 0
20230509 17:23:59.502 12 0 1 0 0 1 0 86 14 0 0 1693 257 0 573 2 2.50 2.37 3.18 2 0 653 0 38 0 0 0 0 0 0 0 0 0 0 0 0 0 0 0
20230509 17:23:59.602 12 0 1 0 0 0 0 88 12 0 0 1550 2410 0 573 2 2.50 2.37 3.18 2 0 570 0 33 0 0 0 0 0 0 0 0 0 0 0 0 0 0 0
20230509 17:23:59.701 12 0 8 0 0 0 0 80 20 0 0 3737 5495 0 573 2 2.50 2.37 3.18 2 0 566 0 33 0 0 0 0 0 0 0 0 0 0 0 0 0 0 0
20230509 17:23:59.801 11 0 1 0 0 0 0 87 13 0 0 1790 580 0 573 2 2.50 2.37 3.18 2 0 780 0 46 0 0 20 0 0 0 0 0 0 0 0 0 0 0 0
20230509 17:23:59.901 11 0 6 0 0 0 0 84 16 0 0 1930 4320 0 573 8 2.50 2.37 3.18 7 0 590 0 35 0 0 0 0 0 0 0 0 0 0 0 0 0 0 0
20230509 17:24:00.002 13 0 5 0 0 0 0 82 18 0 0 2960 1218 0 573 2 2.50 2.37 3.18 2 0 505 0 30 0 0 0 0 0 0 0 0 0 0 0 0 0 0 0
20230509 17:24:00.101 12 0 0 0 0 2 0 86 14 0 0 1788 1687 0 573 2 2.50 2.37 3.18 2 0 737 0 43 0 0 0 0 0 0 0 0 0 0 0 0 0 0 0
20230509 17:24:00.201 12 0 1 0 0 1 0 86 14 0 0 1490 180 0 573 2 2.50 2.37 3.18 2 0 490 0 29 0 0 0 0 0 0 0 0 0 0 0 0 0 0 0
20230509 17:24:00.301 12 0 1 0 0 0 0 87 13 0 0 1700 350 0 573 2 2.50 2.37 3.18 4 0 680 0 40 0 0 0 0 0 0 0 0 0 0 0 0 0 0 0
20230509 17:24:00.401 13 0 6 0 0 0 0 80 20 0 0 4040 9910 0 573 2 2.50 2.37 3.18 2 0 750 0 44 0 0 10 0 0 0 0 0 0 0 0 0 0 0 0
20230509 17:24:00.502 13 0 0 0 0 1 0 86 14 0 0 1980 376 0 573 2 2.50 2.37 3.18 2 0 772 0 45 0 0 0 0 0 0 0 0 0 0 0 0 0 0 0
20230509 17:24:00.601 9 0 4 0 0 0 0 87 13 0 0 1768 303 0 573 2 2.50 2.37 3.18 2 0 808 0 47 0 0 10 0 0 0 0 0 0 0 0 0 0 0 0
20230509 17:24:00.701 11 0 9 0 0 0 0 80 20 0 0 3560 5410 0 573 2 2.50 2.37 3.18 2 0 540 0 32 0 0 0 0 0 0 0 20 20 0 200 200 0 30 30
20230509 17:24:00.801 11 0 4 4 0 1 0 81 15 0 0 4550 2340 0 573 2 2.50 2.37 3.18 2 1 400 0 23 0 0 0 0 0 0 0 2970 2970 0 800839 800839 0 10 10
20230509 17:24:00.901 11 0 8 3 0 0 0 78 19 0 0 4780 4480 0 573 6 2.50 2.37 3.18 8 0 430 0 25 0 0 0 0 0 0 0 3250 3250 0 1017801 1017801 0 40 40
20230509 17:24:01.002 13 0 5 4 0 0 0 78 18 0 0 4871 2574 0 573 3 2.50 2.37 3.18 3 0 525 0 31 0 0 0 0 0 0 0 1901 1901 0 1220395 1220395 0 99 99
20230509 17:24:01.101 12 0 2 4 0 0 0 83 13 0 0 3263 838 0 573 2 2.50 2.37 3.18 2 1 283 0 17 0 0 30 0 0 0 0 1869 1869 0 554344 554344 0 40 40
20230509 17:24:01.201 12 0 1 6 0 1 0 80 14 0 0 1760 310 0 573 2 2.50 2.37 3.18 3 1 400 0 23 0 0 0 0 0 0 0 350 350 0 80640 80640 0 0 0
20230509 17:24:01.301 11 0 2 6 0 0 0 81 13 0 0 1690 350 0 573 2 2.50 2.37 3.18 2 1 530 0 31 0 0 10 0 0 0 0 110 110 0 110080 110080 0 0 0
20230509 17:24:01.401 12 0 6 6 0 2 0 74 20 0 0 3810 11140 0 573 2 2.50 2.37 3.18 2 1 780 0 46 0 0 0 0 0 0 0 80 80 0 81920 81920 0 0 0
20230509 17:24:01.502 12 0 1 6 0 0 0 80 14 0 0 1842 218 0 573 2 2.50 2.37 3.18 2 1 792 0 46 0 0 0 0 0 0 0 79 79 0 81109 81109 0 0 0
20230509 17:24:01.601 10 0 1 6 0 0 0 83 12 0 0 1667 2333 0 573 2 2.50 2.37 3.18 2 1 576 0 34 0 0 0 0 0 0 0 121 121 0 122141 122141 0 0 0
20230509 17:24:01.701 14 0 6 6 0 0 0 74 20 0 0 3830 7210 0 573 2 2.50 2.37 3.18 2 1 760 0 45 0 0 0 0 0 0 0 80 80 0 81920 81920 0 0 0
20230509 17:24:01.801 12 0 1 6 0 1 0 81 14 0 0 2650 790 0 573 2 2.50 2.37 3.18 2 1 1010 0 60 0 0 20 0 0 0 0 410 410 0 423719 423719 0 10 10
20230509 17:24:01.901 12 0 6 4 0 0 0 78 18 0 0 3210 6080 0 573 2 2.50 2.37 3.18 8 1 540 30 32 2 0 0 0 0 0 0 1120 1120 0 981961 981961 0 40 40
20230509 17:24:02.001 12 0 7 4 0 0 0 77 18 0 0 4710 1360 0 573 2 2.50 2.37 3.18 2 1 570 0 33 0 0 0 0 0 0 0 1770 1770 0 765201 765201 0 60 60
20230509 17:24:02.101 12 0 4 2 0 2 0 80 17 0 0 3340 450 0 573 2 2.50 2.37 3.18 2 1 440 0 26 0 0 10 0 0 0 0 1750 1750 0 1240878 1240878 0 0 0
20230509 17:24:02.201 11 0 6 2 0 0 0 82 16 0 0 4160 510 0 573 2 2.50 2.37 3.18 2 1 660 0 39 0 0 0 0 0 0 0 2300 2300 0 1097921 1097921 0 370 370
20230509 17:24:02.301 12 0 4 4 0 0 0 81 16 0 0 3560 380 0 573 2 2.50 2.37 3.18 2 1 310 0 18 0 0 0 0 0 0 0 2180 2180 0 1137838 1137838 0 80 80
20230509 17:24:02.401 13 0 8 3 0 1 0 74 22 0 0 7720 12580 280 573 2 2.50 2.37 3.18 2 1 870 0 51 0 0 0 0 0 0 0 2500 2500 0 1236441 1236441 0 550 550
20230509 17:24:02.502 13 0 1 5 0 0 0 81 14 0 0 3327 465 0 573 2 2.50 2.37 3.18 2 1 723 0 42 0 0 0 0 0 0 0 1149 1149 0 1027286 1027286 0 79 79
20230509 17:24:02.601 11 0 5 1 0 5 0 78 21 0 0 5434 1899 0 573 3 2.50 2.37 3.18 3 0 727 10 43 1 0 0 0 0 0 0 3384 3384 0 1221899 1221899 0 111 111
20230509 17:24:02.701 12 0 9 4 0 1 0 73 23 0 0 5770 7130 280 573 2 2.50 2.37 3.18 2 1 710 0 42 0 0 0 0 0 0 0 1090 1090 0 1044481 1044481 0 160 160
20230509 17:24:02.801 11 0 3 4 0 0 0 82 14 0 0 4530 1930 0 573 2 2.50 2.37 3.18 2 1 560 0 33 0 0 0 0 0 0 0 2220 2220 0 1245238 1245238 0 560 560
20230509 17:24:02.901 12 0 5 4 0 0 0 79 17 0 0 4260 4980 0 573 4 2.50 2.37 3.18 13 1 390 0 23 0 0 0 0 0 0 0 2280 2280 0 1063961 1063961 0 350 350
20230509 17:24:03.002 13 0 6 4 0 0 0 77 19 0 0 4069 1733 0 573 2 2.50 2.37 3.18 2 1 228 0 13 0 0 0 0 0 0 0 1267 1267 0 1204870 1204870 0 218 218
20230509 17:24:03.101 11 0 4 3 0 1 0 82 15 0 0 5192 1303 0 573 2 2.50 2.37 3.18 3 1 434 0 25 0 0 10 0 0 0 0 3566 3566 0 1079960 1079960 0 222 222
20230509 17:24:03.201 12 0 1 6 0 0 0 81 13 0 0 1710 250 0 573 2 2.50 2.37 3.18 2 1 610 0 36 0 0 0 0 0 0 0 120 120 0 122880 122880 0 0 0
20230509 17:24:03.301 11 0 1 6 0 1 0 81 13 0 0 1690 290 0 573 2 2.50 2.37 3.18 3 1 640 0 37 0 0 10 0 0 0 0 110 110 0 110080 110080 0 0 0
20230509 17:24:03.401 12 0 6 6 0 0 0 76 18 0 0 3810 9790 0 573 2 2.50 2.37 3.18 2 1 570 0 33 0 0 0 0 0 0 0 80 80 0 81920 81920 0 0 0
20230509 17:24:03.502 12 0 1 6 0 1 0 80 14 0 0 1693 356 0 573 2 2.50 2.37 3.18 2 1 614 0 36 0 0 0 0 0 0 0 109 109 0 114059 114059 0 0 0
20230509 17:24:03.601 10 0 2 6 0 0 0 82 12 0 0 2020 1354 0 573 2 2.50 2.37 3.18 2 1 737 0 43 0 0 10 0 0 0 0 364 364 0 94384 94384 0 0 0
20230509 17:24:03.701 10 0 7 6 0 2 0 74 20 0 0 4520 6240 0 573 2 2.50 2.37 3.18 2 1 750 0 44 0 0 0 0 0 0 0 570 570 0 81920 81920 0 0 0
20230509 17:24:03.801 11 0 2 9 0 0 0 78 13 0 0 2730 2030 0 573 2 2.50 2.37 3.18 2 2 1020 0 60 0 0 10 0 0 0 0 600 600 0 122880 122880 0 0 0
20230509 17:24:03.901 10 0 9 7 0 1 0 73 20 0 0 2690 5100 0 573 8 2.50 2.37 3.18 11 2 410 0 24 0 0 0 0 0 0 0 750 750 0 363560 363560 0 240 240
20230509 17:24:04.001 13 0 3 7 0 0 0 77 16 0 0 3360 2560 0 573 2 2.54 2.38 3.18 2 1 680 0 40 0 0 0 0 0 0 0 460 460 0 211240 211240 0 20 20
20230509 17:24:04.101 9 0 4 5 0 1 0 81 14 0 0 2300 520 0 573 3 2.54 2.38 3.18 4 0 670 0 39 0 0 0 0 0 0 0 650 650 0 355279 355279 0 0 0
20230509 17:24:04.201 12 0 2 4 0 0 0 81 14 0 0 3340 290 0 573 3 2.54 2.38 3.18 3 0 810 0 47 0 0 0 0 0 0 0 1520 1520 0 459520 459520 0 0 0
20230509 17:24:04.301 12 0 2 4 0 1 0 81 16 0 0 2710 470 0 573 2 2.54 2.38 3.18 4 1 490 0 29 0 0 0 0 0 0 0 1000 1000 0 928039 928039 0 370 370
20230509 17:24:04.401 13 0 7 3 0 1 0 76 21 0 0 5570 10480 0 573 3 2.54 2.38 3.18 3 0 700 0 41 0 0 0 0 0 0 0 1490 1490 0 1238641 1238641 0 80 80
20230509 17:24:04.502 12 0 4 2 0 1 0 80 17 0 0 3545 396 0 573 3 2.54 2.38 3.18 3 0 574 0 34 0 0 0 0 0 0 0 1851 1851 0 1027920 1027920 0 79 79
20230509 17:24:04.601 12 0 4 1 0 0 0 83 16 0 0 3374 455 0 573 2 2.54 2.38 3.18 2 1 646 0 38 0 0 10 0 0 0 0 1343 1343 0 1228566 1228566 0 0 0
20230509 17:24:04.701 13 0 5 5 0 2 0 75 20 0 0 4970 5580 0 573 3 2.54 2.38 3.18 2 1 520 0 30 0 0 0 0 0 0 0 1010 1010 0 1036801 1036801 0 0 0
20230509 17:24:04.801 13 0 1 1 0 0 0 85 13 0 0 2300 550 0 573 2 2.54 2.38 3.18 2 0 490 0 29 0 0 0 0 0 0 0 740 740 0 571439 571439 0 350 350
20230509 17:24:04.901 8 0 8 0 0 1 0 83 17 0 0 1840 3600 0 573 5 2.54 2.38 3.18 8 0 700 0 41 0 0 0 0 0 0 0 0 0 0 0 0 0 0 0
20230509 17:24:05.002 10 0 8 0 0 0 0 82 18 0 0 3000 2495 0 573 2 2.54 2.38 3.18 2 0 475 0 28 0 0 0 0 0 0 0 0 0 0 0 0 0 0 0
20230509 17:24:05.101 8 0 3 0 0 1 0 87 13 0 0 1657 1545 0 573 2 2.54 2.38 3.18 2 0 596 0 35 0 0 10 0 0 0 0 0 0 0 0 0 0 0 0
20230509 17:24:05.201 9 0 4 0 0 1 0 86 14 0 0 1590 180 0 573 2 2.54 2.38 3.18 2 0 670 0 39 0 0 0 0 0 0 0 0 0 0 0 0 0 0 0
20230509 17:24:05.301 10 0 2 0 0 1 0 87 13 0 0 1500 230 0 573 2 2.54 2.38 3.18 3 0 560 0 33 0 0 0 0 0 0 0 0 0 0 0 0 0 0 0
20230509 17:24:05.401 11 0 8 0 0 1 0 80 20 0 0 3970 10670 0 573 2 2.54 2.38 3.18 2 0 550 0 32 0 0 10 0 0 0 0 0 0 0 0 0 0 0 0
20230509 17:24:05.502 12 0 1 0 0 0 0 87 13 0 0 1584 238 0 573 2 2.54 2.38 3.18 2 0 614 0 36 0 0 0 0 0 0 0 0 0 0 0 0 0 0 0
20230509 17:24:05.601 12 0 0 0 0 0 0 88 12 0 0 1869 1212 0 573 2 2.54 2.38 3.18 2 0 697 10 41 1 0 0 0 0 0 0 0 0 0 0 0 0 0 0
20230509 17:24:05.701 13 0 4 0 0 2 0 80 20 0 0 3480 5700 0 573 2 2.54 2.38 3.18 2 0 810 0 47 0 0 0 0 0 0 0 0 0 0 0 0 0 0 0
20230509 17:24:05.801 12 0 0 0 0 0 0 88 12 0 0 2210 500 0 573 2 2.54 2.38 3.18 2 0 960 0 56 0 0 0 0 0 0 0 0 0 0 0 0 0 0 0
20230509 17:24:05.901 11 0 6 6 0 0 0 78 16 0 0 2130 4930 0 573 2 2.54 2.38 3.18 6 1 650 0 38 0 0 10 0 0 0 0 10 10 0 2760 2760 0 680 680
20230509 17:24:06.001 12 0 6 2 0 0 0 81 17 0 0 2910 1540 0 573 2 2.54 2.38 3.18 2 0 610 0 36 0 0 0 0 0 0 0 10 10 0 40 40 0 0 0
20230509 17:24:06.101 12 0 1 0 0 1 0 86 14 0 0 1440 360 0 573 2 2.54 2.38 3.18 2 0 410 0 24 0 0 0 0 0 0 0 0 0 0 0 0 0 0 0
20230509 17:24:06.201 12 0 0 0 0 0 0 88 12 0 0 1630 220 0 573 2 2.54 2.38 3.18 2 0 590 0 35 0 0 0 0 0 0 0 0 0 0 0 0 0 0 0
20230509 17:24:06.301 12 0 1 0 0 0 0 87 13 0 0 1350 250 0 573 2 2.54 2.38 3.18 3 0 400 0 23 0 0 0 0 0 0 0 0 0 0 0 0 0 0 0
20230509 17:24:06.401 13 0 5 0 0 1 0 81 19 0 0 3480 7810 0 573 2 2.54 2.38 3.18 2 0 570 0 33 0 0 0 0 0 0 0 0 0 0 0 0 0 0 0
20230509 17:24:06.501 13 0 1 0 0 0 0 86 14 0 0 1690 260 0 573 2 2.54 2.38 3.18 2 0 830 0 49 0 0 0 0 0 0 0 0 0 0 0 0 0 0 0
20230509 17:24:06.601 11 0 1 0 0 0 0 88 12 0 0 1790 260 0 573 2 2.54 2.38 3.18 2 0 890 0 52 0 0 10 0 0 0 0 0 0 0 0 0 0 0 0
20230509 17:24:06.701 11 0 5 0 0 3 0 80 20 0 0 4050 5700 0 573 2 2.54 2.38 3.18 2 0 550 0 32 0 0 0 0 0 0 0 0 0 0 0 0 0 0 0
20230509 17:24:06.801 11 0 1 0 0 0 0 87 13 0 0 1810 640 0 573 2 2.54 2.38 3.18 2 0 660 0 39 0 0 0 0 0 0 0 0 0 0 0 0 0 0 0
20230509 17:24:06.901 11 0 4 0 0 0 0 84 16 0 0 2090 4090 0 573 7 2.54 2.38 3.18 10 0 670 30 40 2 0 0 0 0 0 0 0 0 0 0 0 0 0 0
20230509 17:24:07.001 13 0 5 0 0 0 0 82 18 0 0 3170 1340 0 573 2 2.54 2.38 3.18 2 0 760 0 45 0 0 0 0 0 0 0 0 0 0 0 0 0 0 0
20230509 17:24:07.101 12 0 0 0 0 0 0 88 12 0 0 1680 320 0 573 2 2.54 2.38 3.18 2 0 720 0 42 0 0 10 0 0 0 0 0 0 0 0 0 0 0 0
20230509 17:24:07.201 12 0 1 0 0 0 0 87 13 0 0 1730 340 0 573 2 2.54 2.38 3.18 2 0 660 0 39 0 0 0 0 0 0 0 0 0 0 0 0 0 0 0
20230509 17:24:07.301 12 0 0 0 0 1 0 87 13 0 0 1500 240 0 573 2 2.54 2.38 3.18 2 0 790 0 46 0 0 0 0 0 0 0 0 0 0 0 0 0 0 0
20230509 17:24:07.401 14 0 5 0 0 2 0 80 20 0 0 4050 6840 0 573 2 2.54 2.38 3.18 2 0 480 0 28 0 0 0 0 0 0 0 0 0 0 0 0 0 0 0
20230509 17:24:07.501 11 0 2 0 0 1 0 86 14 0 0 1790 360 0 573 2 2.54 2.38 3.18 2 0 730 0 43 0 0 0 0 0 0 0 0 0 0 0 0 0 0 0
20230509 17:24:07.601 11 0 1 0 0 1 0 87 13 0 0 1790 3220 0 573 2 2.54 2.38 3.18 2 0 730 10 43 1 0 10 0 0 0 0 0 0 0 0 0 0 0 0
20230509 17:24:07.701 12 0 6 0 0 1 0 81 19 0 0 3670 4370 0 573 2 2.54 2.38 3.18 2 0 730 0 43 0 0 0 0 0 0 0 0 0 0 0 0 0 0 0
20230509 17:24:07.801 12 0 1 0 0 0 0 87 13 0 0 1810 570 0 573 2 2.54 2.38 3.18 2 0 630 0 40 0 0 0 0 0 0 0 0 0 0 0 0 0 0 0
20230509 17:24:07.902 10 0 9 0 0 0 0 81 19 0 0 2475 4614 0 573 3 2.54 2.38 3.18 9 0 871 0 51 0 0 0 0 0 0 0 0 0 0 0 0 0 0 0
20230509 17:24:08.001 13 0 3 0 0 0 0 85 15 0 0 2788 1273 0 573 2 2.54 2.38 3.18 2 0 768 0 45 0 0 0 0 0 0 0 0 0 0 0 0 0 0 0
20230509 17:24:08.101 10 0 2 0 0 0 0 88 12 0 0 1310 360 0 573 2 2.54 2.38 3.18 2 0 460 0 27 0 0 10 0 0 0 0 0 0 0 0 0 0 0 0
20230509 17:24:08.201 12 0 1 0 0 1 0 87 13 0 0 2000 240 0 573 2 2.54 2.38 3.18 2 0 910 0 53 0 0 0 0 0 0 0 0 0 0 0 0 0 0 0
20230509 17:24:08.301 12 0 1 0 0 0 0 88 12 0 0 1180 340 0 573 2 2.54 2.38 3.18 4 0 220 0 13 0 0 0 0 0 0 0 0 0 0 0 0 0 0 0
20230509 17:24:08.401 14 0 5 0 0 1 0 81 19 0 0 3400 8030 0 573 2 2.54 2.38 3.18 2 0 360 0 21 0 0 0 0 0 0 0 0 0 0 0 0 0 0 0
20230509 17:24:08.501 13 0 1 0 0 0 0 86 14 0 0 1530 280 0 573 2 2.54 2.38 3.18 2 0 540 0 32 0 0 0 0 0 0 0 0 0 0 0 0 0 0 0
20230509 17:24:08.601 12 0 0 0 0 0 0 88 12 0 0 1450 280 0 573 2 2.54 2.38 3.18 2 0 470 0 28 0 0 0 0 0 0 0 0 0 0 0 0 0 0 0
20230509 17:24:08.701 13 0 5 0 0 0 0 82 18 0 0 3800 4640 0 573 2 2.54 2.38 3.18 2 0 730 0 43 0 0 0 0 0 0 0 0 0 0 0 0 0 0 0
20230509 17:24:08.801 12 0 0 1 0 1 0 86 13 0 0 2000 630 0 573 2 2.54 2.38 3.18 2 0 830 0 49 0 0 0 0 0 0 0 70 70 0 1080 1080 0 200 200
20230509 17:24:08.901 11 0 4 0 0 0 0 85 15 0 0 1750 4340 0 573 3 2.54 2.38 3.18 6 0 660 0 39 0 0 0 0 0 0 0 0 0 0 0 0 0 0 0
20230509 17:24:09.001 10 0 6 0 0 1 0 83 17 0 0 3330 1500 0 573 2 2.50 2.38 3.17 2 0 800 0 47 0 0 0 0 0 0 0 0 0 0 0 0 0 0 0
20230509 17:24:09.101 12 0 1 0 0 1 0 87 13 0 0 1640 390 0 573 2 2.50 2.38 3.17 3 0 680 0 40 0 0 10 0 0 0 0 0 0 0 0 0 0 0 0
20230509 17:24:09.201 12 0 0 0 0 0 0 88 12 0 0 1410 310 0 573 2 2.50 2.38 3.17 2 0 390 0 23 0 0 0 0 0 0 0 0 0 0 0 0 0 0 0
20230509 17:24:09.301 12 0 1 0 0 1 0 86 14 0 0 1570 210 0 573 2 2.50 2.38 3.17 3 0 650 0 38 0 0 0 0 0 0 0 0 0 0 0 0 0 0 0
20230509 17:24:09.401 11 0 8 0 0 0 0 82 18 0 0 3800 8410 0 573 2 2.50 2.38 3.17 2 0 550 0 32 0 0 10 0 0 0 0 0 0 0 0 0 0 0 0
20230509 17:24:09.501 9 0 4 0 0 0 0 87 13 0 0 1260 300 0 573 2 2.50 2.38 3.17 2 0 270 0 16 0 0 0 0 0 0 0 0 0 0 0 0 0 0 0
20230509 17:24:09.601 11 0 2 0 0 1 0 87 13 0 0 1570 1630 0 573 2 2.50 2.38 3.17 2 0 580 0 34 0 0 10 0 0 0 0 0 0 0 0 0 0 0 0
20230509 17:24:09.701 12 0 8 0 0 0 0 80 20 0 0 3800 6460 0 573 2 2.50 2.38 3.17 2 0 960 0 56 0 0 0 0 0 0 0 0 0 0 0 0 0 0 0
20230509 17:24:09.801 11 0 2 0 0 0 0 87 13 0 0 1730 540 0 573 2 2.50 2.38 3.17 2 0 610 0 36 0 0 0 0 0 0 0 0 0 0 0 0 0 0 0
20230509 17:24:09.901 12 0 4 0 0 0 0 84 16 0 0 2390 4450 0 573 2 2.50 2.38 3.17 7 0 900 0 53 0 0 0 0 0 0 0 0 0 0 0 0 0 0 0
20230509 17:24:10.001 12 0 5 4 0 1 0 78 18 0 0 4730 3480 0 573 3 2.50 2.38 3.17 2 1 700 0 41 0 0 0 0 0 0 0 2130 2130 0 655361 655361 0 750 750
20230509 17:24:10.101 12 0 4 4 0 1 0 80 17 0 0 5060 2080 0 573 2 2.50 2.38 3.17 2 1 440 0 26 0 0 0 0 0 0 0 3210 3210 0 753559 753559 0 210 210
20230509 17:24:10.201 12 0 1 6 0 1 0 81 13 0 0 2000 410 0 573 2 2.50 2.38 3.17 2 1 750 0 44 0 0 0 0 0 0 0 150 150 0 125440 125440 0 130 130
20230509 17:24:10.301 12 0 1 6 0 0 0 81 13 0 0 1550 350 0 573 2 2.50 2.38 3.17 2 1 410 0 24 0 0 0 0 0 0 0 90 90 0 85760 85760 0 20 20
20230509 17:24:10.401 11 0 8 6 0 0 0 76 18 0 0 3940 9550 0 573 2 2.50 2.38 3.17 2 1 390 0 23 0 0 20 0 0 0 0 70 70 0 74240 74240 0 0 0
20230509 17:24:10.501 9 0 4 6 0 0 0 81 13 0 0 1680 280 0 573 2 2.50 2.38 3.17 2 1 780 0 46 0 0 0 0 0 0 0 120 120 0 117760 117760 0 0 0
20230509 17:24:10.601 9 0 3 6 0 1 0 82 13 0 0 1620 180 0 573 2 2.50 2.38 3.17 2 1 570 0 33 0 0 0 0 0 0 0 80 80 0 81920 81920 0 0 0
20230509 17:24:10.701 12 0 9 6 0 0 0 72 21 0 0 3980 6080 0 573 2 2.50 2.38 3.17 2 1 680 0 40 0 0 0 0 0 0 0 80 80 0 87040 87040 0 0 0
20230509 17:24:10.801 13 0 0 6 0 0 0 82 13 0 0 2290 540 0 573 3 2.50 2.38 3.17 3 0 700 0 41 0 0 0 0 0 0 0 710 710 0 158720 158720 0 40 40
20230509 17:24:10.901 12 0 4 6 0 0 0 78 16 0 0 2190 4640 0 573 2 2.50 2.38 3.17 9 1 490 0 29 0 0 0 0 0 0 0 330 330 0 196040 196040 0 10 10
20230509 17:24:11.001 2 0 5 6 0 0 0 88 7 0 0 2490 1650 0 573 0 2.50 2.38 3.17 0 1 890 0 52 0 0 0 0 0 0 0 80 80 0 84480 84480 0 0 0
20230509 17:24:11.101 0 0 1 6 0 0 0 93 1 0 0 870 180 0 573 0 2.50 2.38 3.17 0 1 640 0 37 0 0 0 0 0 0 0 80 80 0 78080 78080 0 0 0
20230509 17:24:11.201 0 0 1 6 0 0 0 93 1 0 0 930 570 0 573 3 2.50 2.38 3.17 3 1 570 0 33 0 0 20 0 0 0 0 110 110 0 102920 102920 0 120 120
20230509 17:24:11.301 12 0 2 11 0 0 0 75 14 0 0 1460 280 0 573 2 2.50 2.38 3.17 2 2 650 0 38 0 0 0 0 0 0 0 0 0 0 0 0 0 0 0
20230509 17:24:11.401 13 0 14 10 0 0 0 63 27 0 0 4470 11520 0 573 2 2.50 2.38 3.17 2 2 820 0 48 0 0 0 0 0 0 0 180 180 0 184320 184320 0 0 0
20230509 17:24:11.501 13 0 1 12 0 0 0 74 14 0 0 1700 260 0 573 2 2.50 2.38 3.17 2 2 600 0 35 0 0 0 0 0 0 0 100 100 0 102400 102400 0 0 0
20230509 17:24:11.601 9 0 3 12 0 1 0 75 13 0 0 1870 1290 0 573 2 2.50 2.38 3.17 2 2 740 0 43 0 0 0 0 0 0 0 190 190 0 197120 197120 0 0 0
20230509 17:24:11.701 13 0 9 6 0 0 0 73 22 0 0 4450 7870 0 573 2 2.50 2.38 3.17 2 1 710 0 42 0 0 10 0 0 0 0 320 320 0 314920 314920 0 0 0
20230509 17:24:11.801 12 0 1 5 0 1 0 81 14 0 0 2850 950 0 573 3 2.50 2.38 3.17 3 0 610 0 36 0 0 0 0 0 0 0 1320 1320 0 617839 617839 0 80 80
20230509 17:24:11.901 11 0 8 3 0 0 0 78 19 0 0 5250 5400 0 573 3 2.50 2.38 3.17 9 0 620 30 37 2 0 0 0 0 0 0 3160 3160 0 1241321 1241321 0 90 90
20230509 17:24:12.001 11 0 7 4 0 0 0 78 18 0 0 4520 1570 0 573 2 2.50 2.38 3.17 2 1 890 0 52 0 0 0 0 0 0 0 1520 1520 0 1185921 1185921 0 40 40
20230509 17:24:12.101 11 0 6 2 0 0 0 81 17 0 0 2640 850 0 573 2 2.50 2.38 3.17 3 1 670 0 39 0 0 0 0 0 0 0 1080 1080 0 1059478 1059478 0 590 590
20230509 17:24:12.201 10 0 4 4 0 1 0 80 16 0 0 5060 800 0 573 2 2.50 2.38 3.17 3 1 790 0 46 0 0 0 0 0 0 0 3420 3420 0 1233241 1233241 0 60 60
20230509 17:24:12.301 11 0 5 3 0 0 0 81 16 0 0 7060 2880 0 573 3 2.50 2.38 3.17 5 0 610 0 36 0 0 0 0 0 0 0 5260 5260 0 1056678 1056678 0 60 60
20230509 17:24:12.401 13 0 6 4 0 1 0 76 19 0 0 6150 12090 0 573 2 2.50 2.38 3.17 2 1 610 0 36 0 0 20 0 0 0 0 2340 2340 0 1217961 1217961 0 180 180
20230509 17:24:12.501 11 0 5 3 0 0 0 81 16 0 0 4130 460 0 573 2 2.50 2.38 3.17 2 1 540 0 32 0 0 0 0 0 0 0 2480 2480 0 1048521 1048521 0 100 100
20230509 17:24:12.601 12 0 4 2 0 2 0 80 19 0 0 4290 1630 0 573 2 2.50 2.38 3.17 2 1 550 10 32 1 0 0 0 0 0 0 2120 2120 0 1240198 1240198 0 10 10
20230509 17:24:12.701 13 0 14 3 0 1 0 70 27 0 0 5340 8690 0 573 3 2.50 2.38 3.17 3 0 590 0 35 0 0 10 0 0 0 0 2010 2010 0 1036081 1036081 0 450 450
20230509 17:24:12.801 12 0 2 4 0 2 0 79 17 0 0 3900 660 0 573 2 2.50 2.38 3.17 2 1 730 0 43 0 0 0 0 0 0 0 1950 1950 0 1248118 1248118 0 70 70
20230509 17:24:12.901 13 0 6 2 0 1 0 79 19 0 0 4810 3080 0 573 4 2.50 2.38 3.17 10 1 1010 0 59 0 0 20 0 0 0 0 2420 2420 0 1161921 1161921 0 290 290
20230509 17:24:13.001 12 0 2 6 0 1 0 78 16 0 0 3170 2730 0 573 2 2.50 2.38 3.17 2 1 710 0 42 0 0 0 0 0 0 0 210 210 0 101120 101120 0 0 0
20230509 17:24:13.101 12 0 1 6 0 0 0 81 14 0 0 2050 280 0 573 2 2.50 2.38 3.17 2 1 830 0 49 0 0 0 0 0 0 0 270 270 0 97600 97600 0 10 10
20230509 17:24:13.201 12 0 1 6 0 0 0 81 13 0 0 1640 240 0 573 2 2.50 2.38 3.17 2 1 540 0 32 0 0 20 0 0 0 0 90 90 0 78080 78080 0 0 0
20230509 17:24:13.301 11 0 2 6 0 1 0 81 14 0 0 1390 300 0 573 2 2.50 2.38 3.17 2 1 330 0 19 0 0 0 0 0 0 0 80 80 0 80640 80640 0 0 0
20230509 17:24:13.401 13 0 6 6 0 0 0 74 19 0 0 4160 11140 0 573 2 2.50 2.38 3.17 2 1 680 0 40 0 0 20 0 0 0 0 120 120 0 122880 122880 0 0 0
20230509 17:24:13.501 13 0 0 6 0 0 0 82 13 0 0 1470 260 0 573 2 2.50 2.38 3.17 2 1 420 0 25 0 0 0 0 0 0 0 120 120 0 122880 122880 0 0 0
20230509 17:24:13.601 11 0 2 6 0 0 0 81 13 0 0 1510 2400 0 573 2 2.50 2.38 3.17 2 1 420 0 25 0 0 0 0 0 0 0 80 80 0 81920 81920 0 210 210
20230509 17:24:13.701 11 0 8 6 0 1 0 75 20 0 0 3960 6570 0 573 2 2.50 2.38 3.17 3 1 770 0 45 0 0 20 0 0 0 0 200 200 0 197920 197920 0 0 0
20230509 17:24:13.801 12 0 1 9 0 0 0 78 13 0 0 1810 610 0 573 2 2.50 2.38 3.17 2 2 640 0 37 0 0 0 0 0 0 0 130 130 0 119680 119680 0 0 0
20230509 17:24:13.901 12 0 4 3 0 1 0 81 16 0 0 2580 2390 0 573 9 2.50 2.38 3.17 10 2 720 0 42 0 0 10 0 0 0 0 210 210 0 99200 99200 0 1730 1730
20230509 17:24:14.001 13 0 2 12 0 0 0 72 15 0 0 2800 3920 0 573 2 2.62 2.40 3.17 2 2 520 0 30 0 0 0 0 0 0 0 40 40 0 48640 48640 0 0 0
20230509 17:24:14.101 12 0 1 12 0 1 0 75 13 0 0 1570 260 0 573 2 2.62 2.40 3.17 2 2 540 0 32 0 0 0 0 0 0 0 110 110 0 117760 117760 0 0 0
20230509 17:24:14.201 9 0 3 12 0 0 0 75 13 0 0 1770 320 0 573 2 2.62 2.40 3.17 2 2 580 0 34 0 0 0 0 0 0 0 100 100 0 120320 120320 0 0 0
20230509 17:24:14.301 11 0 2 12 0 0 0 74 13 0 0 1760 280 0 573 2 2.62 2.40 3.17 2 2 720 0 42 0 0 0 0 0 0 0 100 100 0 113920 113920 0 0 0
20230509 17:24:14.401 10 0 10 11 0 0 0 69 20 0 0 3610 9720 0 573 2 2.62 2.40 3.17 2 2 360 0 21 0 0 0 0 0 0 0 120 120 0 143360 143360 0 0 0
20230509 17:24:14.501 5 0 5 4 0 0 0 85 10 0 0 2010 3510 0 572 1 2.62 2.40 3.17 1 1 910 0 53 0 0 0 0 0 0 0 340 340 0 312360 312360 0 1460 1460
20230509 17:24:14.601 6 0 2 6 0 0 0 87 7 0 0 2040 420 0 572 1 2.62 2.40 3.17 1 1 600 0 35 0 0 0 0 0 0 0 670 670 0 615559 615559 0 1240 1240
20230509 17:24:14.701 8 0 13 1 0 0 0 79 20 0 0 5120 9380 0 571 1 2.62 2.40 3.17 1 0 580 10 34 2 0 0 0 0 0 0 1560 1560 0 675921 675921 0 1230 1230
20230509 17:24:14.801 1 0 6 0 0 0 0 93 7 0 0 1890 880 0 571 1 2.62 2.40 3.17 1 0 720 10 42 1 0 0 0 0 0 0 0 0 0 0 0 0 0 0
20230509 17:24:14.901 0 0 9 0 0 0 0 91 9 0 0 2450 3150 0 571 11 2.62 2.40 3.17 15 0 930 10 55 1 0 0 0 0 0 0 0 0 0 0 0 0 0 0
20230509 17:24:15.001 1 0 12 0 0 0 0 88 12 0 0 5010 4230 0 571 1 2.62 2.40 3.17 1 0 740 0 43 0 0 0 0 0 0 0 0 0 0 0 0 0 0 0
20230509 17:24:15.101 1 0 6 0 0 1 0 92 8 0 0 2450 1750 0 571 1 2.62 2.40 3.17 1 0 590 0 35 0 0 0 0 0 0 0 0 0 0 0 0 0 0 0
20230509 17:24:15.201 1 0 6 0 0 0 0 93 7 0 0 1770 380 0 571 1 2.62 2.40 3.17 1 0 680 0 40 0 0 10 0 0 0 0 0 0 0 0 0 0 0 0
20230509 17:24:15.301 0 0 6 0 0 0 0 94 6 0 0 1260 400 0 571 1 2.62 2.40 3.17 1 0 560 0 33 0 0 0 0 0 0 0 0 0 0 0 0 0 0 0
20230509 17:24:15.401 2 0 12 0 0 0 0 86 14 0 0 5010 10080 0 571 1 2.62 2.40 3.17 1 0 860 0 50 0 0 0 0 0 0 0 0 0 0 0 0 0 0 0
20230509 17:24:15.501 1 0 6 0 0 1 0 93 7 0 0 4790 390 0 571 1 2.62 2.40 3.17 1 0 840 0 49 0 0 0 0 0 0 0 0 0 0 0 0 0 0 0
20230509 17:24:15.601 1 0 6 0 0 0 0 93 7 0 0 1530 1560 0 571 1 2.62 2.40 3.17 1 0 540 0 32 0 0 0 0 0 0 0 0 0 0 0 0 0 0 0
20230509 17:24:15.701 3 0 23 0 0 0 0 74 26 0 0 5430 10220 40 571 2 2.62 2.40 3.17 2 0 690 0 40 0 0 10 0 0 0 0 0 0 0 0 0 0 0 0
20230509 17:24:15.801 1 0 8 0 0 0 0 92 8 0 0 4680 1310 80 574 1 2.62 2.40 3.17 1 0 790 0 46 0 0 0 0 0 0 0 0 0 0 0 0 0 0 0
20230509 17:24:15.901 2 0 9 0 0 0 0 89 11 0 0 3540 4670 30 574 5 2.62 2.40 3.17 10 0 440 50 26 7 0 20 0 0 0 0 0 0 0 0 0 0 0 0
